['s1'] [[1.10800000e+03 6.42706457e-01 3.51268434e-01]
 [2.40000000e+02 6.86042073e-01 2.94222402e-01]
 [1.67400000e+03 5.70182377e-01 2.87558516e-01]
 [2.48000000e+02 4.28932260e-01 2.96043830e-01]
 [1.63000000e+03 4.74157660e-01 2.56667733e-01]
 [1.59400000e+03 3.52971094e-01 2.35901334e-01]
 [2.40000000e+01 7.03618977e-01 2.83082873e-01]
 [1.46700000e+03 6.03853384e-01 3.03643411e-01]
 [7.62000000e+02 3.32664945e-01 3.08213804e-01]
 [1.55600000e+03 4.90323647e-01 2.56944237e-01]
 [1.59700000e+03 4.70036947e-01 2.13474947e-01]
 [6.67000000e+02 2.02068356e-01 2.27664654e-01]
 [9.96000000e+02 5.26776574e-01 1.79964963e-01]
 [1.66100000e+03 2.54820082e-01 1.70008148e-01]
 [7.90000000e+01 5.08176931e-01 2.06673111e-01]]
['s10'] [[9.50000000e+01 7.13292128e-01 3.65443714e-01]
 [8.99000000e+02 5.39537369e-01 2.88362295e-01]
 [9.07000000e+02 5.35483957e-01 3.19226524e-01]
 [2.40000000e+01 7.03618977e-01 2.77515061e-01]
 [9.63000000e+02 5.74663737e-01 3.08168711e-01]
 [1.33200000e+03 5.23793132e-01 2.71597421e-01]
 [1.59700000e+03 4.70036947e-01 2.56941056e-01]
 [1.46700000e+03 6.03853384e-01 2.80065208e-01]
 [1.10800000e+03 6.42706457e-01 2.69463295e-01]
 [4.23000000e+02 6.58833704e-01 2.64488169e-01]
 [1.11600000e+03 4.36751071e-01 2.55144275e-01]
 [9.32000000e+02 5.05860738e-01 2.52453073e-01]
 [7.39000000e+02 4.87064242e-01 2.26322003e-01]
 [2.40000000e+01 7.03618977e-01 2.14096782e-01]
 [1.59400000e+03 3.52971094e-01 2.21490080e-01]]
['s11'] [[1.10800000e+03 6.42706457e-01 2.68791524e-01]
 [6.68000000e+02 4.78862651e-01 2.51880648e-01]
 [7.08000000e+02 4.49677891e-01 2.42127806e-01]
 [2.40000000e+01 7.03618977e-01 2.51294109e-01]
 [9.50000000e+01 7.13292128e-01 2.60489723e-01]
 [2.48000000e+02 4.28932260e-01 2.55418343e-01]
 [9.32000000e+02 5.05860738e-01 2.35096301e-01]
 [1.12000000e+02 2.61386073e-01 2.12274898e-01]
 [1.59400000e+03 3.52971094e-01 2.25466799e-01]
 [1.46700000e+03 6.03853384e-01 2.31802643e-01]
 [1.67700000e+03 4.13410371e-01 2.65811611e-01]
 [9.07000000e+02 5.35483957e-01 2.07207418e-01]
 [9.96000000e+02 5.26776574e-01 2.15961894e-01]
 [2.35000000e+02 4.98132114e-01 2.18691779e-01]
 [1.11600000e+03 4.36751071e-01 2.39093886e-01]]
['s12'] [[2.40000000e+02 6.86042073e-01 4.08854938e-01]
 [1.67400000e+03 5.70182377e-01 2.50956084e-01]
 [2.40000000e+01 7.03618977e-01 2.71101142e-01]
 [1.59700000e+03 4.70036947e-01 2.96217473e-01]
 [9.50000000e+01 7.13292128e-01 2.43987470e-01]
 [1.24300000e+03 5.58092992e-01 2.31283061e-01]
 [3.24000000e+02 3.53954516e-01 2.53963751e-01]
 [1.01100000e+03 5.84719266e-01 2.18640966e-01]
 [2.40000000e+01 7.03618977e-01 2.42919259e-01]
 [2.35000000e+02 4.98132114e-01 2.01058769e-01]
 [1.57100000e+03 3.47603784e-01 2.03757020e-01]
 [4.23000000e+02 6.58833704e-01 2.12840557e-01]
 [1.59400000e+03 3.52971094e-01 2.50586908e-01]
 [7.71000000e+02 1.95168997e-01 1.84445286e-01]
 [8.99000000e+02 5.39537369e-01 1.91340234e-01]]
['s13'] [[9.50000000e+01 7.13292128e-01 2.82264876e-01]
 [1.59400000e+03 3.52971094e-01 2.43726877e-01]
 [1.28000000e+02 6.10081504e-01 2.79562158e-01]
 [4.23000000e+02 6.58833704e-01 2.36709439e-01]
 [1.67400000e+03 5.70182377e-01 2.39575599e-01]
 [1.59700000e+03 4.70036947e-01 2.31625685e-01]
 [2.40000000e+01 7.03618977e-01 2.33610573e-01]
 [1.01100000e+03 5.84719266e-01 2.16350853e-01]
 [7.71000000e+02 1.95168997e-01 2.06556140e-01]
 [1.01900000e+03 5.84482375e-01 2.25312345e-01]
 [1.59400000e+03 3.52971094e-01 2.60402463e-01]
 [1.34000000e+03 5.00564788e-01 1.93059460e-01]
 [1.33200000e+03 5.23793132e-01 2.23022098e-01]
 [1.24300000e+03 5.58092992e-01 2.35279271e-01]
 [7.90000000e+01 5.08176931e-01 1.81505210e-01]]
['s14'] [[9.50000000e+01 7.13292128e-01 2.55412812e-01]
 [2.40000000e+01 7.03618977e-01 2.66108397e-01]
 [7.08000000e+02 4.49677891e-01 2.65007521e-01]
 [1.13100000e+03 5.67069929e-01 2.34256198e-01]
 [1.10800000e+03 6.42706457e-01 2.17229964e-01]
 [1.01100000e+03 5.84719266e-01 1.88283394e-01]
 [9.32000000e+02 5.05860738e-01 1.97187028e-01]
 [1.22800000e+03 4.94266829e-01 1.76152661e-01]
 [8.39000000e+02 5.07719750e-01 1.67801928e-01]
 [9.96000000e+02 5.26776574e-01 1.75538424e-01]
 [1.59400000e+03 3.52971094e-01 1.69135596e-01]
 [1.53600000e+03 4.11092715e-01 1.44880500e-01]
 [2.40000000e+01 7.03618977e-01 1.66207968e-01]
 [1.57100000e+03 3.47603784e-01 1.47085168e-01]
 [2.48000000e+02 4.28932260e-01 1.71488995e-01]]
['s15'] [[9.50000000e+01 7.13292128e-01 4.53778468e-01]
 [2.40000000e+02 6.86042073e-01 4.10190809e-01]
 [1.10800000e+03 6.42706457e-01 3.33602676e-01]
 [1.67400000e+03 5.70182377e-01 3.12669071e-01]
 [1.59400000e+03 3.52971094e-01 3.37270230e-01]
 [1.24300000e+03 5.58092992e-01 2.73825557e-01]
 [9.96000000e+02 5.26776574e-01 2.59314237e-01]
 [2.40000000e+01 7.03618977e-01 2.49728422e-01]
 [6.23000000e+02 5.24369252e-01 2.42964757e-01]
 [7.72000000e+02 4.76146668e-01 2.42418462e-01]
 [4.23000000e+02 6.58833704e-01 2.38069754e-01]
 [5.88000000e+02 3.59684678e-01 2.35942588e-01]
 [9.07000000e+02 5.35483957e-01 2.00118687e-01]
 [2.40000000e+02 6.86042073e-01 1.99921335e-01]
 [1.46700000e+03 6.03853384e-01 2.36276496e-01]]
['s16'] [[9.50000000e+01 7.13292128e-01 3.94228680e-01]
 [2.40000000e+01 7.03618977e-01 2.40919057e-01]
 [8.99000000e+02 5.39537369e-01 2.07040166e-01]
 [1.10000000e+01 5.64328232e-01 2.19697076e-01]
 [9.07000000e+02 5.35483957e-01 2.21100760e-01]
 [4.23000000e+02 6.58833704e-01 2.09136461e-01]
 [1.67400000e+03 5.70182377e-01 2.45052811e-01]
 [1.59400000e+03 3.52971094e-01 2.42601303e-01]
 [1.46700000e+03 6.03853384e-01 2.53730728e-01]
 [1.34000000e+03 5.00564788e-01 2.50820267e-01]
 [3.11000000e+02 6.61463622e-01 1.86274477e-01]
 [9.63000000e+02 5.74663737e-01 1.98228598e-01]
 [1.11600000e+03 4.36751071e-01 1.98262624e-01]
 [1.10800000e+03 6.42706457e-01 2.00383790e-01]
 [1.22800000e+03 4.94266829e-01 1.86160587e-01]]
['s17'] [[2.40000000e+02 6.86042073e-01 4.08854938e-01]
 [7.90000000e+01 5.08176931e-01 3.75399609e-01]
 [1.01100000e+03 5.84719266e-01 3.62083510e-01]
 [9.63000000e+02 5.74663737e-01 3.28341456e-01]
 [8.39000000e+02 5.07719750e-01 3.04367423e-01]
 [2.40000000e+01 7.03618977e-01 3.17372710e-01]
 [6.68000000e+02 4.78862651e-01 3.15204440e-01]
 [4.23000000e+02 6.58833704e-01 3.08986208e-01]
 [1.63000000e+03 4.74157660e-01 2.62775103e-01]
 [1.45200000e+03 4.83187068e-01 2.63783274e-01]
 [7.71000000e+02 1.95168997e-01 2.88097822e-01]
 [1.10800000e+03 6.42706457e-01 2.74741596e-01]
 [1.45900000e+03 5.54304883e-01 2.35774425e-01]
 [5.88000000e+02 3.59684678e-01 2.69343483e-01]
 [1.01100000e+03 5.84719266e-01 2.11419370e-01]]
['s18'] [[1.10800000e+03 6.42706457e-01 2.95838886e-01]
 [8.99000000e+02 5.39537369e-01 2.50196175e-01]
 [2.40000000e+01 7.03618977e-01 2.63123059e-01]
 [1.57100000e+03 3.47603784e-01 2.54455552e-01]
 [1.59400000e+03 3.52971094e-01 2.32409186e-01]
 [1.01100000e+03 5.84719266e-01 2.48751664e-01]
 [9.50000000e+01 7.13292128e-01 2.47743766e-01]
 [1.23500000e+03 5.91079255e-01 2.27554534e-01]
 [2.48000000e+02 4.28932260e-01 1.80339002e-01]
 [4.51000000e+02 4.88654514e-01 1.83591984e-01]
 [6.75000000e+02 5.26898305e-01 1.83211837e-01]
 [1.46700000e+03 6.03853384e-01 1.66414688e-01]
 [2.40000000e+01 7.03618977e-01 1.89829199e-01]
 [1.34000000e+03 5.00564788e-01 1.80564829e-01]
 [4.23000000e+02 6.58833704e-01 1.70877582e-01]]
['s19'] [[8.99000000e+02 5.39537369e-01 2.55412812e-01]
 [9.07000000e+02 5.35483957e-01 2.58971542e-01]
 [9.50000000e+01 7.13292128e-01 2.28736517e-01]
 [1.59400000e+03 3.52971094e-01 2.59568047e-01]
 [2.40000000e+01 7.03618977e-01 2.95716347e-01]
 [1.46700000e+03 6.03853384e-01 2.83449520e-01]
 [6.92000000e+02 3.28709809e-01 2.52831160e-01]
 [1.34000000e+03 5.00564788e-01 2.23641858e-01]
 [1.59700000e+03 4.70036947e-01 2.18035298e-01]
 [1.67400000e+03 5.70182377e-01 1.88130523e-01]
 [4.23000000e+02 6.58833704e-01 1.97619121e-01]
 [1.66100000e+03 2.54820082e-01 2.07699661e-01]
 [3.24000000e+02 3.53954516e-01 1.87963894e-01]
 [9.07000000e+02 5.35483957e-01 1.93246884e-01]
 [1.62600000e+03 5.04442098e-01 1.84743469e-01]]
['s2'] [[9.07000000e+02 5.35483957e-01 2.82264876e-01]
 [9.50000000e+01 7.13292128e-01 2.80272792e-01]
 [1.59400000e+03 3.52971094e-01 2.79465840e-01]
 [2.40000000e+01 7.03618977e-01 2.74270680e-01]
 [9.63000000e+02 5.74663737e-01 2.87486539e-01]
 [1.11600000e+03 4.36751071e-01 2.38483194e-01]
 [1.10800000e+03 6.42706457e-01 2.24242365e-01]
 [1.45200000e+03 4.83187068e-01 2.31549688e-01]
 [1.01100000e+03 5.84719266e-01 2.31345221e-01]
 [1.46700000e+03 6.03853384e-01 2.37394688e-01]
 [3.39000000e+02 4.94540130e-01 2.30355649e-01]
 [7.87000000e+02 5.31333494e-01 2.15144853e-01]
 [5.88000000e+02 3.59684678e-01 2.21268694e-01]
 [8.99000000e+02 5.39537369e-01 2.50033270e-01]
 [2.40000000e+02 6.86042073e-01 1.76326144e-01]]
['s20'] [[2.40000000e+01 7.03618977e-01 3.37227510e-01]
 [9.50000000e+01 7.13292128e-01 3.48146772e-01]
 [9.07000000e+02 5.35483957e-01 2.76924687e-01]
 [1.10800000e+03 6.42706457e-01 2.48163426e-01]
 [1.11600000e+03 4.36751071e-01 2.84484638e-01]
 [1.34000000e+03 5.00564788e-01 2.79884373e-01]
 [8.99000000e+02 5.39537369e-01 2.52488688e-01]
 [8.39000000e+02 5.07719750e-01 2.62570711e-01]
 [1.33200000e+03 5.23793132e-01 2.51606300e-01]
 [1.65800000e+03 5.20421444e-01 2.05997355e-01]
 [2.40000000e+02 6.86042073e-01 2.07946784e-01]
 [1.67400000e+03 5.70182377e-01 2.08945237e-01]
 [1.63000000e+03 4.74157660e-01 1.81523872e-01]
 [6.92000000e+02 3.28709809e-01 1.70526550e-01]
 [8.54000000e+02 4.19618521e-01 1.70039495e-01]]
['s3'] [[1.67400000e+03 5.70182377e-01 3.37227510e-01]
 [2.40000000e+01 7.03618977e-01 3.69550975e-01]
 [9.50000000e+01 7.13292128e-01 3.23638278e-01]
 [9.07000000e+02 5.35483957e-01 3.45887549e-01]
 [8.39000000e+02 5.07719750e-01 2.71453242e-01]
 [1.46700000e+03 6.03853384e-01 2.70098470e-01]
 [1.59400000e+03 3.52971094e-01 2.45386957e-01]
 [9.63000000e+02 5.74663737e-01 1.92878358e-01]
 [1.11600000e+03 4.36751071e-01 2.20620676e-01]
 [8.99000000e+02 5.39537369e-01 2.38879118e-01]
 [1.45200000e+03 4.83187068e-01 2.14055925e-01]
 [2.40000000e+01 7.03618977e-01 2.09775851e-01]
 [1.01100000e+03 5.84719266e-01 1.76449040e-01]
 [1.01900000e+03 5.84482375e-01 2.29067194e-01]
 [9.96000000e+02 5.26776574e-01 1.90871914e-01]]
['s4'] [[9.50000000e+01 7.13292128e-01 2.82264876e-01]
 [2.40000000e+01 7.03618977e-01 2.43368347e-01]
 [1.01100000e+03 5.84719266e-01 2.45060275e-01]
 [1.01900000e+03 5.84482375e-01 2.39587776e-01]
 [1.59400000e+03 3.52971094e-01 2.90408117e-01]
 [1.57100000e+03 3.47603784e-01 2.88017672e-01]
 [6.68000000e+02 4.78862651e-01 2.88048529e-01]
 [9.96000000e+02 5.26776574e-01 2.17518368e-01]
 [1.01100000e+03 5.84719266e-01 2.12038799e-01]
 [1.01900000e+03 5.84482375e-01 1.90244320e-01]
 [5.04000000e+02 4.99033934e-01 1.71336483e-01]
 [8.99000000e+02 5.39537369e-01 1.99122968e-01]
 [2.95000000e+02 5.42608432e-01 1.97243653e-01]
 [1.34700000e+03 5.17412845e-01 1.84432585e-01]
 [1.59700000e+03 4.70036947e-01 1.59502684e-01]]
['s5'] [[2.40000000e+02 6.86042073e-01 3.51268434e-01]
 [1.46700000e+03 6.03853384e-01 3.69095652e-01]
 [4.23000000e+02 6.58833704e-01 3.49819073e-01]
 [2.48000000e+02 4.28932260e-01 3.23515196e-01]
 [2.40000000e+01 7.03618977e-01 2.78066830e-01]
 [1.67400000e+03 5.70182377e-01 2.56640950e-01]
 [8.99000000e+02 5.39537369e-01 2.46754973e-01]
 [8.39000000e+02 5.07719750e-01 2.17016541e-01]
 [9.07000000e+02 5.35483957e-01 2.05007560e-01]
 [1.13100000e+03 5.67069929e-01 2.25646089e-01]
 [1.59700000e+03 4.70036947e-01 1.95999550e-01]
 [1.01900000e+03 5.84482375e-01 2.32426731e-01]
 [1.66100000e+03 2.54820082e-01 2.32776451e-01]
 [9.96000000e+02 5.26776574e-01 2.00169919e-01]
 [6.75000000e+02 5.26898305e-01 1.87207741e-01]]
['s6'] [[9.50000000e+01 7.13292128e-01 4.53778468e-01]
 [2.40000000e+01 7.03618977e-01 4.29656623e-01]
 [9.07000000e+02 5.35483957e-01 3.32099846e-01]
 [1.10800000e+03 6.42706457e-01 3.21698880e-01]
 [1.67400000e+03 5.70182377e-01 2.79330320e-01]
 [7.90000000e+01 5.08176931e-01 2.50011585e-01]
 [1.59400000e+03 3.52971094e-01 2.64596883e-01]
 [4.23000000e+02 6.58833704e-01 2.51023583e-01]
 [1.13100000e+03 5.67069929e-01 2.57447337e-01]
 [1.01900000e+03 5.84482375e-01 2.68426093e-01]
 [1.01100000e+03 5.84719266e-01 2.61910780e-01]
 [1.62600000e+03 5.04442098e-01 2.03684100e-01]
 [8.99000000e+02 5.39537369e-01 2.26103782e-01]
 [1.57100000e+03 3.47603784e-01 2.17181619e-01]
 [2.40000000e+01 7.03618977e-01 2.21584260e-01]]
['s7'] [[1.67400000e+03 5.70182377e-01 3.37227510e-01]
 [7.90000000e+01 5.08176931e-01 2.78847295e-01]
 [6.68000000e+02 4.78862651e-01 3.10446433e-01]
 [2.40000000e+01 7.03618977e-01 2.82754739e-01]
 [8.99000000e+02 5.39537369e-01 3.03736360e-01]
 [9.50000000e+01 7.13292128e-01 2.60224640e-01]
 [1.10800000e+03 6.42706457e-01 2.08088026e-01]
 [2.48000000e+02 4.28932260e-01 1.80930943e-01]
 [9.63000000e+02 5.74663737e-01 1.87065917e-01]
 [4.51000000e+02 4.88654514e-01 1.97926227e-01]
 [1.24300000e+03 5.58092992e-01 2.03785593e-01]
 [1.59300000e+03 5.36889975e-01 2.05333780e-01]
 [7.71000000e+02 1.95168997e-01 1.93858116e-01]
 [1.15000000e+02 4.48965983e-01 1.85495790e-01]
 [1.11600000e+03 4.36751071e-01 1.76468652e-01]]
['s8'] [[9.50000000e+01 7.13292128e-01 3.94228680e-01]
 [2.48000000e+02 4.28932260e-01 3.15524488e-01]
 [6.68000000e+02 4.78862651e-01 3.01777550e-01]
 [2.40000000e+01 7.03618977e-01 2.75366222e-01]
 [8.99000000e+02 5.39537369e-01 2.36362297e-01]
 [8.39000000e+02 5.07719750e-01 2.45684963e-01]
 [1.10000000e+01 5.64328232e-01 2.39107889e-01]
 [9.07000000e+02 5.35483957e-01 2.36360911e-01]
 [7.71000000e+02 1.95168997e-01 2.17995059e-01]
 [1.10800000e+03 6.42706457e-01 2.52655917e-01]
 [1.67400000e+03 5.70182377e-01 2.14027668e-01]
 [1.59400000e+03 3.52971094e-01 2.09052550e-01]
 [3.11000000e+02 6.61463622e-01 1.87854810e-01]
 [1.46700000e+03 6.03853384e-01 1.95442419e-01]
 [7.90000000e+01 5.08176931e-01 1.75797367e-01]]
['s9'] [[2.40000000e+02 6.86042073e-01 3.51268434e-01]
 [1.67400000e+03 5.70182377e-01 2.65076012e-01]
 [9.07000000e+02 5.35483957e-01 2.77598350e-01]
 [4.23000000e+02 6.58833704e-01 2.98794530e-01]
 [3.24000000e+02 3.53954516e-01 3.60525923e-01]
 [2.40000000e+01 7.03618977e-01 2.77291647e-01]
 [1.46700000e+03 6.03853384e-01 2.64950980e-01]
 [1.59400000e+03 3.52971094e-01 2.60032750e-01]
 [1.01100000e+03 5.84719266e-01 2.52931170e-01]
 [9.96000000e+02 5.26776574e-01 2.51624195e-01]
 [1.55600000e+03 4.90323647e-01 2.58464044e-01]
 [2.48000000e+02 4.28932260e-01 2.58380694e-01]
 [9.50000000e+01 7.13292128e-01 2.29685169e-01]
 [6.92000000e+02 3.28709809e-01 2.31218389e-01]
 [2.40000000e+01 7.03618977e-01 2.55549701e-01]]
