['s1'] [[ 4.00000000e+00 -1.27675648e-16  1.76819971e-01]
 [ 7.00000000e+00  6.10622664e-17  5.48583362e-02]
 [ 1.00000000e+00  1.63757896e-16  3.37686091e-02]
 [ 9.00000000e+00  1.56819002e-16  2.26784477e-02]
 [ 2.00000000e+00 -5.50254287e-16  2.11517163e-02]
 [ 1.00000000e+00  1.63757896e-16  3.19237601e-03]
 [ 9.00000000e+00  1.56819002e-16  1.73479493e-03]
 [ 2.00000000e+00 -5.50254287e-16  6.19709571e-04]
 [ 1.00000000e+00  1.63757896e-16  9.34600833e-05]
 [ 9.00000000e+00  1.56819002e-16  5.07831574e-05]
 [ 2.00000000e+00 -5.50254287e-16  1.82390213e-05]
 [ 1.00000000e+00  1.63757896e-16  2.74181366e-06]
 [ 9.00000000e+00  1.56819002e-16  1.49011612e-06]
 [ 2.00000000e+00 -5.50254287e-16  4.76837158e-07]
 [ 1.00000000e+00  1.63757896e-16  5.96046448e-08]]
['s10'] [[ 2.00000000e+00 -5.50254287e-16  2.15788101e-01]
 [ 7.00000000e+00  6.10622664e-17  1.32832734e-01]
 [ 5.00000000e+00  1.46410661e-16  6.94604259e-02]
 [ 1.00000000e+00  1.63757896e-16  6.14879796e-02]
 [ 2.00000000e+00 -5.50254287e-16  7.83501206e-03]
 [ 5.00000000e+00  1.46410661e-16  3.26753826e-03]
 [ 7.00000000e+00  6.10622664e-17  2.89280029e-03]
 [ 1.00000000e+00  1.63757896e-16  1.13660146e-03]
 [ 5.00000000e+00  1.46410661e-16  4.40359144e-04]
 [ 2.00000000e+00 -5.50254287e-16  4.24385096e-04]
 [ 1.00000000e+00  1.63757896e-16  8.78572466e-05]
 [ 5.00000000e+00  1.46410661e-16  5.73992730e-05]
 [ 2.00000000e+00 -5.50254287e-16  2.21729279e-05]
 [ 1.00000000e+00  1.63757896e-16  5.90085983e-06]
 [ 5.00000000e+00  1.46410661e-16  2.98023224e-06]]
['s11'] [[ 4.00000000e+00 -1.27675648e-16  1.51140412e-01]
 [ 7.00000000e+00  6.10622664e-17  1.09126757e-01]
 [ 2.00000000e+00 -5.50254287e-16  3.26304564e-02]
 [ 2.00000000e+00 -5.50254287e-16  0.00000000e+00]
 [ 2.00000000e+00 -5.50254287e-16  0.00000000e+00]
 [ 2.00000000e+00 -5.50254287e-16  0.00000000e+00]
 [ 2.00000000e+00 -5.50254287e-16  0.00000000e+00]
 [ 2.00000000e+00 -5.50254287e-16  0.00000000e+00]
 [ 2.00000000e+00 -5.50254287e-16  0.00000000e+00]
 [ 2.00000000e+00 -5.50254287e-16  0.00000000e+00]
 [ 2.00000000e+00 -5.50254287e-16  0.00000000e+00]
 [ 2.00000000e+00 -5.50254287e-16  0.00000000e+00]
 [ 2.00000000e+00 -5.50254287e-16  0.00000000e+00]
 [ 2.00000000e+00 -5.50254287e-16  0.00000000e+00]
 [ 2.00000000e+00 -5.50254287e-16  0.00000000e+00]]
['s12'] [[ 2.00000000e+00 -5.50254287e-16  1.63953400e-01]
 [ 4.00000000e+00 -1.27675648e-16  6.25904627e-03]
 [ 2.00000000e+00 -5.50254287e-16  2.41100793e-04]
 [ 4.00000000e+00 -1.27675648e-16  9.35792923e-06]
 [ 2.00000000e+00 -5.50254287e-16  4.17232513e-07]
 [ 2.00000000e+00 -5.50254287e-16  0.00000000e+00]
 [ 2.00000000e+00 -5.50254287e-16  0.00000000e+00]
 [ 2.00000000e+00 -5.50254287e-16  0.00000000e+00]
 [ 2.00000000e+00 -5.50254287e-16  0.00000000e+00]
 [ 2.00000000e+00 -5.50254287e-16  0.00000000e+00]
 [ 2.00000000e+00 -5.50254287e-16  0.00000000e+00]
 [ 2.00000000e+00 -5.50254287e-16  0.00000000e+00]
 [ 2.00000000e+00 -5.50254287e-16  0.00000000e+00]
 [ 2.00000000e+00 -5.50254287e-16  0.00000000e+00]
 [ 2.00000000e+00 -5.50254287e-16  0.00000000e+00]]
['s13'] [[ 7.00000000e+00  6.10622664e-17  5.00416815e-02]
 [ 1.00000000e+00  1.63757896e-16  3.19657677e-02]
 [ 4.00000000e+00 -1.27675648e-16  1.89588132e-02]
 [ 2.00000000e+00 -5.50254287e-16  1.25066602e-02]
 [ 1.00000000e+00  1.63757896e-16  1.97017448e-03]
 [ 4.00000000e+00 -1.27675648e-16  6.18577082e-04]
 [ 2.00000000e+00 -5.50254287e-16  3.25560581e-04]
 [ 1.00000000e+00  1.63757896e-16  5.31077385e-05]
 [ 4.00000000e+00 -1.27675648e-16  1.61528587e-05]
 [ 2.00000000e+00 -5.50254287e-16  8.76188278e-06]
 [ 1.00000000e+00  1.63757896e-16  1.49011612e-06]
 [ 4.00000000e+00 -1.27675648e-16  4.76837158e-07]
 [ 2.00000000e+00 -5.50254287e-16  2.38418579e-07]
 [ 1.00000000e+00  1.63757896e-16  5.96046448e-08]
 [ 2.00000000e+00 -5.50254287e-16  5.96046448e-08]]
['s14'] [[ 4.00000000e+00 -1.27675648e-16  2.02732604e-01]
 [ 7.00000000e+00  6.10622664e-17  7.82845903e-02]
 [ 2.00000000e+00 -5.50254287e-16  1.23645407e-02]
 [ 2.00000000e+00 -5.50254287e-16  0.00000000e+00]
 [ 2.00000000e+00 -5.50254287e-16  0.00000000e+00]
 [ 2.00000000e+00 -5.50254287e-16  0.00000000e+00]
 [ 2.00000000e+00 -5.50254287e-16  0.00000000e+00]
 [ 2.00000000e+00 -5.50254287e-16  0.00000000e+00]
 [ 2.00000000e+00 -5.50254287e-16  0.00000000e+00]
 [ 2.00000000e+00 -5.50254287e-16  0.00000000e+00]
 [ 2.00000000e+00 -5.50254287e-16  0.00000000e+00]
 [ 2.00000000e+00 -5.50254287e-16  0.00000000e+00]
 [ 2.00000000e+00 -5.50254287e-16  0.00000000e+00]
 [ 2.00000000e+00 -5.50254287e-16  0.00000000e+00]
 [ 2.00000000e+00 -5.50254287e-16  0.00000000e+00]]
['s15'] [[ 4.00000000e+00 -1.27675648e-16  2.02732604e-01]
 [ 2.00000000e+00 -5.50254287e-16  7.30463891e-02]
 [ 4.00000000e+00 -1.27675648e-16  3.81805368e-03]
 [ 2.00000000e+00 -5.50254287e-16  1.99794772e-04]
 [ 4.00000000e+00 -1.27675648e-16  1.04308128e-05]
 [ 2.00000000e+00 -5.50254287e-16  5.96046448e-07]
 [ 4.00000000e+00 -1.27675648e-16  5.96046448e-08]
 [ 2.00000000e+00 -5.50254287e-16  0.00000000e+00]
 [ 2.00000000e+00 -5.50254287e-16  0.00000000e+00]
 [ 2.00000000e+00 -5.50254287e-16  0.00000000e+00]
 [ 2.00000000e+00 -5.50254287e-16  0.00000000e+00]
 [ 2.00000000e+00 -5.50254287e-16  0.00000000e+00]
 [ 2.00000000e+00 -5.50254287e-16  0.00000000e+00]
 [ 2.00000000e+00 -5.50254287e-16  0.00000000e+00]
 [ 2.00000000e+00 -5.50254287e-16  0.00000000e+00]]
['s16'] [[ 4.00000000e+00 -1.27675648e-16  2.02732604e-01]
 [ 2.00000000e+00 -5.50254287e-16  1.52206271e-01]
 [ 7.00000000e+00  6.10622664e-17  1.19320491e-01]
 [ 9.00000000e+00  1.56819002e-16  4.59778964e-02]
 [ 5.00000000e+00  1.46410661e-16  4.33381716e-02]
 [ 7.00000000e+00  6.10622664e-17  7.96561399e-03]
 [ 4.00000000e+00 -1.27675648e-16  2.01958692e-03]
 [ 5.00000000e+00  1.46410661e-16  9.84251817e-04]
 [ 2.00000000e+00 -5.50254287e-16  4.85479870e-04]
 [ 5.00000000e+00  1.46410661e-16  5.34057618e-05]
 [ 9.00000000e+00  1.56819002e-16  3.34978104e-05]
 [ 2.00000000e+00 -5.50254287e-16  9.77516174e-06]
 [ 9.00000000e+00  1.56819002e-16  1.07288361e-06]
 [ 5.00000000e+00  1.46410661e-16  5.96046448e-07]
 [ 2.00000000e+00 -5.50254287e-16  1.19209290e-07]]
['s17'] [[ 2.00000000e+00 -5.50254287e-16  2.15788101e-01]
 [ 4.00000000e+00 -1.27675648e-16  8.34579771e-03]
 [ 2.00000000e+00 -5.50254287e-16  3.27765953e-04]
 [ 4.00000000e+00 -1.27675648e-16  1.28746033e-05]
 [ 2.00000000e+00 -5.50254287e-16  5.36441803e-07]
 [ 2.00000000e+00 -5.50254287e-16  0.00000000e+00]
 [ 2.00000000e+00 -5.50254287e-16  0.00000000e+00]
 [ 2.00000000e+00 -5.50254287e-16  0.00000000e+00]
 [ 2.00000000e+00 -5.50254287e-16  0.00000000e+00]
 [ 2.00000000e+00 -5.50254287e-16  0.00000000e+00]
 [ 2.00000000e+00 -5.50254287e-16  0.00000000e+00]
 [ 2.00000000e+00 -5.50254287e-16  0.00000000e+00]
 [ 2.00000000e+00 -5.50254287e-16  0.00000000e+00]
 [ 2.00000000e+00 -5.50254287e-16  0.00000000e+00]
 [ 2.00000000e+00 -5.50254287e-16  0.00000000e+00]]
['s18'] [[ 4.00000000e+00 -1.27675648e-16  1.76820032e-01]
 [ 2.00000000e+00 -5.50254287e-16  9.73404945e-02]
 [ 1.00000000e+00  1.63757896e-16  5.24220918e-02]
 [ 2.00000000e+00 -5.50254287e-16  8.63072844e-03]
 [ 4.00000000e+00 -1.27675648e-16  5.79900089e-03]
 [ 1.00000000e+00  1.63757896e-16  1.42097569e-03]
 [ 2.00000000e+00 -5.50254287e-16  5.70774140e-04]
 [ 1.00000000e+00  1.63757896e-16  9.42349437e-05]
 [ 4.00000000e+00 -1.27675648e-16  3.28421593e-05]
 [ 2.00000000e+00 -5.50254287e-16  1.75237656e-05]
 [ 1.00000000e+00  1.63757896e-16  2.86102295e-06]
 [ 4.00000000e+00 -1.27675648e-16  1.01327896e-06]
 [ 2.00000000e+00 -5.50254287e-16  5.96046448e-07]
 [ 1.00000000e+00  1.63757896e-16  1.19209290e-07]
 [ 1.00000000e+00  1.63757896e-16  0.00000000e+00]]
['s19'] [[ 2.00000000e+00 -5.50254287e-16  1.12978258e-01]
 [ 4.00000000e+00 -1.27675648e-16  1.05949365e-01]
 [ 2.00000000e+00 -5.50254287e-16  5.27052991e-03]
 [ 5.00000000e+00  1.46410661e-16  3.70641260e-03]
 [ 2.00000000e+00 -5.50254287e-16  3.68654745e-04]
 [ 5.00000000e+00  1.46410661e-16  3.65972519e-05]
 [ 2.00000000e+00 -5.50254287e-16  3.63588333e-06]
 [ 5.00000000e+00  1.46410661e-16  4.17232513e-07]
 [ 2.00000000e+00 -5.50254287e-16  5.96046448e-08]
 [ 2.00000000e+00 -5.50254287e-16  0.00000000e+00]
 [ 2.00000000e+00 -5.50254287e-16  0.00000000e+00]
 [ 2.00000000e+00 -5.50254287e-16  0.00000000e+00]
 [ 2.00000000e+00 -5.50254287e-16  0.00000000e+00]
 [ 2.00000000e+00 -5.50254287e-16  0.00000000e+00]
 [ 2.00000000e+00 -5.50254287e-16  0.00000000e+00]]
['s2'] [[ 5.00000000e+00  1.46410661e-16  2.50051864e-02]
 [ 2.00000000e+00 -5.50254287e-16  1.53233480e-02]
 [ 5.00000000e+00  1.46410661e-16  1.72996694e-03]
 [ 9.00000000e+00  1.56819002e-16  1.41429995e-03]
 [ 2.00000000e+00 -5.50254287e-16  3.87430210e-04]
 [ 9.00000000e+00  1.56819002e-16  5.26309014e-05]
 [ 2.00000000e+00 -5.50254287e-16  7.21216202e-06]
 [ 5.00000000e+00  1.46410661e-16  6.55651093e-06]
 [ 2.00000000e+00 -5.50254287e-16  7.74860382e-07]
 [ 9.00000000e+00  1.56819002e-16  8.94069672e-07]
 [ 2.00000000e+00 -5.50254287e-16  1.19209290e-07]
 [ 5.00000000e+00  1.46410661e-16  5.96046448e-08]
 [ 2.00000000e+00 -5.50254287e-16  0.00000000e+00]
 [ 2.00000000e+00 -5.50254287e-16  0.00000000e+00]
 [ 2.00000000e+00 -5.50254287e-16  0.00000000e+00]]
['s20'] [[ 2.00000000e+00 -5.50254287e-16  1.25005796e-02]
 [ 9.00000000e+00  1.56819002e-16  1.71899965e-03]
 [ 4.00000000e+00 -1.27675648e-16  6.80267916e-04]
 [ 2.00000000e+00 -5.50254287e-16  2.61843210e-04]
 [ 9.00000000e+00  1.56819002e-16  1.19745732e-04]
 [ 4.00000000e+00 -1.27675648e-16  2.44379044e-05]
 [ 2.00000000e+00 -5.50254287e-16  1.73449516e-05]
 [ 9.00000000e+00  1.56819002e-16  5.30481339e-06]
 [ 4.00000000e+00 -1.27675648e-16  1.31130219e-06]
 [ 2.00000000e+00 -5.50254287e-16  7.15255737e-07]
 [ 9.00000000e+00  1.56819002e-16  2.98023224e-07]
 [ 2.00000000e+00 -5.50254287e-16  1.19209290e-07]
 [ 4.00000000e+00 -1.27675648e-16  1.19209290e-07]
 [ 2.00000000e+00 -5.50254287e-16  0.00000000e+00]
 [ 2.00000000e+00 -5.50254287e-16  0.00000000e+00]]
['s3'] [[ 5.00000000e+00  1.46410661e-16  2.50051864e-02]
 [ 2.00000000e+00 -5.50254287e-16  1.53233480e-02]
 [ 5.00000000e+00  1.46410661e-16  1.72996694e-03]
 [ 2.00000000e+00 -5.50254287e-16  1.95264819e-04]
 [ 5.00000000e+00  1.46410661e-16  2.21729279e-05]
 [ 2.00000000e+00 -5.50254287e-16  2.50339508e-06]
 [ 5.00000000e+00  1.46410661e-16  2.38418579e-07]
 [ 2.00000000e+00 -5.50254287e-16  0.00000000e+00]
 [ 2.00000000e+00 -5.50254287e-16  0.00000000e+00]
 [ 2.00000000e+00 -5.50254287e-16  0.00000000e+00]
 [ 2.00000000e+00 -5.50254287e-16  0.00000000e+00]
 [ 2.00000000e+00 -5.50254287e-16  0.00000000e+00]
 [ 2.00000000e+00 -5.50254287e-16  0.00000000e+00]
 [ 2.00000000e+00 -5.50254287e-16  0.00000000e+00]
 [ 2.00000000e+00 -5.50254287e-16  0.00000000e+00]]
['s4'] [[ 7.00000000e+00  6.10622664e-17  1.51140412e-01]
 [ 2.00000000e+00 -5.50254287e-16  4.67091447e-02]
 [ 2.00000000e+00 -5.50254287e-16  0.00000000e+00]
 [ 2.00000000e+00 -5.50254287e-16  0.00000000e+00]
 [ 2.00000000e+00 -5.50254287e-16  0.00000000e+00]
 [ 2.00000000e+00 -5.50254287e-16  0.00000000e+00]
 [ 2.00000000e+00 -5.50254287e-16  0.00000000e+00]
 [ 2.00000000e+00 -5.50254287e-16  0.00000000e+00]
 [ 2.00000000e+00 -5.50254287e-16  0.00000000e+00]
 [ 2.00000000e+00 -5.50254287e-16  0.00000000e+00]
 [ 2.00000000e+00 -5.50254287e-16  0.00000000e+00]
 [ 2.00000000e+00 -5.50254287e-16  0.00000000e+00]
 [ 2.00000000e+00 -5.50254287e-16  0.00000000e+00]
 [ 2.00000000e+00 -5.50254287e-16  0.00000000e+00]
 [ 2.00000000e+00 -5.50254287e-16  0.00000000e+00]]
['s5'] [[ 2.00000000e+00 -5.50254287e-16  1.89744811e-01]
 [ 7.00000000e+00  6.10622664e-17  1.34406770e-01]
 [ 1.00000000e+00  1.63757896e-16  5.34420379e-02]
 [ 4.00000000e+00 -1.27675648e-16  4.65902732e-02]
 [ 9.00000000e+00  1.56819002e-16  5.34712404e-03]
 [ 1.00000000e+00  1.63757896e-16  2.02817003e-03]
 [ 2.00000000e+00 -5.50254287e-16  6.02245404e-04]
 [ 4.00000000e+00 -1.27675648e-16  4.49121029e-04]
 [ 1.00000000e+00  1.63757896e-16  1.19984151e-04]
 [ 9.00000000e+00  1.56819002e-16  1.04904175e-04]
 [ 2.00000000e+00 -5.50254287e-16  6.06179238e-05]
 [ 4.00000000e+00 -1.27675648e-16  1.50799751e-05]
 [ 1.00000000e+00  1.63757896e-16  1.03116035e-05]
 [ 9.00000000e+00  1.56819002e-16  9.47713852e-06]
 [ 2.00000000e+00 -5.50254287e-16  3.93390656e-06]]
['s6'] [[ 4.00000000e+00 -1.27675648e-16  1.25657214e-01]
 [ 2.00000000e+00 -5.50254287e-16  1.19614807e-01]
 [ 1.00000000e+00  1.63757896e-16  5.70293622e-02]
 [ 5.00000000e+00  1.46410661e-16  2.96460188e-02]
 [ 7.00000000e+00  6.10622664e-17  2.34376183e-02]
 [ 2.00000000e+00 -5.50254287e-16  1.07999470e-02]
 [ 5.00000000e+00  1.46410661e-16  4.01469242e-03]
 [ 4.00000000e+00 -1.27675648e-16  2.43241075e-03]
 [ 2.00000000e+00 -5.50254287e-16  5.88536330e-04]
 [ 1.00000000e+00  1.63757896e-16  6.39975158e-04]
 [ 2.00000000e+00 -5.50254287e-16  1.09195710e-04]
 [ 4.00000000e+00 -1.27675648e-16  5.10811806e-05]
 [ 1.00000000e+00  1.63757896e-16  1.92523003e-05]
 [ 2.00000000e+00 -5.50254287e-16  6.43730164e-06]
 [ 1.00000000e+00  1.63757896e-16  1.07288361e-06]]
['s7'] [[ 2.00000000e+00 -5.50254287e-16  1.89744811e-01]
 [ 4.00000000e+00 -1.27675648e-16  1.64213295e-01]
 [ 7.00000000e+00  6.10622664e-17  1.19804237e-01]
 [ 2.00000000e+00 -5.50254287e-16  2.53648110e-03]
 [ 2.00000000e+00 -5.50254287e-16  0.00000000e+00]
 [ 2.00000000e+00 -5.50254287e-16  0.00000000e+00]
 [ 2.00000000e+00 -5.50254287e-16  0.00000000e+00]
 [ 2.00000000e+00 -5.50254287e-16  0.00000000e+00]
 [ 2.00000000e+00 -5.50254287e-16  0.00000000e+00]
 [ 2.00000000e+00 -5.50254287e-16  0.00000000e+00]
 [ 2.00000000e+00 -5.50254287e-16  0.00000000e+00]
 [ 2.00000000e+00 -5.50254287e-16  0.00000000e+00]
 [ 2.00000000e+00 -5.50254287e-16  0.00000000e+00]
 [ 2.00000000e+00 -5.50254287e-16  0.00000000e+00]
 [ 2.00000000e+00 -5.50254287e-16  0.00000000e+00]]
['s8'] [[ 2.00000000e+00 -5.50254287e-16  2.15788101e-01]
 [ 4.00000000e+00 -1.27675648e-16  2.21349536e-01]
 [ 9.00000000e+00  1.56819002e-16  5.38405068e-02]
 [ 2.00000000e+00 -5.50254287e-16  2.56173606e-02]
 [ 4.00000000e+00 -1.27675648e-16  7.84663568e-03]
 [ 9.00000000e+00  1.56819002e-16  3.89148769e-03]
 [ 2.00000000e+00 -5.50254287e-16  1.10840843e-03]
 [ 4.00000000e+00 -1.27675648e-16  4.95255034e-04]
 [ 9.00000000e+00  1.56819002e-16  1.83582308e-04]
 [ 2.00000000e+00 -5.50254287e-16  6.23464585e-05]
 [ 4.00000000e+00 -1.27675648e-16  2.41398811e-05]
 [ 9.00000000e+00  1.56819002e-16  9.89437103e-06]
 [ 2.00000000e+00 -5.50254287e-16  3.15904617e-06]
 [ 4.00000000e+00 -1.27675648e-16  1.37090683e-06]
 [ 9.00000000e+00  1.56819002e-16  5.36441803e-07]]
['s9'] [[ 2.00000000e+00 -5.50254287e-16  1.63953461e-01]
 [ 1.00000000e+00  1.63757896e-16  6.36389861e-02]
 [ 4.00000000e+00 -1.27675648e-16  5.78928983e-02]
 [ 2.00000000e+00 -5.50254287e-16  1.32733033e-02]
 [ 1.00000000e+00  1.63757896e-16  2.39897234e-03]
 [ 4.00000000e+00 -1.27675648e-16  7.09176182e-04]
 [ 2.00000000e+00 -5.50254287e-16  4.35948400e-04]
 [ 1.00000000e+00  1.63757896e-16  7.56382944e-05]
 [ 4.00000000e+00 -1.27675648e-16  2.34842300e-05]
 [ 2.00000000e+00 -5.50254287e-16  1.38282776e-05]
 [ 1.00000000e+00  1.63757896e-16  2.50339508e-06]
 [ 4.00000000e+00 -1.27675648e-16  6.55651093e-07]
 [ 2.00000000e+00 -5.50254287e-16  4.17232513e-07]
 [ 1.00000000e+00  1.63757896e-16  5.96046448e-08]
 [ 1.00000000e+00  1.63757896e-16  0.00000000e+00]]
