['Gerhard Schroeder'] [[3.22000000e+02 1.17352230e-01 0.00000000e+00 4.35038915e-01]
 [3.22000000e+02 1.17352230e-01 0.00000000e+00 8.70077867e-01]
 [3.22000000e+02 1.17352230e-01 0.00000000e+00 1.74015572e+00]
 [3.22000000e+02 1.17352230e-01 0.00000000e+00 3.48031145e+00]
 [3.22000000e+02 1.17352230e-01 0.00000000e+00 6.96062291e+00]
 [3.22000000e+02 1.17352230e-01 0.00000000e+00 1.39212458e+01]
 [3.22000000e+02 1.17352230e-01 0.00000000e+00 2.78424917e+01]
 [3.22000000e+02 1.17352230e-01 0.00000000e+00 0.00000000e+00]
 [3.22000000e+02 1.17352230e-01 0.00000000e+00 0.00000000e+00]
 [3.22000000e+02 1.17352230e-01 0.00000000e+00 0.00000000e+00]]
['Jacques Chirac'] [[1.76000000e+02 1.49345139e-01 0.00000000e+00 8.22061661e-01]
 [1.76000000e+02 1.49345139e-01 0.00000000e+00 1.64412337e+00]
 [1.76000000e+02 1.49345139e-01 0.00000000e+00 3.28824676e+00]
 [1.76000000e+02 1.49345139e-01 0.00000000e+00 6.57649350e+00]
 [1.76000000e+02 1.49345139e-01 0.00000000e+00 1.31529870e+01]
 [1.76000000e+02 1.49345139e-01 0.00000000e+00 2.63059740e+01]
 [1.76000000e+02 1.49345139e-01 0.00000000e+00 0.00000000e+00]
 [1.76000000e+02 1.49345139e-01 0.00000000e+00 0.00000000e+00]
 [1.76000000e+02 1.49345139e-01 0.00000000e+00 0.00000000e+00]
 [1.76000000e+02 1.49345139e-01 0.00000000e+00 0.00000000e+00]]
['Jean Chretien'] [[60.          0.09894478  0.          0.69314712]
 [60.          0.09894478  0.          1.38629429]
 [60.          0.09894478  0.          2.77258857]
 [60.          0.09894478  0.          5.54517718]
 [60.          0.09894478  0.         11.09035435]
 [60.          0.09894478  0.         22.18070871]
 [60.          0.09894478  0.         44.36141646]
 [60.          0.09894478  0.          0.        ]
 [60.          0.09894478  0.          0.        ]
 [60.          0.09894478  0.          0.        ]]
['Junichiro Koizumi'] [[1.65000000e+02 1.59670925e-01 0.00000000e+00 5.81575362e-01]
 [1.65000000e+02 1.59670925e-01 0.00000000e+00 1.16315076e+00]
 [1.65000000e+02 1.59670925e-01 0.00000000e+00 2.32630148e+00]
 [1.65000000e+02 1.59670925e-01 0.00000000e+00 4.65260301e+00]
 [1.65000000e+02 1.59670925e-01 0.00000000e+00 9.30520603e+00]
 [1.65000000e+02 1.59670925e-01 0.00000000e+00 1.86104120e+01]
 [1.65000000e+02 1.59670925e-01 0.00000000e+00 3.72208241e+01]
 [1.65000000e+02 1.59670925e-01 0.00000000e+00 0.00000000e+00]
 [1.65000000e+02 1.59670925e-01 0.00000000e+00 0.00000000e+00]
 [1.65000000e+02 1.59670925e-01 0.00000000e+00 0.00000000e+00]]
['Serena Williams'] [[1.70000000e+02 1.03079160e-01 0.00000000e+00 7.54954094e-01]
 [1.70000000e+02 1.03079160e-01 0.00000000e+00 1.50990819e+00]
 [1.70000000e+02 1.03079160e-01 0.00000000e+00 3.01981650e+00]
 [1.70000000e+02 1.03079160e-01 0.00000000e+00 6.03963299e+00]
 [1.70000000e+02 1.03079160e-01 0.00000000e+00 1.20792659e+01]
 [1.70000000e+02 1.03079160e-01 0.00000000e+00 2.41585318e+01]
 [1.70000000e+02 1.03079160e-01 0.00000000e+00 4.83228057e+01]
 [1.70000000e+02 1.03079160e-01 0.00000000e+00 0.00000000e+00]
 [1.70000000e+02 1.03079160e-01 0.00000000e+00 0.00000000e+00]
 [1.70000000e+02 1.03079160e-01 0.00000000e+00 0.00000000e+00]]
