['Gerhard Schroeder'] [[ 5.00000000e+00 -3.46812526e-16  1.00000000e+00  3.90079253e-01]
 [ 6.00000000e+00  1.09964947e-16  0.00000000e+00  4.62129457e-01]
 [ 6.00000000e+00  1.09964947e-16  0.00000000e+00  9.24258890e-01]
 [ 6.00000000e+00  1.09964947e-16  0.00000000e+00  1.84851782e+00]
 [ 6.00000000e+00  1.09964947e-16  0.00000000e+00  3.69703563e+00]
 [ 6.00000000e+00  1.09964947e-16  0.00000000e+00  7.39407123e+00]
 [ 6.00000000e+00  1.09964947e-16  0.00000000e+00  1.47881425e+01]
 [ 6.00000000e+00  1.09964947e-16  0.00000000e+00  2.95762850e+01]
 [ 6.00000000e+00  1.09964947e-16  0.00000000e+00  0.00000000e+00]
 [ 6.00000000e+00  1.09964947e-16  0.00000000e+00  0.00000000e+00]]
['Jacques Chirac'] [[ 3.00000000e+00  1.73406263e-16  1.00000000e+00  3.68159584e-01]
 [ 2.00000000e+00 -3.67959631e-16  0.00000000e+00  2.60943806e-01]
 [ 2.00000000e+00 -3.67959631e-16  0.00000000e+00  5.21887661e-01]
 [ 2.00000000e+00 -3.67959631e-16  0.00000000e+00  1.04377527e+00]
 [ 2.00000000e+00 -3.67959631e-16  0.00000000e+00  2.08755056e+00]
 [ 2.00000000e+00 -3.67959631e-16  0.00000000e+00  4.17510113e+00]
 [ 2.00000000e+00 -3.67959631e-16  0.00000000e+00  8.35020226e+00]
 [ 2.00000000e+00 -3.67959631e-16  0.00000000e+00  1.67004045e+01]
 [ 2.00000000e+00 -3.67959631e-16  0.00000000e+00  3.34008090e+01]
 [ 2.00000000e+00 -3.67959631e-16  0.00000000e+00  0.00000000e+00]]
['Jean Chretien'] [[ 0.00000000e+00 -1.45501997e-16  0.00000000e+00  4.12361742e-01]
 [ 0.00000000e+00 -1.45501997e-16  0.00000000e+00  8.24723512e-01]
 [ 0.00000000e+00 -1.45501997e-16  0.00000000e+00  1.64944704e+00]
 [ 0.00000000e+00 -1.45501997e-16  0.00000000e+00  3.29889405e+00]
 [ 0.00000000e+00 -1.45501997e-16  0.00000000e+00  6.59778808e+00]
 [ 0.00000000e+00 -1.45501997e-16  0.00000000e+00  1.31955762e+01]
 [ 0.00000000e+00 -1.45501997e-16  0.00000000e+00  2.63911524e+01]
 [ 0.00000000e+00 -1.45501997e-16  0.00000000e+00  0.00000000e+00]
 [ 0.00000000e+00 -1.45501997e-16  0.00000000e+00  0.00000000e+00]
 [ 0.00000000e+00 -1.45501997e-16  0.00000000e+00  0.00000000e+00]]
['Junichiro Koizumi'] [[ 6.00000000e+00  1.09964947e-16  1.00000000e+00  4.12361742e-01]
 [ 0.00000000e+00 -1.45501997e-16  1.00000000e+00  3.07263043e-01]
 [ 8.00000000e+00 -1.48029737e-17  0.00000000e+00  2.57758386e-01]
 [ 8.00000000e+00 -1.48029737e-17  0.00000000e+00  5.15516764e-01]
 [ 8.00000000e+00 -1.48029737e-17  0.00000000e+00  1.03103357e+00]
 [ 8.00000000e+00 -1.48029737e-17  0.00000000e+00  2.06206711e+00]
 [ 8.00000000e+00 -1.48029737e-17  0.00000000e+00  4.12413423e+00]
 [ 8.00000000e+00 -1.48029737e-17  0.00000000e+00  8.24826845e+00]
 [ 8.00000000e+00 -1.48029737e-17  0.00000000e+00  1.64965369e+01]
 [ 8.00000000e+00 -1.48029737e-17  0.00000000e+00  3.29930738e+01]]
['Serena Williams'] [[ 5.00000000e+00 -3.46812526e-16  0.00000000e+00  3.25293696e-01]
 [ 5.00000000e+00 -3.46812526e-16  0.00000000e+00  6.50587440e-01]
 [ 5.00000000e+00 -3.46812526e-16  0.00000000e+00  1.30117494e+00]
 [ 5.00000000e+00 -3.46812526e-16  0.00000000e+00  2.60234990e+00]
 [ 5.00000000e+00 -3.46812526e-16  0.00000000e+00  5.20469978e+00]
 [ 5.00000000e+00 -3.46812526e-16  0.00000000e+00  1.04093995e+01]
 [ 5.00000000e+00 -3.46812526e-16  0.00000000e+00  2.08187991e+01]
 [ 5.00000000e+00 -3.46812526e-16  0.00000000e+00  4.16375981e+01]
 [ 5.00000000e+00 -3.46812526e-16  0.00000000e+00  0.00000000e+00]
 [ 5.00000000e+00 -3.46812526e-16  0.00000000e+00  0.00000000e+00]]
