['S1'] [[ 1.00000000e+00 -3.38910186e-16  1.45760347e-01]
 [ 1.10000000e+01  1.93558619e-17  1.11601642e-01]
 [ 1.20000000e+01  3.65204942e-18  7.86543202e-02]
 [ 1.70000000e+01  1.56307715e-16  7.30293710e-02]
 [ 8.00000000e+00 -2.05610383e-16  8.04217056e-02]
 [ 1.80000000e+01 -9.76923221e-17  6.50947051e-02]
 [ 1.10000000e+01  1.93558619e-17  9.44749806e-03]
 [ 1.60000000e+01  1.41699518e-16  9.08840883e-03]
 [ 1.70000000e+01  1.56307715e-16  7.13014764e-03]
 [ 1.20000000e+01  3.65204942e-18  1.52093289e-03]]
['S10'] [[ 1.90000000e+01  2.84859855e-17  8.57358020e-02]
 [ 3.00000000e+00 -7.66930379e-18  6.92187031e-02]
 [ 1.00000000e+00 -3.38910186e-16  6.56469110e-02]
 [ 1.40000000e+01 -4.98504746e-17  7.08415646e-02]
 [ 1.80000000e+01 -9.76923221e-17  6.94089184e-02]
 [ 5.00000000e+00  8.76491862e-18  4.05876443e-02]
 [ 9.00000000e+00  1.18235100e-16  2.95182936e-02]
 [ 8.00000000e+00 -2.05610383e-16  2.94334621e-02]
 [ 7.00000000e+00  1.13943942e-16  2.23926771e-02]
 [ 1.00000000e+00 -3.38910186e-16  1.63281168e-02]]
['S11'] [[ 1.10000000e+01  1.93558619e-17  1.65981291e-01]
 [ 9.00000000e+00  1.18235100e-16  6.76326709e-02]
 [ 1.40000000e+01 -4.98504746e-17  6.05948221e-02]
 [ 1.60000000e+01  1.41699518e-16  5.71825080e-02]
 [ 3.00000000e+00 -7.66930379e-18  4.23172406e-02]
 [ 7.00000000e+00  1.13943942e-16  4.42221915e-02]
 [ 1.20000000e+01  3.65204942e-18  3.34294337e-02]
 [ 1.10000000e+01  1.93558619e-17  3.81745762e-03]
 [ 3.00000000e+00 -7.66930379e-18  1.44040684e-03]
 [ 1.60000000e+01  1.41699518e-16  4.56094773e-04]]
['S12'] [[ 1.10000000e+01  1.93558619e-17  1.65981291e-01]
 [ 4.00000000e+00 -1.17048184e-16  1.37022732e-01]
 [ 1.00000000e+00 -3.38910186e-16  1.23679629e-01]
 [ 7.00000000e+00  1.13943942e-16  6.38890282e-02]
 [ 1.40000000e+01 -4.98504746e-17  6.27822720e-02]
 [ 1.70000000e+01  1.56307715e-16  5.75283967e-02]
 [ 1.90000000e+01  2.84859855e-17  5.66448649e-02]
 [ 1.00000000e+00 -3.38910186e-16  1.22285620e-02]
 [ 7.00000000e+00  1.13943942e-16  8.09389146e-03]
 [ 4.00000000e+00 -1.17048184e-16  4.61682977e-03]]
['S13'] [[ 1.10000000e+01  1.93558619e-17  8.57357419e-02]
 [ 4.00000000e+00 -1.17048184e-16  7.37764131e-02]
 [ 1.20000000e+01  3.65204942e-18  7.37542991e-02]
 [ 1.90000000e+01  2.84859855e-17  4.01488955e-02]
 [ 1.40000000e+01 -4.98504746e-17  2.19298583e-02]
 [ 7.00000000e+00  1.13943942e-16  1.29352273e-02]
 [ 1.10000000e+01  1.93558619e-17  8.04149556e-03]
 [ 4.00000000e+00 -1.17048184e-16  1.27673218e-03]
 [ 1.10000000e+01  1.93558619e-17  1.14500523e-04]
 [ 7.00000000e+00  1.13943942e-16  7.75456430e-05]]
['S14'] [[ 4.00000000e+00 -1.17048184e-16  1.18979344e-01]
 [ 1.20000000e+01  3.65204942e-18  4.63896879e-02]
 [ 6.00000000e+00 -2.99468053e-17  2.75004670e-02]
 [ 1.90000000e+01  2.84859855e-17  2.38871698e-02]
 [ 1.00000000e+00 -3.38910186e-16  5.19977726e-03]
 [ 4.00000000e+00 -1.17048184e-16  3.22986772e-03]
 [ 1.00000000e+00 -3.38910186e-16  8.88109209e-05]
 [ 4.00000000e+00 -1.17048184e-16  2.44379044e-06]
 [ 1.00000000e+00 -3.38910186e-16  1.19209290e-07]
 [ 1.00000000e+00 -3.38910186e-16  0.00000000e+00]]
['S15'] [[ 1.00000000e+00 -3.38910186e-16  1.05654502e-01]
 [ 8.00000000e+00 -2.05610383e-16  8.14119357e-02]
 [ 7.00000000e+00  1.13943942e-16  3.28474113e-02]
 [ 1.60000000e+01  1.41699518e-16  6.20563844e-03]
 [ 1.00000000e+00 -3.38910186e-16  1.82002984e-03]
 [ 8.00000000e+00 -2.05610383e-16  1.10054061e-03]
 [ 7.00000000e+00  1.13943942e-16  6.06119707e-04]
 [ 8.00000000e+00 -2.05610383e-16  3.59416008e-05]
 [ 1.00000000e+00 -3.38910186e-16  2.75969505e-05]
 [ 7.00000000e+00  1.13943942e-16  2.50339508e-06]]
['S16'] [[ 1.20000000e+01  3.65204942e-18  6.58845663e-02]
 [ 8.00000000e+00 -2.05610383e-16  3.96661047e-02]
 [ 9.00000000e+00  1.18235100e-16  3.68370649e-02]
 [ 4.00000000e+00 -1.17048184e-16  2.43672069e-02]
 [ 1.90000000e+01  2.84859855e-17  7.60093068e-03]
 [ 8.00000000e+00 -2.05610383e-16  6.68809849e-03]
 [ 1.00000000e+00 -3.38910186e-16  3.95508683e-03]
 [ 9.00000000e+00  1.18235100e-16  2.05594591e-03]
 [ 4.00000000e+00 -1.17048184e-16  6.64353468e-04]
 [ 1.20000000e+01  3.65204942e-18  6.04987218e-04]]
['S17'] [[ 4.00000000e+00 -1.17048184e-16  1.32346252e-01]
 [ 3.00000000e+00 -7.66930379e-18  7.76752572e-02]
 [ 1.70000000e+01  1.56307715e-16  6.88219980e-02]
 [ 7.00000000e+00  1.13943942e-16  6.77812889e-02]
 [ 1.50000000e+01  1.27456525e-16  5.65787307e-02]
 [ 9.00000000e+00  1.18235100e-16  5.02371986e-02]
 [ 1.80000000e+01 -9.76923221e-17  4.75930770e-02]
 [ 4.00000000e+00 -1.17048184e-16  1.52690355e-02]
 [ 6.00000000e+00 -2.99468053e-17  1.40309004e-02]
 [ 1.70000000e+01  1.56307715e-16  1.14776167e-02]]
['S18'] [[ 1.00000000e+00 -3.38910186e-16  1.59226859e-01]
 [ 4.00000000e+00 -1.17048184e-16  1.26378802e-01]
 [ 1.60000000e+01  1.41699518e-16  5.56311396e-02]
 [ 1.80000000e+01 -9.76923221e-17  4.14164678e-02]
 [ 1.90000000e+01  2.84859855e-17  1.28342999e-02]
 [ 1.00000000e+00 -3.38910186e-16  5.84930892e-03]
 [ 4.00000000e+00 -1.17048184e-16  2.99073157e-03]
 [ 1.80000000e+01 -9.76923221e-17  1.20365678e-03]
 [ 1.00000000e+00 -3.38910186e-16  2.30669979e-04]
 [ 4.00000000e+00 -1.17048184e-16  8.54730608e-05]]
['S19'] [[ 1.00000000e+00 -3.38910186e-16  1.59226859e-01]
 [ 1.40000000e+01 -4.98504746e-17  1.35771284e-01]
 [ 1.10000000e+01  1.93558619e-17  1.11295798e-01]
 [ 1.70000000e+01  1.56307715e-16  7.58748179e-02]
 [ 5.00000000e+00  8.76491862e-18  5.69095264e-02]
 [ 1.50000000e+01  1.27456525e-16  4.52075165e-02]
 [ 1.00000000e+00 -3.38910186e-16  2.36940607e-02]
 [ 1.70000000e+01  1.56307715e-16  1.31236100e-02]
 [ 1.80000000e+01 -9.76923221e-17  6.12063898e-03]
 [ 5.00000000e+00  8.76491862e-18  4.14308296e-03]]
['S2'] [[ 1.00000000e+00 -3.38910186e-16  7.91119395e-02]
 [ 1.40000000e+01 -4.98504746e-17  8.29422617e-02]
 [ 1.70000000e+01  1.56307715e-16  5.60566702e-02]
 [ 1.90000000e+01  2.84859855e-17  4.05411955e-02]
 [ 1.50000000e+01  1.27456525e-16  3.42776852e-02]
 [ 3.00000000e+00 -7.66930379e-18  2.28045171e-02]
 [ 8.00000000e+00 -2.05610383e-16  1.56144672e-02]
 [ 1.00000000e+00 -3.38910186e-16  1.17750841e-02]
 [ 1.70000000e+01  1.56307715e-16  6.25302597e-03]
 [ 8.00000000e+00 -2.05610383e-16  8.62241005e-04]]
['S3'] [[ 9.00000000e+00  1.18235100e-16  5.92798800e-02]
 [ 1.90000000e+01  2.84859855e-17  5.47825899e-02]
 [ 1.80000000e+01 -9.76923221e-17  5.42800021e-02]
 [ 1.10000000e+01  1.93558619e-17  5.38616681e-02]
 [ 1.70000000e+01  1.56307715e-16  2.80206202e-02]
 [ 1.00000000e+00 -3.38910186e-16  2.01967994e-02]
 [ 9.00000000e+00  1.18235100e-16  6.42391935e-03]
 [ 1.80000000e+01 -9.76923221e-17  3.39056361e-03]
 [ 1.90000000e+01  2.84859855e-17  2.42943050e-03]
 [ 1.70000000e+01  1.56307715e-16  8.64804007e-04]]
['S4'] [[ 1.10000000e+01  1.93558619e-17  1.65981291e-01]
 [ 1.00000000e+00 -3.38910186e-16  1.30591913e-01]
 [ 9.00000000e+00  1.18235100e-16  8.49862024e-02]
 [ 4.00000000e+00 -1.17048184e-16  3.48027724e-02]
 [ 5.00000000e+00  8.76491862e-18  3.44687051e-02]
 [ 1.90000000e+01  2.84859855e-17  2.15525017e-02]
 [ 1.00000000e+01 -8.21711120e-17  1.13989283e-02]
 [ 1.00000000e+00 -3.38910186e-16  7.16948872e-03]
 [ 9.00000000e+00  1.18235100e-16  2.31838642e-03]
 [ 1.00000000e+01 -8.21711120e-17  4.26054027e-04]]
['S5'] [[ 1.00000000e+00 -3.38910186e-16  6.58846262e-02]
 [ 1.10000000e+01  1.93558619e-17  5.21251062e-02]
 [ 9.00000000e+00  1.18235100e-16  4.83684681e-02]
 [ 4.00000000e+00 -1.17048184e-16  4.91248574e-02]
 [ 8.00000000e+00 -2.05610383e-16  3.88169222e-02]
 [ 1.20000000e+01  3.65204942e-18  3.42850251e-02]
 [ 1.90000000e+01  2.84859855e-17  2.02597676e-02]
 [ 1.80000000e+01 -9.76923221e-17  1.92375069e-02]
 [ 3.00000000e+00 -7.66930379e-18  1.00511121e-02]
 [ 9.00000000e+00  1.18235100e-16  9.03410454e-03]]
['S6'] [[ 1.20000000e+01  3.65204942e-18  6.58846262e-02]
 [ 7.00000000e+00  1.13943942e-16  4.94230073e-02]
 [ 1.60000000e+01  1.41699518e-16  4.60551882e-02]
 [ 1.70000000e+01  1.56307715e-16  5.04386354e-02]
 [ 1.90000000e+01  2.84859855e-17  4.72801051e-02]
 [ 4.00000000e+00 -1.17048184e-16  4.25609853e-02]
 [ 5.00000000e+00  8.76491862e-18  1.24185508e-02]
 [ 1.60000000e+01  1.41699518e-16  9.58621063e-03]
 [ 7.00000000e+00  1.13943942e-16  9.96145772e-03]
 [ 1.70000000e+01  1.56307715e-16  5.21765914e-03]]
['S7'] [[ 1.10000000e+01  1.93558619e-17  1.52486804e-01]
 [ 8.00000000e+00 -2.05610383e-16  7.58483207e-02]
 [ 4.00000000e+00 -1.17048184e-16  6.29701116e-02]
 [ 1.50000000e+01  1.27456525e-16  2.74661088e-02]
 [ 1.40000000e+01 -4.98504746e-17  2.34382147e-02]
 [ 8.00000000e+00 -2.05610383e-16  8.39205415e-03]
 [ 1.40000000e+01 -4.98504746e-17  2.53438955e-04]
 [ 1.10000000e+01  1.93558619e-17  1.41501428e-04]
 [ 8.00000000e+00 -2.05610383e-16  4.47034836e-06]
 [ 8.00000000e+00 -2.05610383e-16  0.00000000e+00]]
['S8'] [[ 4.00000000e+00 -1.17048184e-16  6.58845663e-02]
 [ 1.80000000e+01 -9.76923221e-17  3.43553818e-02]
 [ 1.40000000e+01 -4.98504746e-17  2.94540436e-02]
 [ 1.70000000e+01  1.56307715e-16  1.16482281e-02]
 [ 1.00000000e+00 -3.38910186e-16  6.09000105e-03]
 [ 1.40000000e+01 -4.98504746e-17  1.04820767e-03]
 [ 1.80000000e+01 -9.76923221e-17  8.72016174e-04]
 [ 1.00000000e+00 -3.38910186e-16  1.38878823e-04]
 [ 1.70000000e+01  1.56307715e-16  7.46846200e-05]
 [ 1.40000000e+01 -4.98504746e-17  7.21216203e-05]]
['S9'] [[ 1.10000000e+01  1.93558619e-17  1.52486804e-01]
 [ 1.90000000e+01  2.84859855e-17  6.27177648e-02]
 [ 1.70000000e+01  1.56307715e-16  5.84823529e-02]
 [ 8.00000000e+00 -2.05610383e-16  6.30422207e-02]
 [ 1.60000000e+01  1.41699518e-16  4.67609349e-02]
 [ 4.00000000e+00 -1.17048184e-16  4.56422148e-02]
 [ 1.40000000e+01 -4.98504746e-17  3.78480569e-02]
 [ 6.00000000e+00 -2.99468053e-17  3.82959788e-02]
 [ 1.70000000e+01  1.56307715e-16  1.98096912e-02]
 [ 3.00000000e+00 -7.66930379e-18  1.25974524e-02]]
