['Gerhard Schroeder'] [[7.00000000e+00 5.02243749e-17 0.00000000e+00 3.04294812e-01]
 [7.00000000e+00 5.02243749e-17 0.00000000e+00 6.08589694e-01]
 [7.00000000e+00 5.02243749e-17 0.00000000e+00 1.21717938e+00]
 [7.00000000e+00 5.02243749e-17 0.00000000e+00 2.43435879e+00]
 [7.00000000e+00 5.02243749e-17 0.00000000e+00 4.86871756e+00]
 [7.00000000e+00 5.02243749e-17 0.00000000e+00 9.73743511e+00]
 [7.00000000e+00 5.02243749e-17 0.00000000e+00 1.94748703e+01]
 [7.00000000e+00 5.02243749e-17 0.00000000e+00 3.89497405e+01]
 [7.00000000e+00 5.02243749e-17 0.00000000e+00 0.00000000e+00]
 [7.00000000e+00 5.02243749e-17 0.00000000e+00 0.00000000e+00]]
['Jacques Chirac'] [[6.00000000e+00 1.69176842e-17 0.00000000e+00 4.12361742e-01]
 [6.00000000e+00 1.69176842e-17 0.00000000e+00 8.24723512e-01]
 [6.00000000e+00 1.69176842e-17 0.00000000e+00 1.64944704e+00]
 [6.00000000e+00 1.69176842e-17 0.00000000e+00 3.29889405e+00]
 [6.00000000e+00 1.69176842e-17 0.00000000e+00 6.59778811e+00]
 [6.00000000e+00 1.69176842e-17 0.00000000e+00 1.31955762e+01]
 [6.00000000e+00 1.69176842e-17 0.00000000e+00 2.63911524e+01]
 [6.00000000e+00 1.69176842e-17 0.00000000e+00 0.00000000e+00]
 [6.00000000e+00 1.69176842e-17 0.00000000e+00 0.00000000e+00]
 [6.00000000e+00 1.69176842e-17 0.00000000e+00 0.00000000e+00]]
['Jean Chretien'] [[ 1.00000000e+00 -4.44089210e-17  0.00000000e+00  3.68159652e-01]
 [ 1.00000000e+00 -4.44089210e-17  0.00000000e+00  7.36319270e-01]
 [ 1.00000000e+00 -4.44089210e-17  0.00000000e+00  1.47263860e+00]
 [ 1.00000000e+00 -4.44089210e-17  0.00000000e+00  2.94527719e+00]
 [ 1.00000000e+00 -4.44089210e-17  0.00000000e+00  5.89055440e+00]
 [ 1.00000000e+00 -4.44089210e-17  0.00000000e+00  1.17811088e+01]
 [ 1.00000000e+00 -4.44089210e-17  0.00000000e+00  2.35622176e+01]
 [ 1.00000000e+00 -4.44089210e-17  0.00000000e+00  4.71236189e+01]
 [ 1.00000000e+00 -4.44089210e-17  0.00000000e+00  0.00000000e+00]
 [ 1.00000000e+00 -4.44089210e-17  0.00000000e+00  0.00000000e+00]]
['Junichiro Koizumi'] [[ 3.00000000e+00 -5.60398289e-17  0.00000000e+00  3.90079253e-01]
 [ 3.00000000e+00 -5.60398289e-17  0.00000000e+00  7.80158496e-01]
 [ 3.00000000e+00 -5.60398289e-17  0.00000000e+00  1.56031702e+00]
 [ 3.00000000e+00 -5.60398289e-17  0.00000000e+00  3.12063405e+00]
 [ 3.00000000e+00 -5.60398289e-17  0.00000000e+00  6.24126811e+00]
 [ 3.00000000e+00 -5.60398289e-17  0.00000000e+00  1.24825362e+01]
 [ 3.00000000e+00 -5.60398289e-17  0.00000000e+00  2.49650725e+01]
 [ 3.00000000e+00 -5.60398289e-17  0.00000000e+00  4.98912112e+01]
 [ 3.00000000e+00 -5.60398289e-17  0.00000000e+00  0.00000000e+00]
 [ 3.00000000e+00 -5.60398289e-17  0.00000000e+00  0.00000000e+00]]
['Serena Williams'] [[0.00000000e+00 7.40148683e-18 0.00000000e+00 7.87768111e-01]
 [0.00000000e+00 7.40148683e-18 0.00000000e+00 1.57553623e+00]
 [0.00000000e+00 7.40148683e-18 0.00000000e+00 3.15107253e+00]
 [0.00000000e+00 7.40148683e-18 0.00000000e+00 6.30214502e+00]
 [0.00000000e+00 7.40148683e-18 0.00000000e+00 1.26042901e+01]
 [0.00000000e+00 7.40148683e-18 0.00000000e+00 2.52085801e+01]
 [0.00000000e+00 7.40148683e-18 0.00000000e+00 5.01942791e+01]
 [0.00000000e+00 7.40148683e-18 0.00000000e+00 0.00000000e+00]
 [0.00000000e+00 7.40148683e-18 0.00000000e+00 0.00000000e+00]
 [0.00000000e+00 7.40148683e-18 0.00000000e+00 0.00000000e+00]]
