['Gerhard Schroeder'] [[2.74100000e+03 5.11223846e-02 0.00000000e+00 8.22061661e-01]
 [2.74100000e+03 5.11223846e-02 0.00000000e+00 1.64412337e+00]
 [2.74100000e+03 5.11223846e-02 0.00000000e+00 3.28824676e+00]
 [2.74100000e+03 5.11223846e-02 0.00000000e+00 6.57649356e+00]
 [2.74100000e+03 5.11223846e-02 0.00000000e+00 1.31529871e+01]
 [2.74100000e+03 5.11223846e-02 0.00000000e+00 2.63059742e+01]
 [2.74100000e+03 5.11223846e-02 0.00000000e+00 0.00000000e+00]
 [2.74100000e+03 5.11223846e-02 0.00000000e+00 0.00000000e+00]
 [2.74100000e+03 5.11223846e-02 0.00000000e+00 0.00000000e+00]
 [2.74100000e+03 5.11223846e-02 0.00000000e+00 0.00000000e+00]]
['Jacques Chirac'] [[2.02400000e+03 7.80994546e-02 0.00000000e+00 8.95879709e-01]
 [2.02400000e+03 7.80994546e-02 0.00000000e+00 1.79175946e+00]
 [2.02400000e+03 7.80994546e-02 0.00000000e+00 3.58351891e+00]
 [2.02400000e+03 7.80994546e-02 0.00000000e+00 7.16703783e+00]
 [2.02400000e+03 7.80994546e-02 0.00000000e+00 1.43340757e+01]
 [2.02400000e+03 7.80994546e-02 0.00000000e+00 2.86681513e+01]
 [2.02400000e+03 7.80994546e-02 0.00000000e+00 0.00000000e+00]
 [2.02400000e+03 7.80994546e-02 0.00000000e+00 0.00000000e+00]
 [2.02400000e+03 7.80994546e-02 0.00000000e+00 0.00000000e+00]
 [2.02400000e+03 7.80994546e-02 0.00000000e+00 0.00000000e+00]]
['Jean Chretien'] [[9.90000000e+02 2.79926395e-02 0.00000000e+00 8.22061661e-01]
 [9.90000000e+02 2.79926395e-02 0.00000000e+00 1.64412337e+00]
 [9.90000000e+02 2.79926395e-02 0.00000000e+00 3.28824676e+00]
 [9.90000000e+02 2.79926395e-02 0.00000000e+00 6.57649350e+00]
 [9.90000000e+02 2.79926395e-02 0.00000000e+00 1.31529870e+01]
 [9.90000000e+02 2.79926395e-02 0.00000000e+00 2.63059741e+01]
 [9.90000000e+02 2.79926395e-02 0.00000000e+00 0.00000000e+00]
 [9.90000000e+02 2.79926395e-02 0.00000000e+00 0.00000000e+00]
 [9.90000000e+02 2.79926395e-02 0.00000000e+00 0.00000000e+00]
 [9.90000000e+02 2.79926395e-02 0.00000000e+00 0.00000000e+00]]
['Junichiro Koizumi'] [[7.45000000e+02 3.54623580e-02 0.00000000e+00 9.78419575e-01]
 [7.45000000e+02 3.54623580e-02 0.00000000e+00 1.95683919e+00]
 [7.45000000e+02 3.54623580e-02 0.00000000e+00 3.91367838e+00]
 [7.45000000e+02 3.54623580e-02 0.00000000e+00 7.82735677e+00]
 [7.45000000e+02 3.54623580e-02 0.00000000e+00 1.56547135e+01]
 [7.45000000e+02 3.54623580e-02 0.00000000e+00 3.13094270e+01]
 [7.45000000e+02 3.54623580e-02 0.00000000e+00 0.00000000e+00]
 [7.45000000e+02 3.54623580e-02 0.00000000e+00 0.00000000e+00]
 [7.45000000e+02 3.54623580e-02 0.00000000e+00 0.00000000e+00]
 [7.45000000e+02 3.54623580e-02 0.00000000e+00 0.00000000e+00]]
['Serena Williams'] [[4.47600000e+03 1.13627092e-01 0.00000000e+00 9.78419575e-01]
 [4.47600000e+03 1.13627092e-01 0.00000000e+00 1.95683919e+00]
 [4.47600000e+03 1.13627092e-01 0.00000000e+00 3.91367838e+00]
 [4.47600000e+03 1.13627092e-01 0.00000000e+00 7.82735677e+00]
 [4.47600000e+03 1.13627092e-01 0.00000000e+00 1.56547135e+01]
 [4.47600000e+03 1.13627092e-01 0.00000000e+00 3.13094270e+01]
 [4.47600000e+03 1.13627092e-01 0.00000000e+00 0.00000000e+00]
 [4.47600000e+03 1.13627092e-01 0.00000000e+00 0.00000000e+00]
 [4.47600000e+03 1.13627092e-01 0.00000000e+00 0.00000000e+00]
 [4.47600000e+03 1.13627092e-01 0.00000000e+00 0.00000000e+00]]
