['S1'] [[2.00000000e+00 1.12483122e-16 0.00000000e+00 1.79536073e-01]
 [2.00000000e+00 1.12483122e-16 0.00000000e+00 3.59072122e-01]
 [2.00000000e+00 1.12483122e-16 0.00000000e+00 7.18144227e-01]
 [2.00000000e+00 1.12483122e-16 0.00000000e+00 1.43628844e+00]
 [2.00000000e+00 1.12483122e-16 0.00000000e+00 2.87257688e+00]
 [2.00000000e+00 1.12483122e-16 0.00000000e+00 5.74515376e+00]
 [2.00000000e+00 1.12483122e-16 0.00000000e+00 1.14903075e+01]
 [2.00000000e+00 1.12483122e-16 0.00000000e+00 2.29806151e+01]
 [2.00000000e+00 1.12483122e-16 0.00000000e+00 4.59613291e+01]
 [2.00000000e+00 1.12483122e-16 0.00000000e+00 0.00000000e+00]]
['S10'] [[4.00000000e+00 9.86053344e-17 0.00000000e+00 1.93156325e-01]
 [4.00000000e+00 9.86053344e-17 0.00000000e+00 3.86312657e-01]
 [4.00000000e+00 9.86053344e-17 0.00000000e+00 7.72625386e-01]
 [4.00000000e+00 9.86053344e-17 0.00000000e+00 1.54525072e+00]
 [4.00000000e+00 9.86053344e-17 0.00000000e+00 3.09050144e+00]
 [4.00000000e+00 9.86053344e-17 0.00000000e+00 6.18100287e+00]
 [4.00000000e+00 9.86053344e-17 0.00000000e+00 1.23620057e+01]
 [4.00000000e+00 9.86053344e-17 0.00000000e+00 2.47240114e+01]
 [4.00000000e+00 9.86053344e-17 0.00000000e+00 4.92333728e+01]
 [4.00000000e+00 9.86053344e-17 0.00000000e+00 0.00000000e+00]]
['S11'] [[2.00000000e+00 1.12483122e-16 0.00000000e+00 1.93156325e-01]
 [2.00000000e+00 1.12483122e-16 0.00000000e+00 3.86312588e-01]
 [2.00000000e+00 1.12483122e-16 0.00000000e+00 7.72625180e-01]
 [2.00000000e+00 1.12483122e-16 0.00000000e+00 1.54525045e+00]
 [2.00000000e+00 1.12483122e-16 0.00000000e+00 3.09050088e+00]
 [2.00000000e+00 1.12483122e-16 0.00000000e+00 6.18100180e+00]
 [2.00000000e+00 1.12483122e-16 0.00000000e+00 1.23620036e+01]
 [2.00000000e+00 1.12483122e-16 0.00000000e+00 2.47240071e+01]
 [2.00000000e+00 1.12483122e-16 0.00000000e+00 4.92333728e+01]
 [2.00000000e+00 1.12483122e-16 0.00000000e+00 0.00000000e+00]]
['S12'] [[4.00000000e+00 9.86053344e-17 0.00000000e+00 1.79536012e-01]
 [4.00000000e+00 9.86053344e-17 0.00000000e+00 3.59072054e-01]
 [4.00000000e+00 9.86053344e-17 0.00000000e+00 7.18144083e-01]
 [4.00000000e+00 9.86053344e-17 0.00000000e+00 1.43628815e+00]
 [4.00000000e+00 9.86053344e-17 0.00000000e+00 2.87257633e+00]
 [4.00000000e+00 9.86053344e-17 0.00000000e+00 5.74515264e+00]
 [4.00000000e+00 9.86053344e-17 0.00000000e+00 1.14903053e+01]
 [4.00000000e+00 9.86053344e-17 0.00000000e+00 2.29806106e+01]
 [4.00000000e+00 9.86053344e-17 0.00000000e+00 4.59613291e+01]
 [4.00000000e+00 9.86053344e-17 0.00000000e+00 0.00000000e+00]]
['S13'] [[9.00000000e+00 1.34760624e-16 1.00000000e+00 1.32346252e-01]
 [1.00000000e+00 1.21248041e-16 0.00000000e+00 9.86272363e-02]
 [1.00000000e+00 1.21248041e-16 0.00000000e+00 1.97254433e-01]
 [1.00000000e+00 1.21248041e-16 0.00000000e+00 3.94508916e-01]
 [1.00000000e+00 1.21248041e-16 0.00000000e+00 7.89017853e-01]
 [1.00000000e+00 1.21248041e-16 0.00000000e+00 1.57803564e+00]
 [1.00000000e+00 1.21248041e-16 0.00000000e+00 3.15607129e+00]
 [1.00000000e+00 1.21248041e-16 0.00000000e+00 6.31214263e+00]
 [1.00000000e+00 1.21248041e-16 0.00000000e+00 1.26242853e+01]
 [1.00000000e+00 1.21248041e-16 0.00000000e+00 2.52485705e+01]]
['S14'] [[1.00000000e+00 1.21248041e-16 0.00000000e+00 1.72750764e-01]
 [1.00000000e+00 1.21248041e-16 0.00000000e+00 3.45501604e-01]
 [1.00000000e+00 1.21248041e-16 0.00000000e+00 6.91003184e-01]
 [1.00000000e+00 1.21248041e-16 0.00000000e+00 1.38200634e+00]
 [1.00000000e+00 1.21248041e-16 0.00000000e+00 2.76401273e+00]
 [1.00000000e+00 1.21248041e-16 0.00000000e+00 5.52802541e+00]
 [1.00000000e+00 1.21248041e-16 0.00000000e+00 1.10560509e+01]
 [1.00000000e+00 1.21248041e-16 0.00000000e+00 2.21121017e+01]
 [1.00000000e+00 1.21248041e-16 0.00000000e+00 4.42242030e+01]
 [1.00000000e+00 1.21248041e-16 0.00000000e+00 0.00000000e+00]]
['S15'] [[ 3.00000000e+00 -3.35988547e-16  0.00000000e+00  2.06847800e-01]
 [ 3.00000000e+00 -3.35988547e-16  0.00000000e+00  4.13695637e-01]
 [ 3.00000000e+00 -3.35988547e-16  0.00000000e+00  8.27391239e-01]
 [ 3.00000000e+00 -3.35988547e-16  0.00000000e+00  1.65478247e+00]
 [ 3.00000000e+00 -3.35988547e-16  0.00000000e+00  3.30956494e+00]
 [ 3.00000000e+00 -3.35988547e-16  0.00000000e+00  6.61912985e+00]
 [ 3.00000000e+00 -3.35988547e-16  0.00000000e+00  1.32382597e+01]
 [ 3.00000000e+00 -3.35988547e-16  0.00000000e+00  2.64765195e+01]
 [ 3.00000000e+00 -3.35988547e-16  0.00000000e+00  0.00000000e+00]
 [ 3.00000000e+00 -3.35988547e-16  0.00000000e+00  0.00000000e+00]]
['S16'] [[2.00000000e+00 1.12483122e-16 0.00000000e+00 1.93156325e-01]
 [2.00000000e+00 1.12483122e-16 0.00000000e+00 3.86312588e-01]
 [2.00000000e+00 1.12483122e-16 0.00000000e+00 7.72625180e-01]
 [2.00000000e+00 1.12483122e-16 0.00000000e+00 1.54525045e+00]
 [2.00000000e+00 1.12483122e-16 0.00000000e+00 3.09050088e+00]
 [2.00000000e+00 1.12483122e-16 0.00000000e+00 6.18100180e+00]
 [2.00000000e+00 1.12483122e-16 0.00000000e+00 1.23620036e+01]
 [2.00000000e+00 1.12483122e-16 0.00000000e+00 2.47240071e+01]
 [2.00000000e+00 1.12483122e-16 0.00000000e+00 4.92333728e+01]
 [2.00000000e+00 1.12483122e-16 0.00000000e+00 0.00000000e+00]]
['S17'] [[4.00000000e+00 9.86053344e-17 0.00000000e+00 1.93156325e-01]
 [4.00000000e+00 9.86053344e-17 0.00000000e+00 3.86312588e-01]
 [4.00000000e+00 9.86053344e-17 0.00000000e+00 7.72625180e-01]
 [4.00000000e+00 9.86053344e-17 0.00000000e+00 1.54525045e+00]
 [4.00000000e+00 9.86053344e-17 0.00000000e+00 3.09050088e+00]
 [4.00000000e+00 9.86053344e-17 0.00000000e+00 6.18100175e+00]
 [4.00000000e+00 9.86053344e-17 0.00000000e+00 1.23620035e+01]
 [4.00000000e+00 9.86053344e-17 0.00000000e+00 2.47240070e+01]
 [4.00000000e+00 9.86053344e-17 0.00000000e+00 4.92333728e+01]
 [4.00000000e+00 9.86053344e-17 0.00000000e+00 0.00000000e+00]]
['S18'] [[ 8.00000000e+00 -3.06772152e-17  0.00000000e+00  1.32346252e-01]
 [ 8.00000000e+00 -3.06772152e-17  0.00000000e+00  2.64692508e-01]
 [ 8.00000000e+00 -3.06772152e-17  0.00000000e+00  5.29385006e-01]
 [ 8.00000000e+00 -3.06772152e-17  0.00000000e+00  1.05877007e+00]
 [ 8.00000000e+00 -3.06772152e-17  0.00000000e+00  2.11754009e+00]
 [ 8.00000000e+00 -3.06772152e-17  0.00000000e+00  4.23508018e+00]
 [ 8.00000000e+00 -3.06772152e-17  0.00000000e+00  8.47016039e+00]
 [ 8.00000000e+00 -3.06772152e-17  0.00000000e+00  1.69403208e+01]
 [ 8.00000000e+00 -3.06772152e-17  0.00000000e+00  3.38806415e+01]
 [ 8.00000000e+00 -3.06772152e-17  0.00000000e+00  0.00000000e+00]]
['S19'] [[2.00000000e+00 1.12483122e-16 0.00000000e+00 2.06847800e-01]
 [2.00000000e+00 1.12483122e-16 0.00000000e+00 4.13695637e-01]
 [2.00000000e+00 1.12483122e-16 0.00000000e+00 8.27391239e-01]
 [2.00000000e+00 1.12483122e-16 0.00000000e+00 1.65478247e+00]
 [2.00000000e+00 1.12483122e-16 0.00000000e+00 3.30956494e+00]
 [2.00000000e+00 1.12483122e-16 0.00000000e+00 6.61912985e+00]
 [2.00000000e+00 1.12483122e-16 0.00000000e+00 1.32382598e+01]
 [2.00000000e+00 1.12483122e-16 0.00000000e+00 2.64765195e+01]
 [2.00000000e+00 1.12483122e-16 0.00000000e+00 0.00000000e+00]
 [2.00000000e+00 1.12483122e-16 0.00000000e+00 0.00000000e+00]]
['S2'] [[ 5.00000000e+00 -2.01593128e-16  0.00000000e+00  1.52486804e-01]
 [ 5.00000000e+00 -2.01593128e-16  0.00000000e+00  3.04973571e-01]
 [ 5.00000000e+00 -2.01593128e-16  0.00000000e+00  6.09947133e-01]
 [ 5.00000000e+00 -2.01593128e-16  0.00000000e+00  1.21989429e+00]
 [ 5.00000000e+00 -2.01593128e-16  0.00000000e+00  2.43978861e+00]
 [ 5.00000000e+00 -2.01593128e-16  0.00000000e+00  4.87957720e+00]
 [ 5.00000000e+00 -2.01593128e-16  0.00000000e+00  9.75915441e+00]
 [ 5.00000000e+00 -2.01593128e-16  0.00000000e+00  1.95183088e+01]
 [ 5.00000000e+00 -2.01593128e-16  0.00000000e+00  3.90366176e+01]
 [ 5.00000000e+00 -2.01593128e-16  0.00000000e+00  0.00000000e+00]]
['S3'] [[ 5.00000000e+00 -2.01593128e-16  0.00000000e+00  1.52486804e-01]
 [ 5.00000000e+00 -2.01593128e-16  0.00000000e+00  3.04973571e-01]
 [ 5.00000000e+00 -2.01593128e-16  0.00000000e+00  6.09947133e-01]
 [ 5.00000000e+00 -2.01593128e-16  0.00000000e+00  1.21989424e+00]
 [ 5.00000000e+00 -2.01593128e-16  0.00000000e+00  2.43978851e+00]
 [ 5.00000000e+00 -2.01593128e-16  0.00000000e+00  4.87957701e+00]
 [ 5.00000000e+00 -2.01593128e-16  0.00000000e+00  9.75915404e+00]
 [ 5.00000000e+00 -2.01593128e-16  0.00000000e+00  1.95183081e+01]
 [ 5.00000000e+00 -2.01593128e-16  0.00000000e+00  3.90366162e+01]
 [ 5.00000000e+00 -2.01593128e-16  0.00000000e+00  0.00000000e+00]]
['S4'] [[2.00000000e+00 1.12483122e-16 0.00000000e+00 2.20616173e-01]
 [2.00000000e+00 1.12483122e-16 0.00000000e+00 4.41232262e-01]
 [2.00000000e+00 1.12483122e-16 0.00000000e+00 8.82464573e-01]
 [2.00000000e+00 1.12483122e-16 0.00000000e+00 1.76492918e+00]
 [2.00000000e+00 1.12483122e-16 0.00000000e+00 3.52985832e+00]
 [2.00000000e+00 1.12483122e-16 0.00000000e+00 7.05971669e+00]
 [2.00000000e+00 1.12483122e-16 0.00000000e+00 1.41194334e+01]
 [2.00000000e+00 1.12483122e-16 0.00000000e+00 2.82388667e+01]
 [2.00000000e+00 1.12483122e-16 0.00000000e+00 0.00000000e+00]
 [2.00000000e+00 1.12483122e-16 0.00000000e+00 0.00000000e+00]]
['S5'] [[ 6.00000000e+00 -5.25895117e-17  0.00000000e+00  1.59226859e-01]
 [ 6.00000000e+00 -5.25895117e-17  0.00000000e+00  3.18453713e-01]
 [ 6.00000000e+00 -5.25895117e-17  0.00000000e+00  6.36907482e-01]
 [ 6.00000000e+00 -5.25895117e-17  0.00000000e+00  1.27381494e+00]
 [ 6.00000000e+00 -5.25895117e-17  0.00000000e+00  2.54762984e+00]
 [ 6.00000000e+00 -5.25895117e-17  0.00000000e+00  5.09525971e+00]
 [ 6.00000000e+00 -5.25895117e-17  0.00000000e+00  1.01905194e+01]
 [ 6.00000000e+00 -5.25895117e-17  0.00000000e+00  2.03810388e+01]
 [ 6.00000000e+00 -5.25895117e-17  0.00000000e+00  4.07620776e+01]
 [ 6.00000000e+00 -5.25895117e-17  0.00000000e+00  0.00000000e+00]]
['S6'] [[ 0.00000000e+00 -2.03053948e-16  0.00000000e+00  1.79536073e-01]
 [ 0.00000000e+00 -2.03053948e-16  0.00000000e+00  3.59072122e-01]
 [ 0.00000000e+00 -2.03053948e-16  0.00000000e+00  7.18144227e-01]
 [ 0.00000000e+00 -2.03053948e-16  0.00000000e+00  1.43628848e+00]
 [ 0.00000000e+00 -2.03053948e-16  0.00000000e+00  2.87257695e+00]
 [ 0.00000000e+00 -2.03053948e-16  0.00000000e+00  5.74515384e+00]
 [ 0.00000000e+00 -2.03053948e-16  0.00000000e+00  1.14903077e+01]
 [ 0.00000000e+00 -2.03053948e-16  0.00000000e+00  2.29806155e+01]
 [ 0.00000000e+00 -2.03053948e-16  0.00000000e+00  4.59613291e+01]
 [ 0.00000000e+00 -2.03053948e-16  0.00000000e+00  0.00000000e+00]]
['S7'] [[ 7.00000000e+00 -2.19122965e-17  0.00000000e+00  1.72750825e-01]
 [ 7.00000000e+00 -2.19122965e-17  0.00000000e+00  3.45501604e-01]
 [ 7.00000000e+00 -2.19122965e-17  0.00000000e+00  6.91003277e-01]
 [ 7.00000000e+00 -2.19122965e-17  0.00000000e+00  1.38200654e+00]
 [ 7.00000000e+00 -2.19122965e-17  0.00000000e+00  2.76401308e+00]
 [ 7.00000000e+00 -2.19122965e-17  0.00000000e+00  5.52802616e+00]
 [ 7.00000000e+00 -2.19122965e-17  0.00000000e+00  1.10560523e+01]
 [ 7.00000000e+00 -2.19122965e-17  0.00000000e+00  2.21121046e+01]
 [ 7.00000000e+00 -2.19122965e-17  0.00000000e+00  4.42242030e+01]
 [ 7.00000000e+00 -2.19122965e-17  0.00000000e+00  0.00000000e+00]]
['S8'] [[2.00000000e+00 1.12483122e-16 0.00000000e+00 2.20616173e-01]
 [2.00000000e+00 1.12483122e-16 0.00000000e+00 4.41232262e-01]
 [2.00000000e+00 1.12483122e-16 0.00000000e+00 8.82464573e-01]
 [2.00000000e+00 1.12483122e-16 0.00000000e+00 1.76492918e+00]
 [2.00000000e+00 1.12483122e-16 0.00000000e+00 3.52985832e+00]
 [2.00000000e+00 1.12483122e-16 0.00000000e+00 7.05971669e+00]
 [2.00000000e+00 1.12483122e-16 0.00000000e+00 1.41194334e+01]
 [2.00000000e+00 1.12483122e-16 0.00000000e+00 2.82388667e+01]
 [2.00000000e+00 1.12483122e-16 0.00000000e+00 0.00000000e+00]
 [2.00000000e+00 1.12483122e-16 0.00000000e+00 0.00000000e+00]]
['S9'] [[ 3.00000000e+00 -3.35988547e-16  0.00000000e+00  2.06847738e-01]
 [ 3.00000000e+00 -3.35988547e-16  0.00000000e+00  4.13695567e-01]
 [ 3.00000000e+00 -3.35988547e-16  0.00000000e+00  8.27391128e-01]
 [ 3.00000000e+00 -3.35988547e-16  0.00000000e+00  1.65478225e+00]
 [ 3.00000000e+00 -3.35988547e-16  0.00000000e+00  3.30956450e+00]
 [ 3.00000000e+00 -3.35988547e-16  0.00000000e+00  6.61912899e+00]
 [ 3.00000000e+00 -3.35988547e-16  0.00000000e+00  1.32382580e+01]
 [ 3.00000000e+00 -3.35988547e-16  0.00000000e+00  2.64765159e+01]
 [ 3.00000000e+00 -3.35988547e-16  0.00000000e+00  0.00000000e+00]
 [ 3.00000000e+00 -3.35988547e-16  0.00000000e+00  0.00000000e+00]]
