['S1'] [[ 1.00000000e+00 -2.13279686e-16  1.45760347e-01]
 [ 8.00000000e+00 -1.62150994e-16  7.69864161e-02]
 [ 1.00000000e+00 -2.13279686e-16  2.38514399e-03]
 [ 8.00000000e+00 -1.62150994e-16  7.40289689e-05]
 [ 1.00000000e+00 -2.13279686e-16  2.26497650e-06]
 [ 8.00000000e+00 -1.62150994e-16  5.96046448e-08]
 [ 1.00000000e+00 -2.13279686e-16  0.00000000e+00]
 [ 1.00000000e+00 -2.13279686e-16  0.00000000e+00]
 [ 1.00000000e+00 -2.13279686e-16  0.00000000e+00]
 [ 1.00000000e+00 -2.13279686e-16  0.00000000e+00]]
['S10'] [[ 1.00000000e+00 -2.13279686e-16  6.58846262e-02]
 [ 3.00000000e+00  1.15404762e-16  6.61718579e-02]
 [ 9.00000000e+00  7.85190626e-17  4.55832028e-02]
 [ 8.00000000e+00 -1.62150994e-16  4.94559896e-02]
 [ 5.00000000e+00  1.09561483e-17  4.05108069e-02]
 [ 7.00000000e+00  1.54846896e-16  1.02792426e-02]
 [ 9.00000000e+00  7.85190626e-17  6.11765864e-03]
 [ 1.00000000e+00 -2.13279686e-16  6.07843732e-03]
 [ 5.00000000e+00  1.09561483e-17  2.34449339e-03]
 [ 1.00000000e+00 -2.13279686e-16  2.91109093e-04]]
['S11'] [[9.00000000e+00 7.85190626e-17 7.24951174e-02]
 [3.00000000e+00 1.15404762e-16 5.24781549e-02]
 [7.00000000e+00 1.54846896e-16 3.21806249e-02]
 [3.00000000e+00 1.15404762e-16 3.32320960e-03]
 [7.00000000e+00 1.54846896e-16 3.43263163e-04]
 [3.00000000e+00 1.15404762e-16 3.55243683e-05]
 [7.00000000e+00 1.54846896e-16 3.69548798e-06]
 [3.00000000e+00 1.15404762e-16 2.98023224e-07]
 [7.00000000e+00 1.54846896e-16 5.96046448e-08]
 [3.00000000e+00 1.15404762e-16 5.96046448e-08]]
['S12'] [[ 1.00000000e+00 -2.13279686e-16  1.32346252e-01]
 [ 4.00000000e+00 -4.76592450e-17  1.24673022e-01]
 [ 7.00000000e+00  1.54846896e-16  5.86044833e-02]
 [ 1.00000000e+00 -2.13279686e-16  6.91877914e-03]
 [ 9.00000000e+00  7.85190626e-17  3.15959313e-03]
 [ 4.00000000e+00 -4.76592450e-17  2.02250756e-03]
 [ 9.00000000e+00  7.85190626e-17  1.15275384e-04]
 [ 1.00000000e+00 -2.13279686e-16  5.82933427e-05]
 [ 4.00000000e+00 -4.76592450e-17  9.17911530e-06]
 [ 1.00000000e+00 -2.13279686e-16  4.76837158e-07]]
['S13'] [[ 4.00000000e+00 -4.76592450e-17  6.58846262e-02]
 [ 7.00000000e+00  1.54846896e-16  1.40853898e-02]
 [ 4.00000000e+00 -4.76592450e-17  1.98483470e-04]
 [ 7.00000000e+00  1.54846896e-16  2.80141830e-06]
 [ 7.00000000e+00  1.54846896e-16  1.19209290e-07]
 [ 4.00000000e+00 -4.76592450e-17  0.00000000e+00]
 [ 4.00000000e+00 -4.76592450e-17  0.00000000e+00]
 [ 4.00000000e+00 -4.76592450e-17  0.00000000e+00]
 [ 4.00000000e+00 -4.76592450e-17  0.00000000e+00]
 [ 4.00000000e+00 -4.76592450e-17  0.00000000e+00]]
['S14'] [[ 4.00000000e+00 -4.76592450e-17  1.18979344e-01]
 [ 6.00000000e+00 -8.32667268e-17  3.14413758e-02]
 [ 1.00000000e+00 -2.13279686e-16  3.85995636e-03]
 [ 4.00000000e+00 -4.76592450e-17  1.48487200e-03]
 [ 6.00000000e+00 -8.32667268e-17  1.51216985e-04]
 [ 1.00000000e+00 -2.13279686e-16  5.17368317e-05]
 [ 4.00000000e+00 -4.76592450e-17  8.22544098e-06]
 [ 6.00000000e+00 -8.32667268e-17  1.43051147e-06]
 [ 1.00000000e+00 -2.13279686e-16  3.57627869e-07]
 [ 4.00000000e+00 -4.76592450e-17  1.78813934e-07]]
['S15'] [[ 1.00000000e+00 -2.13279686e-16  1.05654502e-01]
 [ 8.00000000e+00 -1.62150994e-16  8.88183148e-02]
 [ 7.00000000e+00  1.54846896e-16  3.39668429e-02]
 [ 1.00000000e+00 -2.13279686e-16  2.91062223e-03]
 [ 8.00000000e+00 -1.62150994e-16  2.35802372e-03]
 [ 7.00000000e+00  1.54846896e-16  1.84953215e-04]
 [ 1.00000000e+00 -2.13279686e-16  6.46114350e-05]
 [ 8.00000000e+00 -1.62150994e-16  1.40666962e-05]
 [ 7.00000000e+00  1.54846896e-16  1.54972076e-06]
 [ 1.00000000e+00 -2.13279686e-16  3.57627869e-07]]
['S16'] [[ 8.00000000e+00 -1.62150994e-16  4.60851733e-02]
 [ 9.00000000e+00  7.85190626e-17  3.96651495e-02]
 [ 4.00000000e+00 -4.76592450e-17  2.15058097e-02]
 [ 8.00000000e+00 -1.62150994e-16  8.36850866e-03]
 [ 9.00000000e+00  7.85190626e-17  2.57742976e-03]
 [ 1.00000000e+00 -2.13279686e-16  1.38998121e-03]
 [ 4.00000000e+00 -4.76592450e-17  1.19566974e-03]
 [ 8.00000000e+00 -1.62150994e-16  5.39541297e-04]
 [ 9.00000000e+00  7.85190626e-17  1.38163567e-04]
 [ 4.00000000e+00 -4.76592450e-17  7.24792482e-05]]
['S17'] [[ 4.00000000e+00 -4.76592450e-17  1.32346252e-01]
 [ 3.00000000e+00  1.15404762e-16  7.76752572e-02]
 [ 9.00000000e+00  7.85190626e-17  7.09938429e-02]
 [ 7.00000000e+00  1.54846896e-16  5.16000100e-02]
 [ 4.00000000e+00 -4.76592450e-17  1.46298116e-02]
 [ 3.00000000e+00  1.15404762e-16  8.36499174e-03]
 [ 6.00000000e+00 -8.32667268e-17  5.96315776e-03]
 [ 1.00000000e+00 -2.13279686e-16  2.65217449e-03]
 [ 4.00000000e+00 -4.76592450e-17  1.21355116e-03]
 [ 7.00000000e+00  1.54846896e-16  1.21361077e-03]]
['S18'] [[ 1.00000000e+00 -2.13279686e-16  1.59226859e-01]
 [ 4.00000000e+00 -4.76592450e-17  1.26378802e-01]
 [ 1.00000000e+00 -2.13279686e-16  5.89663664e-03]
 [ 4.00000000e+00 -4.76592450e-17  2.76625163e-04]
 [ 1.00000000e+00 -2.13279686e-16  1.29938126e-05]
 [ 4.00000000e+00 -4.76592450e-17  5.36441803e-07]
 [ 1.00000000e+00 -2.13279686e-16  0.00000000e+00]
 [ 1.00000000e+00 -2.13279686e-16  0.00000000e+00]
 [ 1.00000000e+00 -2.13279686e-16  0.00000000e+00]
 [ 1.00000000e+00 -2.13279686e-16  0.00000000e+00]]
['S19'] [[ 1.00000000e+00 -2.13279686e-16  1.59226859e-01]
 [ 5.00000000e+00  1.09561483e-17  5.18930348e-02]
 [ 1.00000000e+00 -2.13279686e-16  6.23997204e-03]
 [ 5.00000000e+00  1.09561483e-17  7.51078270e-04]
 [ 1.00000000e+00 -2.13279686e-16  9.03606417e-05]
 [ 5.00000000e+00  1.09561483e-17  1.09076500e-05]
 [ 1.00000000e+00 -2.13279686e-16  1.31130219e-06]
 [ 5.00000000e+00  1.09561483e-17  1.19209290e-07]
 [ 5.00000000e+00  1.09561483e-17  1.19209290e-07]
 [ 1.00000000e+00 -2.13279686e-16  0.00000000e+00]]
['S2'] [[ 1.00000000e+00 -2.13279686e-16  7.91119395e-02]
 [ 3.00000000e+00  1.15404762e-16  2.64869863e-02]
 [ 8.00000000e+00 -1.62150994e-16  1.92531291e-02]
 [ 1.00000000e+00 -2.13279686e-16  4.01318095e-04]
 [ 8.00000000e+00 -1.62150994e-16  7.15255737e-06]
 [ 1.00000000e+00 -2.13279686e-16  1.19209290e-07]
 [ 1.00000000e+00 -2.13279686e-16  0.00000000e+00]
 [ 1.00000000e+00 -2.13279686e-16  0.00000000e+00]
 [ 1.00000000e+00 -2.13279686e-16  0.00000000e+00]
 [ 1.00000000e+00 -2.13279686e-16  0.00000000e+00]]
['S3'] [[ 9.00000000e+00  7.85190626e-17  7.24951773e-02]
 [ 1.00000000e+00 -2.13279686e-16  2.59816085e-02]
 [ 1.00000000e+00 -2.13279686e-16  0.00000000e+00]
 [ 1.00000000e+00 -2.13279686e-16  0.00000000e+00]
 [ 1.00000000e+00 -2.13279686e-16  0.00000000e+00]
 [ 1.00000000e+00 -2.13279686e-16  0.00000000e+00]
 [ 1.00000000e+00 -2.13279686e-16  0.00000000e+00]
 [ 1.00000000e+00 -2.13279686e-16  0.00000000e+00]
 [ 1.00000000e+00 -2.13279686e-16  0.00000000e+00]
 [ 1.00000000e+00 -2.13279686e-16  0.00000000e+00]]
['S4'] [[ 1.00000000e+00 -2.13279686e-16  1.45760347e-01]
 [ 9.00000000e+00  7.85190626e-17  8.65995368e-02]
 [ 5.00000000e+00  1.09561483e-17  3.85117079e-02]
 [ 4.00000000e+00 -4.76592450e-17  2.15825565e-02]
 [ 1.00000000e+00 -2.13279686e-16  6.00267706e-03]
 [ 9.00000000e+00  7.85190626e-17  2.11614686e-03]
 [ 4.00000000e+00 -4.76592450e-17  2.69830233e-04]
 [ 5.00000000e+00  1.09561483e-17  2.33650212e-04]
 [ 1.00000000e+00 -2.13279686e-16  5.66244126e-05]
 [ 9.00000000e+00  7.85190626e-17  2.07424164e-05]]
['S5'] [[ 1.00000000e+00 -2.13279686e-16  6.58846262e-02]
 [ 9.00000000e+00  7.85190626e-17  5.91018743e-02]
 [ 4.00000000e+00 -4.76592450e-17  4.55828444e-02]
 [ 8.00000000e+00 -1.62150994e-16  4.90300966e-02]
 [ 3.00000000e+00  1.15404762e-16  1.35037166e-02]
 [ 9.00000000e+00  7.85190626e-17  1.03283025e-02]
 [ 4.00000000e+00 -4.76592450e-17  8.22288449e-03]
 [ 6.00000000e+00 -8.32667268e-17  3.00181814e-03]
 [ 1.00000000e+00 -2.13279686e-16  2.70569985e-03]
 [ 8.00000000e+00 -1.62150994e-16  1.44875151e-03]]
['S6'] [[ 7.00000000e+00  1.54846896e-16  5.26802956e-02]
 [ 4.00000000e+00 -4.76592450e-17  4.02996409e-02]
 [ 8.00000000e+00 -1.62150994e-16  1.56179251e-02]
 [ 5.00000000e+00  1.09561483e-17  1.17197038e-02]
 [ 7.00000000e+00  1.54846896e-16  3.53921937e-03]
 [ 4.00000000e+00 -4.76592450e-17  1.85191843e-03]
 [ 5.00000000e+00  1.09561483e-17  4.90486661e-04]
 [ 7.00000000e+00  1.54846896e-16  1.07824803e-04]
 [ 5.00000000e+00  1.09561483e-17  1.59740448e-05]
 [ 7.00000000e+00  1.54846896e-16  2.38418579e-06]]
['S7'] [[ 8.00000000e+00 -1.62150994e-16  8.57357419e-02]
 [ 4.00000000e+00 -4.76592450e-17  5.05772115e-02]
 [ 8.00000000e+00 -1.62150994e-16  6.55201512e-03]
 [ 4.00000000e+00 -4.76592450e-17  8.49485602e-04]
 [ 8.00000000e+00 -1.62150994e-16  1.10149384e-04]
 [ 4.00000000e+00 -4.76592450e-17  1.43647194e-05]
 [ 8.00000000e+00 -1.62150994e-16  1.84774399e-06]
 [ 4.00000000e+00 -4.76592450e-17  1.19209290e-07]
 [ 4.00000000e+00 -4.76592450e-17  5.96046448e-08]
 [ 4.00000000e+00 -4.76592450e-17  0.00000000e+00]]
['S8'] [[ 4.00000000e+00 -4.76592450e-17  6.58845663e-02]
 [ 1.00000000e+00 -2.13279686e-16  1.73884805e-03]
 [ 4.00000000e+00 -4.76592450e-17  4.60743904e-05]
 [ 1.00000000e+00 -2.13279686e-16  1.19209290e-06]
 [ 1.00000000e+00 -2.13279686e-16  0.00000000e+00]
 [ 1.00000000e+00 -2.13279686e-16  0.00000000e+00]
 [ 1.00000000e+00 -2.13279686e-16  0.00000000e+00]
 [ 1.00000000e+00 -2.13279686e-16  0.00000000e+00]
 [ 1.00000000e+00 -2.13279686e-16  0.00000000e+00]
 [ 1.00000000e+00 -2.13279686e-16  0.00000000e+00]]
['S9'] [[ 8.00000000e+00 -1.62150994e-16  7.24951174e-02]
 [ 4.00000000e+00 -4.76592450e-17  3.55630163e-02]
 [ 6.00000000e+00 -8.32667268e-17  3.59733824e-02]
 [ 3.00000000e+00  1.15404762e-16  1.67306773e-02]
 [ 5.00000000e+00  1.09561483e-17  1.18040560e-02]
 [ 4.00000000e+00 -4.76592450e-17  2.70164670e-03]
 [ 9.00000000e+00  7.85190626e-17  2.60305993e-03]
 [ 3.00000000e+00  1.15404762e-16  9.23812652e-04]
 [ 8.00000000e+00 -1.62150994e-16  7.35044612e-04]
 [ 4.00000000e+00 -4.76592450e-17  3.30686581e-04]]
