['Gerhard Schroeder'] [[5.00000000e+00 6.92567696e-17 0.00000000e+00 3.04294812e-01]
 [5.00000000e+00 6.92567696e-17 0.00000000e+00 6.08589652e-01]
 [5.00000000e+00 6.92567696e-17 0.00000000e+00 1.21717943e+00]
 [5.00000000e+00 6.92567696e-17 0.00000000e+00 2.43435876e+00]
 [5.00000000e+00 6.92567696e-17 0.00000000e+00 4.86871759e+00]
 [5.00000000e+00 6.92567696e-17 0.00000000e+00 9.73743520e+00]
 [5.00000000e+00 6.92567696e-17 0.00000000e+00 1.94748703e+01]
 [5.00000000e+00 6.92567696e-17 0.00000000e+00 3.89497407e+01]
 [5.00000000e+00 6.92567696e-17 0.00000000e+00 0.00000000e+00]
 [5.00000000e+00 6.92567696e-17 0.00000000e+00 0.00000000e+00]]
['Jacques Chirac'] [[ 9.00000000e+00 -3.96508223e-18  0.00000000e+00  6.35612467e-01]
 [ 9.00000000e+00 -3.96508223e-18  0.00000000e+00  1.27122499e+00]
 [ 9.00000000e+00 -3.96508223e-18  0.00000000e+00  2.54244992e+00]
 [ 9.00000000e+00 -3.96508223e-18  0.00000000e+00  5.08489990e+00]
 [ 9.00000000e+00 -3.96508223e-18  0.00000000e+00  1.01697998e+01]
 [ 9.00000000e+00 -3.96508223e-18  0.00000000e+00  2.03395996e+01]
 [ 9.00000000e+00 -3.96508223e-18  0.00000000e+00  4.06791991e+01]
 [ 9.00000000e+00 -3.96508223e-18  0.00000000e+00  0.00000000e+00]
 [ 9.00000000e+00 -3.96508223e-18  0.00000000e+00  0.00000000e+00]
 [ 9.00000000e+00 -3.96508223e-18  0.00000000e+00  0.00000000e+00]]
['Jean Chretien'] [[ 3.00000000e+00  2.45306421e-16  1.00000000e+00  6.63899025e-01]
 [ 0.00000000e+00 -8.77604867e-17  0.00000000e+00  4.37152679e-01]
 [ 0.00000000e+00 -8.77604867e-17  0.00000000e+00  8.74305327e-01]
 [ 0.00000000e+00 -8.77604867e-17  0.00000000e+00  1.74861062e+00]
 [ 0.00000000e+00 -8.77604867e-17  0.00000000e+00  3.49722125e+00]
 [ 0.00000000e+00 -8.77604867e-17  0.00000000e+00  6.99444254e+00]
 [ 0.00000000e+00 -8.77604867e-17  0.00000000e+00  1.39888851e+01]
 [ 0.00000000e+00 -8.77604867e-17  0.00000000e+00  2.79777701e+01]
 [ 0.00000000e+00 -8.77604867e-17  0.00000000e+00  0.00000000e+00]
 [ 0.00000000e+00 -8.77604867e-17  0.00000000e+00  0.00000000e+00]]
['Junichiro Koizumi'] [[ 8.00000000e+00 -1.02794757e-16  0.00000000e+00  4.58145335e-01]
 [ 8.00000000e+00 -1.02794757e-16  0.00000000e+00  9.16290671e-01]
 [ 8.00000000e+00 -1.02794757e-16  0.00000000e+00  1.83258139e+00]
 [ 8.00000000e+00 -1.02794757e-16  0.00000000e+00  3.66516271e+00]
 [ 8.00000000e+00 -1.02794757e-16  0.00000000e+00  7.33032547e+00]
 [ 8.00000000e+00 -1.02794757e-16  0.00000000e+00  1.46606509e+01]
 [ 8.00000000e+00 -1.02794757e-16  0.00000000e+00  2.93213019e+01]
 [ 8.00000000e+00 -1.02794757e-16  0.00000000e+00  0.00000000e+00]
 [ 8.00000000e+00 -1.02794757e-16  0.00000000e+00  0.00000000e+00]
 [ 8.00000000e+00 -1.02794757e-16  0.00000000e+00  0.00000000e+00]]
['Serena Williams'] [[ 0.00000000e+00 -8.77604867e-17  0.00000000e+00  9.78419575e-01]
 [ 0.00000000e+00 -8.77604867e-17  0.00000000e+00  1.95683919e+00]
 [ 0.00000000e+00 -8.77604867e-17  0.00000000e+00  3.91367841e+00]
 [ 0.00000000e+00 -8.77604867e-17  0.00000000e+00  7.82735681e+00]
 [ 0.00000000e+00 -8.77604867e-17  0.00000000e+00  1.56547136e+01]
 [ 0.00000000e+00 -8.77604867e-17  0.00000000e+00  3.13094272e+01]
 [ 0.00000000e+00 -8.77604867e-17  0.00000000e+00  0.00000000e+00]
 [ 0.00000000e+00 -8.77604867e-17  0.00000000e+00  0.00000000e+00]
 [ 0.00000000e+00 -8.77604867e-17  0.00000000e+00  0.00000000e+00]
 [ 0.00000000e+00 -8.77604867e-17  0.00000000e+00  0.00000000e+00]]
