['Gerhard Schroeder'] [[1.57000000e+02 5.71938331e-03 0.00000000e+00 8.95879648e-01]
 [1.57000000e+02 5.71938331e-03 0.00000000e+00 1.79175935e+00]
 [1.57000000e+02 5.71938331e-03 0.00000000e+00 3.58351869e+00]
 [1.57000000e+02 5.71938331e-03 0.00000000e+00 7.16703745e+00]
 [1.57000000e+02 5.71938331e-03 0.00000000e+00 1.43340749e+01]
 [1.57000000e+02 5.71938331e-03 0.00000000e+00 2.86681498e+01]
 [1.57000000e+02 5.71938331e-03 0.00000000e+00 0.00000000e+00]
 [1.57000000e+02 5.71938331e-03 0.00000000e+00 0.00000000e+00]
 [1.57000000e+02 5.71938331e-03 0.00000000e+00 0.00000000e+00]
 [1.57000000e+02 5.71938331e-03 0.00000000e+00 0.00000000e+00]]
['Jacques Chirac'] [[8.09900000e+03 1.64615798e-02 0.00000000e+00 9.35901058e-01]
 [8.09900000e+03 1.64615798e-02 0.00000000e+00 1.87180219e+00]
 [8.09900000e+03 1.64615798e-02 0.00000000e+00 3.74360431e+00]
 [8.09900000e+03 1.64615798e-02 0.00000000e+00 7.48720865e+00]
 [8.09900000e+03 1.64615798e-02 0.00000000e+00 1.49744173e+01]
 [8.09900000e+03 1.64615798e-02 0.00000000e+00 2.99488345e+01]
 [8.09900000e+03 1.64615798e-02 0.00000000e+00 0.00000000e+00]
 [8.09900000e+03 1.64615798e-02 0.00000000e+00 0.00000000e+00]
 [8.09900000e+03 1.64615798e-02 0.00000000e+00 0.00000000e+00]
 [8.09900000e+03 1.64615798e-02 0.00000000e+00 0.00000000e+00]]
['Jean Chretien'] [[4.92000000e+03 1.27299087e-02 0.00000000e+00 9.78419575e-01]
 [4.92000000e+03 1.27299087e-02 0.00000000e+00 1.95683919e+00]
 [4.92000000e+03 1.27299087e-02 0.00000000e+00 3.91367838e+00]
 [4.92000000e+03 1.27299087e-02 0.00000000e+00 7.82735677e+00]
 [4.92000000e+03 1.27299087e-02 0.00000000e+00 1.56547135e+01]
 [4.92000000e+03 1.27299087e-02 0.00000000e+00 3.13094270e+01]
 [4.92000000e+03 1.27299087e-02 0.00000000e+00 0.00000000e+00]
 [4.92000000e+03 1.27299087e-02 0.00000000e+00 0.00000000e+00]
 [4.92000000e+03 1.27299087e-02 0.00000000e+00 0.00000000e+00]
 [4.92000000e+03 1.27299087e-02 0.00000000e+00 0.00000000e+00]]
['Junichiro Koizumi'] [[6.71400000e+03 2.35866672e-03 0.00000000e+00 8.95879709e-01]
 [6.71400000e+03 2.35866672e-03 0.00000000e+00 1.79175946e+00]
 [6.71400000e+03 2.35866672e-03 0.00000000e+00 3.58351891e+00]
 [6.71400000e+03 2.35866672e-03 0.00000000e+00 7.16703783e+00]
 [6.71400000e+03 2.35866672e-03 0.00000000e+00 1.43340757e+01]
 [6.71400000e+03 2.35866672e-03 0.00000000e+00 2.86681513e+01]
 [6.71400000e+03 2.35866672e-03 0.00000000e+00 0.00000000e+00]
 [6.71400000e+03 2.35866672e-03 0.00000000e+00 0.00000000e+00]
 [6.71400000e+03 2.35866672e-03 0.00000000e+00 0.00000000e+00]
 [6.71400000e+03 2.35866672e-03 0.00000000e+00 0.00000000e+00]]
['Serena Williams'] [[1.66960000e+04 8.37207846e-02 0.00000000e+00 1.18356174e+00]
 [1.66960000e+04 8.37207846e-02 0.00000000e+00 2.36712354e+00]
 [1.66960000e+04 8.37207846e-02 0.00000000e+00 4.73424708e+00]
 [1.66960000e+04 8.37207846e-02 0.00000000e+00 9.46849416e+00]
 [1.66960000e+04 8.37207846e-02 0.00000000e+00 1.89369884e+01]
 [1.66960000e+04 8.37207846e-02 0.00000000e+00 3.78739767e+01]
 [1.66960000e+04 8.37207846e-02 0.00000000e+00 0.00000000e+00]
 [1.66960000e+04 8.37207846e-02 0.00000000e+00 0.00000000e+00]
 [1.66960000e+04 8.37207846e-02 0.00000000e+00 0.00000000e+00]
 [1.66960000e+04 8.37207846e-02 0.00000000e+00 0.00000000e+00]]
