['S1'] [[2.23600000e+03 1.01465641e-02 0.00000000e+00 5.85035652e-01]
 [2.23600000e+03 1.01465641e-02 0.00000000e+00 1.17007136e+00]
 [2.23600000e+03 1.01465641e-02 0.00000000e+00 2.34014264e+00]
 [2.23600000e+03 1.01465641e-02 0.00000000e+00 4.68028528e+00]
 [2.23600000e+03 1.01465641e-02 0.00000000e+00 9.36057059e+00]
 [2.23600000e+03 1.01465641e-02 0.00000000e+00 1.87211412e+01]
 [2.23600000e+03 1.01465641e-02 0.00000000e+00 3.74422823e+01]
 [2.23600000e+03 1.01465641e-02 0.00000000e+00 0.00000000e+00]
 [2.23600000e+03 1.01465641e-02 0.00000000e+00 0.00000000e+00]
 [2.23600000e+03 1.01465641e-02 0.00000000e+00 0.00000000e+00]]
['S10'] [[6.50000000e+01 2.86391752e-02 0.00000000e+00 6.41307947e-01]
 [6.50000000e+01 2.86391752e-02 0.00000000e+00 1.28261593e+00]
 [6.50000000e+01 2.86391752e-02 0.00000000e+00 2.56523184e+00]
 [6.50000000e+01 2.86391752e-02 0.00000000e+00 5.13046367e+00]
 [6.50000000e+01 2.86391752e-02 0.00000000e+00 1.02609274e+01]
 [6.50000000e+01 2.86391752e-02 0.00000000e+00 2.05218548e+01]
 [6.50000000e+01 2.86391752e-02 0.00000000e+00 4.10437096e+01]
 [6.50000000e+01 2.86391752e-02 0.00000000e+00 0.00000000e+00]
 [6.50000000e+01 2.86391752e-02 0.00000000e+00 0.00000000e+00]
 [6.50000000e+01 2.86391752e-02 0.00000000e+00 0.00000000e+00]]
['S11'] [[2.02000000e+02 1.29906389e-02 0.00000000e+00 6.51038129e-01]
 [2.02000000e+02 1.29906389e-02 0.00000000e+00 1.30207627e+00]
 [2.02000000e+02 1.29906389e-02 0.00000000e+00 2.60415251e+00]
 [2.02000000e+02 1.29906389e-02 0.00000000e+00 5.20830505e+00]
 [2.02000000e+02 1.29906389e-02 0.00000000e+00 1.04166101e+01]
 [2.02000000e+02 1.29906389e-02 0.00000000e+00 2.08332202e+01]
 [2.02000000e+02 1.29906389e-02 0.00000000e+00 4.16664404e+01]
 [2.02000000e+02 1.29906389e-02 0.00000000e+00 0.00000000e+00]
 [2.02000000e+02 1.29906389e-02 0.00000000e+00 0.00000000e+00]
 [2.02000000e+02 1.29906389e-02 0.00000000e+00 0.00000000e+00]]
['S12'] [[2.38000000e+02 1.14838223e-02 0.00000000e+00 5.31913152e-01]
 [2.38000000e+02 1.14838223e-02 0.00000000e+00 1.06382624e+00]
 [2.38000000e+02 1.14838223e-02 0.00000000e+00 2.12765247e+00]
 [2.38000000e+02 1.14838223e-02 0.00000000e+00 4.25530496e+00]
 [2.38000000e+02 1.14838223e-02 0.00000000e+00 8.51060987e+00]
 [2.38000000e+02 1.14838223e-02 0.00000000e+00 1.70212198e+01]
 [2.38000000e+02 1.14838223e-02 0.00000000e+00 3.40424395e+01]
 [2.38000000e+02 1.14838223e-02 0.00000000e+00 0.00000000e+00]
 [2.38000000e+02 1.14838223e-02 0.00000000e+00 0.00000000e+00]
 [2.38000000e+02 1.14838223e-02 0.00000000e+00 0.00000000e+00]]
['S13'] [[2.99200000e+03 1.24591281e-02 0.00000000e+00 5.85035611e-01]
 [2.99200000e+03 1.24591281e-02 0.00000000e+00 1.17007126e+00]
 [2.99200000e+03 1.24591281e-02 0.00000000e+00 2.34014244e+00]
 [2.99200000e+03 1.24591281e-02 0.00000000e+00 4.68028494e+00]
 [2.99200000e+03 1.24591281e-02 0.00000000e+00 9.36056987e+00]
 [2.99200000e+03 1.24591281e-02 0.00000000e+00 1.87211397e+01]
 [2.99200000e+03 1.24591281e-02 0.00000000e+00 3.74422795e+01]
 [2.99200000e+03 1.24591281e-02 0.00000000e+00 0.00000000e+00]
 [2.99200000e+03 1.24591281e-02 0.00000000e+00 0.00000000e+00]
 [2.99200000e+03 1.24591281e-02 0.00000000e+00 0.00000000e+00]]
['S14'] [[3.23000000e+02 9.01573987e-02 0.00000000e+00 6.22162061e-01]
 [3.23000000e+02 9.01573987e-02 0.00000000e+00 1.24432405e+00]
 [3.23000000e+02 9.01573987e-02 0.00000000e+00 2.48864817e+00]
 [3.23000000e+02 9.01573987e-02 0.00000000e+00 4.97729635e+00]
 [3.23000000e+02 9.01573987e-02 0.00000000e+00 9.95459270e+00]
 [3.23000000e+02 9.01573987e-02 0.00000000e+00 1.99091854e+01]
 [3.23000000e+02 9.01573987e-02 0.00000000e+00 3.98183707e+01]
 [3.23000000e+02 9.01573987e-02 0.00000000e+00 0.00000000e+00]
 [3.23000000e+02 9.01573987e-02 0.00000000e+00 0.00000000e+00]
 [3.23000000e+02 9.01573987e-02 0.00000000e+00 0.00000000e+00]]
['S15'] [[2.84000000e+02 2.07245687e-02 0.00000000e+00 7.44038486e-01]
 [2.84000000e+02 2.07245687e-02 0.00000000e+00 1.48807707e+00]
 [2.84000000e+02 2.07245687e-02 0.00000000e+00 2.97615407e+00]
 [2.84000000e+02 2.07245687e-02 0.00000000e+00 5.95230814e+00]
 [2.84000000e+02 2.07245687e-02 0.00000000e+00 1.19046163e+01]
 [2.84000000e+02 2.07245687e-02 0.00000000e+00 2.38092326e+01]
 [2.84000000e+02 2.07245687e-02 0.00000000e+00 4.76141133e+01]
 [2.84000000e+02 2.07245687e-02 0.00000000e+00 0.00000000e+00]
 [2.84000000e+02 2.07245687e-02 0.00000000e+00 0.00000000e+00]
 [2.84000000e+02 2.07245687e-02 0.00000000e+00 0.00000000e+00]]
['S16'] [[3.23000000e+02 9.01573987e-02 0.00000000e+00 5.31913074e-01]
 [3.23000000e+02 9.01573987e-02 0.00000000e+00 1.06382616e+00]
 [3.23000000e+02 9.01573987e-02 0.00000000e+00 2.12765230e+00]
 [3.23000000e+02 9.01573987e-02 0.00000000e+00 4.25530460e+00]
 [3.23000000e+02 9.01573987e-02 0.00000000e+00 8.51060922e+00]
 [3.23000000e+02 9.01573987e-02 0.00000000e+00 1.70212184e+01]
 [3.23000000e+02 9.01573987e-02 0.00000000e+00 3.40424369e+01]
 [3.23000000e+02 9.01573987e-02 0.00000000e+00 0.00000000e+00]
 [3.23000000e+02 9.01573987e-02 0.00000000e+00 0.00000000e+00]
 [3.23000000e+02 9.01573987e-02 0.00000000e+00 0.00000000e+00]]
['S17'] [[2.84000000e+02 2.07245687e-02 0.00000000e+00 6.03412892e-01]
 [2.84000000e+02 2.07245687e-02 0.00000000e+00 1.20682580e+00]
 [2.84000000e+02 2.07245687e-02 0.00000000e+00 2.41365166e+00]
 [2.84000000e+02 2.07245687e-02 0.00000000e+00 4.82730328e+00]
 [2.84000000e+02 2.07245687e-02 0.00000000e+00 9.65460660e+00]
 [2.84000000e+02 2.07245687e-02 0.00000000e+00 1.93092132e+01]
 [2.84000000e+02 2.07245687e-02 0.00000000e+00 3.86184263e+01]
 [2.84000000e+02 2.07245687e-02 0.00000000e+00 0.00000000e+00]
 [2.84000000e+02 2.07245687e-02 0.00000000e+00 0.00000000e+00]
 [2.84000000e+02 2.07245687e-02 0.00000000e+00 0.00000000e+00]]
['S18'] [[6.70000000e+01 1.33206207e-02 0.00000000e+00 5.85035652e-01]
 [6.70000000e+01 1.33206207e-02 0.00000000e+00 1.17007131e+00]
 [6.70000000e+01 1.33206207e-02 0.00000000e+00 2.34014259e+00]
 [6.70000000e+01 1.33206207e-02 0.00000000e+00 4.68028520e+00]
 [6.70000000e+01 1.33206207e-02 0.00000000e+00 9.36057035e+00]
 [6.70000000e+01 1.33206207e-02 0.00000000e+00 1.87211407e+01]
 [6.70000000e+01 1.33206207e-02 0.00000000e+00 3.74422815e+01]
 [6.70000000e+01 1.33206207e-02 0.00000000e+00 0.00000000e+00]
 [6.70000000e+01 1.33206207e-02 0.00000000e+00 0.00000000e+00]
 [6.70000000e+01 1.33206207e-02 0.00000000e+00 0.00000000e+00]]
['S19'] [[4.90000000e+02 2.02172573e-02 0.00000000e+00 6.60877915e-01]
 [4.90000000e+02 2.02172573e-02 0.00000000e+00 1.32175575e+00]
 [4.90000000e+02 2.02172573e-02 0.00000000e+00 2.64351158e+00]
 [4.90000000e+02 2.02172573e-02 0.00000000e+00 5.28702314e+00]
 [4.90000000e+02 2.02172573e-02 0.00000000e+00 1.05740463e+01]
 [4.90000000e+02 2.02172573e-02 0.00000000e+00 2.11480926e+01]
 [4.90000000e+02 2.02172573e-02 0.00000000e+00 4.22961853e+01]
 [4.90000000e+02 2.02172573e-02 0.00000000e+00 0.00000000e+00]
 [4.90000000e+02 2.02172573e-02 0.00000000e+00 0.00000000e+00]
 [4.90000000e+02 2.02172573e-02 0.00000000e+00 0.00000000e+00]]
['S2'] [[2.02000000e+02 1.29906389e-02 0.00000000e+00 6.12739509e-01]
 [2.02000000e+02 1.29906389e-02 0.00000000e+00 1.22547903e+00]
 [2.02000000e+02 1.29906389e-02 0.00000000e+00 2.45095804e+00]
 [2.02000000e+02 1.29906389e-02 0.00000000e+00 4.90191612e+00]
 [2.02000000e+02 1.29906389e-02 0.00000000e+00 9.80383223e+00]
 [2.02000000e+02 1.29906389e-02 0.00000000e+00 1.96076644e+01]
 [2.02000000e+02 1.29906389e-02 0.00000000e+00 3.92153288e+01]
 [2.02000000e+02 1.29906389e-02 0.00000000e+00 0.00000000e+00]
 [2.02000000e+02 1.29906389e-02 0.00000000e+00 0.00000000e+00]
 [2.02000000e+02 1.29906389e-02 0.00000000e+00 0.00000000e+00]]
['S3'] [[2.55200000e+03 2.19874090e-02 0.00000000e+00 5.31913074e-01]
 [2.55200000e+03 2.19874090e-02 0.00000000e+00 1.06382616e+00]
 [2.55200000e+03 2.19874090e-02 0.00000000e+00 2.12765234e+00]
 [2.55200000e+03 2.19874090e-02 0.00000000e+00 4.25530463e+00]
 [2.55200000e+03 2.19874090e-02 0.00000000e+00 8.51060930e+00]
 [2.55200000e+03 2.19874090e-02 0.00000000e+00 1.70212186e+01]
 [2.55200000e+03 2.19874090e-02 0.00000000e+00 3.40424372e+01]
 [2.55200000e+03 2.19874090e-02 0.00000000e+00 0.00000000e+00]
 [2.55200000e+03 2.19874090e-02 0.00000000e+00 0.00000000e+00]
 [2.55200000e+03 2.19874090e-02 0.00000000e+00 0.00000000e+00]]
['S4'] [[2.38000000e+02 1.14838223e-02 0.00000000e+00 7.22444303e-01]
 [2.38000000e+02 1.14838223e-02 0.00000000e+00 1.44488860e+00]
 [2.38000000e+02 1.14838223e-02 0.00000000e+00 2.88977718e+00]
 [2.38000000e+02 1.14838223e-02 0.00000000e+00 5.77955436e+00]
 [2.38000000e+02 1.14838223e-02 0.00000000e+00 1.15591087e+01]
 [2.38000000e+02 1.14838223e-02 0.00000000e+00 2.31182174e+01]
 [2.38000000e+02 1.14838223e-02 0.00000000e+00 4.62366253e+01]
 [2.38000000e+02 1.14838223e-02 0.00000000e+00 0.00000000e+00]
 [2.38000000e+02 1.14838223e-02 0.00000000e+00 0.00000000e+00]
 [2.38000000e+02 1.14838223e-02 0.00000000e+00 0.00000000e+00]]
['S5'] [[1.44000000e+02 4.49713403e-02 0.00000000e+00 6.31683779e-01]
 [1.44000000e+02 4.49713403e-02 0.00000000e+00 1.26336754e+00]
 [1.44000000e+02 4.49713403e-02 0.00000000e+00 2.52673508e+00]
 [1.44000000e+02 4.49713403e-02 0.00000000e+00 5.05347016e+00]
 [1.44000000e+02 4.49713403e-02 0.00000000e+00 1.01069403e+01]
 [1.44000000e+02 4.49713403e-02 0.00000000e+00 2.02138806e+01]
 [1.44000000e+02 4.49713403e-02 0.00000000e+00 4.04277613e+01]
 [1.44000000e+02 4.49713403e-02 0.00000000e+00 0.00000000e+00]
 [1.44000000e+02 4.49713403e-02 0.00000000e+00 0.00000000e+00]
 [1.44000000e+02 4.49713403e-02 0.00000000e+00 0.00000000e+00]]
['S6'] [[8.37000000e+02 1.05715413e-01 0.00000000e+00 5.75979113e-01]
 [8.37000000e+02 1.05715413e-01 0.00000000e+00 1.15195826e+00]
 [8.37000000e+02 1.05715413e-01 0.00000000e+00 2.30391647e+00]
 [8.37000000e+02 1.05715413e-01 0.00000000e+00 4.60783298e+00]
 [8.37000000e+02 1.05715413e-01 0.00000000e+00 9.21566590e+00]
 [8.37000000e+02 1.05715413e-01 0.00000000e+00 1.84313319e+01]
 [8.37000000e+02 1.05715413e-01 0.00000000e+00 3.68626637e+01]
 [8.37000000e+02 1.05715413e-01 0.00000000e+00 0.00000000e+00]
 [8.37000000e+02 1.05715413e-01 0.00000000e+00 0.00000000e+00]
 [8.37000000e+02 1.05715413e-01 0.00000000e+00 0.00000000e+00]]
['S7'] [[3.51600000e+03 5.79587596e-02 0.00000000e+00 6.31683736e-01]
 [3.51600000e+03 5.79587596e-02 0.00000000e+00 1.26336749e+00]
 [3.51600000e+03 5.79587596e-02 0.00000000e+00 2.52673500e+00]
 [3.51600000e+03 5.79587596e-02 0.00000000e+00 5.05346998e+00]
 [3.51600000e+03 5.79587596e-02 0.00000000e+00 1.01069400e+01]
 [3.51600000e+03 5.79587596e-02 0.00000000e+00 2.02138800e+01]
 [3.51600000e+03 5.79587596e-02 0.00000000e+00 4.04277600e+01]
 [3.51600000e+03 5.79587596e-02 0.00000000e+00 0.00000000e+00]
 [3.51600000e+03 5.79587596e-02 0.00000000e+00 0.00000000e+00]
 [3.51600000e+03 5.79587596e-02 0.00000000e+00 0.00000000e+00]]
['S8'] [[2.84000000e+02 2.07245687e-02 0.00000000e+00 7.89092673e-01]
 [2.84000000e+02 2.07245687e-02 0.00000000e+00 1.57818535e+00]
 [2.84000000e+02 2.07245687e-02 0.00000000e+00 3.15637076e+00]
 [2.84000000e+02 2.07245687e-02 0.00000000e+00 6.31274150e+00]
 [2.84000000e+02 2.07245687e-02 0.00000000e+00 1.26254830e+01]
 [2.84000000e+02 2.07245687e-02 0.00000000e+00 2.52509659e+01]
 [2.84000000e+02 2.07245687e-02 0.00000000e+00 0.00000000e+00]
 [2.84000000e+02 2.07245687e-02 0.00000000e+00 0.00000000e+00]
 [2.84000000e+02 2.07245687e-02 0.00000000e+00 0.00000000e+00]
 [2.84000000e+02 2.07245687e-02 0.00000000e+00 0.00000000e+00]]
['S9'] [[3.32200000e+03 5.47513037e-02 0.00000000e+00 5.67007121e-01]
 [3.32200000e+03 5.47513037e-02 0.00000000e+00 1.13401423e+00]
 [3.32200000e+03 5.47513037e-02 0.00000000e+00 2.26802846e+00]
 [3.32200000e+03 5.47513037e-02 0.00000000e+00 4.53605690e+00]
 [3.32200000e+03 5.47513037e-02 0.00000000e+00 9.07211383e+00]
 [3.32200000e+03 5.47513037e-02 0.00000000e+00 1.81442277e+01]
 [3.32200000e+03 5.47513037e-02 0.00000000e+00 3.62884553e+01]
 [3.32200000e+03 5.47513037e-02 0.00000000e+00 0.00000000e+00]
 [3.32200000e+03 5.47513037e-02 0.00000000e+00 0.00000000e+00]
 [3.32200000e+03 5.47513037e-02 0.00000000e+00 0.00000000e+00]]
