['S1'] [[1.00000000e+00 4.52854128e-17 0.00000000e+00 1.99992782e-01]
 [1.00000000e+00 4.52854128e-17 0.00000000e+00 3.99985524e-01]
 [1.00000000e+00 4.52854128e-17 0.00000000e+00 7.99971126e-01]
 [1.00000000e+00 4.52854128e-17 0.00000000e+00 1.59994222e+00]
 [1.00000000e+00 4.52854128e-17 0.00000000e+00 3.19988447e+00]
 [1.00000000e+00 4.52854128e-17 0.00000000e+00 6.39976898e+00]
 [1.00000000e+00 4.52854128e-17 0.00000000e+00 1.27995379e+01]
 [1.00000000e+00 4.52854128e-17 0.00000000e+00 2.55990758e+01]
 [1.00000000e+00 4.52854128e-17 0.00000000e+00 0.00000000e+00]
 [1.00000000e+00 4.52854128e-17 0.00000000e+00 0.00000000e+00]]
['S10'] [[8.00000000e+00 2.75729731e-17 0.00000000e+00 1.39047084e-01]
 [8.00000000e+00 2.75729731e-17 0.00000000e+00 2.78094236e-01]
 [8.00000000e+00 2.75729731e-17 0.00000000e+00 5.56188481e-01]
 [8.00000000e+00 2.75729731e-17 0.00000000e+00 1.11237692e+00]
 [8.00000000e+00 2.75729731e-17 0.00000000e+00 2.22475389e+00]
 [8.00000000e+00 2.75729731e-17 0.00000000e+00 4.44950774e+00]
 [8.00000000e+00 2.75729731e-17 0.00000000e+00 8.89901551e+00]
 [8.00000000e+00 2.75729731e-17 0.00000000e+00 1.77980310e+01]
 [8.00000000e+00 2.75729731e-17 0.00000000e+00 3.55960620e+01]
 [8.00000000e+00 2.75729731e-17 0.00000000e+00 0.00000000e+00]]
['S11'] [[1.00000000e+00 4.52854128e-17 0.00000000e+00 2.27531005e-01]
 [1.00000000e+00 4.52854128e-17 0.00000000e+00 4.55062009e-01]
 [1.00000000e+00 4.52854128e-17 0.00000000e+00 9.10124060e-01]
 [1.00000000e+00 4.52854128e-17 0.00000000e+00 1.82024812e+00]
 [1.00000000e+00 4.52854128e-17 0.00000000e+00 3.64049621e+00]
 [1.00000000e+00 4.52854128e-17 0.00000000e+00 7.28099246e+00]
 [1.00000000e+00 4.52854128e-17 0.00000000e+00 1.45619849e+01]
 [1.00000000e+00 4.52854128e-17 0.00000000e+00 2.91239698e+01]
 [1.00000000e+00 4.52854128e-17 0.00000000e+00 0.00000000e+00]
 [1.00000000e+00 4.52854128e-17 0.00000000e+00 0.00000000e+00]]
['S12'] [[1.00000000e+00 4.52854128e-17 0.00000000e+00 1.05654502e-01]
 [1.00000000e+00 4.52854128e-17 0.00000000e+00 2.11309086e-01]
 [1.00000000e+00 4.52854128e-17 0.00000000e+00 4.22618166e-01]
 [1.00000000e+00 4.52854128e-17 0.00000000e+00 8.45236324e-01]
 [1.00000000e+00 4.52854128e-17 0.00000000e+00 1.69047261e+00]
 [1.00000000e+00 4.52854128e-17 0.00000000e+00 3.38094521e+00]
 [1.00000000e+00 4.52854128e-17 0.00000000e+00 6.76189049e+00]
 [1.00000000e+00 4.52854128e-17 0.00000000e+00 1.35237810e+01]
 [1.00000000e+00 4.52854128e-17 0.00000000e+00 2.70475619e+01]
 [1.00000000e+00 4.52854128e-17 0.00000000e+00 0.00000000e+00]]
['S13'] [[4.00000000e+00 3.68856992e-17 0.00000000e+00 1.25657154e-01]
 [4.00000000e+00 3.68856992e-17 0.00000000e+00 2.51314349e-01]
 [4.00000000e+00 3.68856992e-17 0.00000000e+00 5.02628675e-01]
 [4.00000000e+00 3.68856992e-17 0.00000000e+00 1.00525737e+00]
 [4.00000000e+00 3.68856992e-17 0.00000000e+00 2.01051475e+00]
 [4.00000000e+00 3.68856992e-17 0.00000000e+00 4.02102954e+00]
 [4.00000000e+00 3.68856992e-17 0.00000000e+00 8.04205903e+00]
 [4.00000000e+00 3.68856992e-17 0.00000000e+00 1.60841181e+01]
 [4.00000000e+00 3.68856992e-17 0.00000000e+00 3.21682362e+01]
 [4.00000000e+00 3.68856992e-17 0.00000000e+00 0.00000000e+00]]
['S14'] [[1.00000000e+00 4.52854128e-17 0.00000000e+00 1.45760408e-01]
 [1.00000000e+00 4.52854128e-17 0.00000000e+00 2.91520903e-01]
 [1.00000000e+00 4.52854128e-17 0.00000000e+00 5.83041749e-01]
 [1.00000000e+00 4.52854128e-17 0.00000000e+00 1.16608345e+00]
 [1.00000000e+00 4.52854128e-17 0.00000000e+00 2.33216694e+00]
 [1.00000000e+00 4.52854128e-17 0.00000000e+00 4.66433391e+00]
 [1.00000000e+00 4.52854128e-17 0.00000000e+00 9.32866778e+00]
 [1.00000000e+00 4.52854128e-17 0.00000000e+00 1.86573356e+01]
 [1.00000000e+00 4.52854128e-17 0.00000000e+00 3.73146711e+01]
 [1.00000000e+00 4.52854128e-17 0.00000000e+00 0.00000000e+00]]
['S15'] [[ 3.00000000e+00 -2.95998606e-16  0.00000000e+00  1.99992782e-01]
 [ 3.00000000e+00 -2.95998606e-16  0.00000000e+00  3.99985594e-01]
 [ 3.00000000e+00 -2.95998606e-16  0.00000000e+00  7.99971179e-01]
 [ 3.00000000e+00 -2.95998606e-16  0.00000000e+00  1.59994242e+00]
 [ 3.00000000e+00 -2.95998606e-16  0.00000000e+00  3.19988482e+00]
 [ 3.00000000e+00 -2.95998606e-16  0.00000000e+00  6.39976964e+00]
 [ 3.00000000e+00 -2.95998606e-16  0.00000000e+00  1.27995392e+01]
 [ 3.00000000e+00 -2.95998606e-16  0.00000000e+00  2.55990785e+01]
 [ 3.00000000e+00 -2.95998606e-16  0.00000000e+00  0.00000000e+00]
 [ 3.00000000e+00 -2.95998606e-16  0.00000000e+00  0.00000000e+00]]
['S16'] [[1.00000000e+00 4.52854128e-17 0.00000000e+00 2.13722040e-01]
 [1.00000000e+00 4.52854128e-17 0.00000000e+00 4.27444109e-01]
 [1.00000000e+00 4.52854128e-17 0.00000000e+00 8.54888166e-01]
 [1.00000000e+00 4.52854128e-17 0.00000000e+00 1.70977638e+00]
 [1.00000000e+00 4.52854128e-17 0.00000000e+00 3.41955268e+00]
 [1.00000000e+00 4.52854128e-17 0.00000000e+00 6.83910539e+00]
 [1.00000000e+00 4.52854128e-17 0.00000000e+00 1.36782108e+01]
 [1.00000000e+00 4.52854128e-17 0.00000000e+00 2.73564216e+01]
 [1.00000000e+00 4.52854128e-17 0.00000000e+00 0.00000000e+00]
 [1.00000000e+00 4.52854128e-17 0.00000000e+00 0.00000000e+00]]
['S17'] [[ 6.00000000e+00 -9.78749245e-17  0.00000000e+00  1.59226859e-01]
 [ 6.00000000e+00 -9.78749245e-17  0.00000000e+00  3.18453713e-01]
 [ 6.00000000e+00 -9.78749245e-17  0.00000000e+00  6.36907439e-01]
 [ 6.00000000e+00 -9.78749245e-17  0.00000000e+00  1.27381489e+00]
 [ 6.00000000e+00 -9.78749245e-17  0.00000000e+00  2.54762976e+00]
 [ 6.00000000e+00 -9.78749245e-17  0.00000000e+00  5.09525946e+00]
 [ 6.00000000e+00 -9.78749245e-17  0.00000000e+00  1.01905190e+01]
 [ 6.00000000e+00 -9.78749245e-17  0.00000000e+00  2.03810380e+01]
 [ 6.00000000e+00 -9.78749245e-17  0.00000000e+00  4.07620760e+01]
 [ 6.00000000e+00 -9.78749245e-17  0.00000000e+00  0.00000000e+00]]
['S18'] [[ 5.00000000e+00 -1.03718204e-16  1.00000000e+00  1.59226798e-01]
 [ 3.00000000e+00 -2.95998606e-16  0.00000000e+00  1.57540523e-01]
 [ 3.00000000e+00 -2.95998606e-16  0.00000000e+00  3.15081012e-01]
 [ 3.00000000e+00 -2.95998606e-16  0.00000000e+00  6.30162053e-01]
 [ 3.00000000e+00 -2.95998606e-16  0.00000000e+00  1.26032409e+00]
 [ 3.00000000e+00 -2.95998606e-16  0.00000000e+00  2.52064818e+00]
 [ 3.00000000e+00 -2.95998606e-16  0.00000000e+00  5.04129637e+00]
 [ 3.00000000e+00 -2.95998606e-16  0.00000000e+00  1.00825927e+01]
 [ 3.00000000e+00 -2.95998606e-16  0.00000000e+00  2.01651855e+01]
 [ 3.00000000e+00 -2.95998606e-16  0.00000000e+00  4.03303709e+01]]
['S19'] [[1.00000000e+00 4.52854128e-17 0.00000000e+00 2.27531005e-01]
 [1.00000000e+00 4.52854128e-17 0.00000000e+00 4.55062009e-01]
 [1.00000000e+00 4.52854128e-17 0.00000000e+00 9.10124060e-01]
 [1.00000000e+00 4.52854128e-17 0.00000000e+00 1.82024812e+00]
 [1.00000000e+00 4.52854128e-17 0.00000000e+00 3.64049621e+00]
 [1.00000000e+00 4.52854128e-17 0.00000000e+00 7.28099243e+00]
 [1.00000000e+00 4.52854128e-17 0.00000000e+00 1.45619848e+01]
 [1.00000000e+00 4.52854128e-17 0.00000000e+00 2.91239697e+01]
 [1.00000000e+00 4.52854128e-17 0.00000000e+00 0.00000000e+00]
 [1.00000000e+00 4.52854128e-17 0.00000000e+00 0.00000000e+00]]
['S2'] [[1.00000000e+00 4.52854128e-17 0.00000000e+00 1.05654502e-01]
 [1.00000000e+00 4.52854128e-17 0.00000000e+00 2.11309086e-01]
 [1.00000000e+00 4.52854128e-17 0.00000000e+00 4.22618095e-01]
 [1.00000000e+00 4.52854128e-17 0.00000000e+00 8.45236268e-01]
 [1.00000000e+00 4.52854128e-17 0.00000000e+00 1.69047249e+00]
 [1.00000000e+00 4.52854128e-17 0.00000000e+00 3.38094500e+00]
 [1.00000000e+00 4.52854128e-17 0.00000000e+00 6.76188999e+00]
 [1.00000000e+00 4.52854128e-17 0.00000000e+00 1.35237800e+01]
 [1.00000000e+00 4.52854128e-17 0.00000000e+00 2.70475600e+01]
 [1.00000000e+00 4.52854128e-17 0.00000000e+00 0.00000000e+00]]
['S3'] [[ 5.00000000e+00 -1.03718204e-16  1.00000000e+00  1.45760408e-01]
 [ 8.00000000e+00  2.75729731e-17  0.00000000e+00  1.27386677e-01]
 [ 8.00000000e+00  2.75729731e-17  0.00000000e+00  2.54773316e-01]
 [ 8.00000000e+00  2.75729731e-17  0.00000000e+00  5.09546600e-01]
 [ 8.00000000e+00  2.75729731e-17  0.00000000e+00  1.01909323e+00]
 [ 8.00000000e+00  2.75729731e-17  0.00000000e+00  2.03818650e+00]
 [ 8.00000000e+00  2.75729731e-17  0.00000000e+00  4.07637295e+00]
 [ 8.00000000e+00  2.75729731e-17  0.00000000e+00  8.15274592e+00]
 [ 8.00000000e+00  2.75729731e-17  0.00000000e+00  1.63054918e+01]
 [ 8.00000000e+00  2.75729731e-17  0.00000000e+00  3.26109836e+01]]
['S4'] [[1.00000000e+00 4.52854128e-17 0.00000000e+00 2.55412812e-01]
 [1.00000000e+00 4.52854128e-17 0.00000000e+00 5.10825664e-01]
 [1.00000000e+00 4.52854128e-17 0.00000000e+00 1.02165131e+00]
 [1.00000000e+00 4.52854128e-17 0.00000000e+00 2.04330263e+00]
 [1.00000000e+00 4.52854128e-17 0.00000000e+00 4.08660525e+00]
 [1.00000000e+00 4.52854128e-17 0.00000000e+00 8.17321047e+00]
 [1.00000000e+00 4.52854128e-17 0.00000000e+00 1.63464210e+01]
 [1.00000000e+00 4.52854128e-17 0.00000000e+00 3.26928419e+01]
 [1.00000000e+00 4.52854128e-17 0.00000000e+00 0.00000000e+00]
 [1.00000000e+00 4.52854128e-17 0.00000000e+00 0.00000000e+00]]
['S5'] [[ 6.00000000e+00 -9.78749245e-17  0.00000000e+00  1.59226798e-01]
 [ 6.00000000e+00 -9.78749245e-17  0.00000000e+00  3.18453647e-01]
 [ 6.00000000e+00 -9.78749245e-17  0.00000000e+00  6.36907308e-01]
 [ 6.00000000e+00 -9.78749245e-17  0.00000000e+00  1.27381461e+00]
 [ 6.00000000e+00 -9.78749245e-17  0.00000000e+00  2.54762922e+00]
 [ 6.00000000e+00 -9.78749245e-17  0.00000000e+00  5.09525849e+00]
 [ 6.00000000e+00 -9.78749245e-17  0.00000000e+00  1.01905169e+01]
 [ 6.00000000e+00 -9.78749245e-17  0.00000000e+00  2.03810339e+01]
 [ 6.00000000e+00 -9.78749245e-17  0.00000000e+00  4.07620677e+01]
 [ 6.00000000e+00 -9.78749245e-17  0.00000000e+00  0.00000000e+00]]
['S6'] [[4.00000000e+00 3.68856992e-17 0.00000000e+00 1.39047084e-01]
 [4.00000000e+00 3.68856992e-17 0.00000000e+00 2.78094236e-01]
 [4.00000000e+00 3.68856992e-17 0.00000000e+00 5.56188441e-01]
 [4.00000000e+00 3.68856992e-17 0.00000000e+00 1.11237692e+00]
 [4.00000000e+00 3.68856992e-17 0.00000000e+00 2.22475389e+00]
 [4.00000000e+00 3.68856992e-17 0.00000000e+00 4.44950774e+00]
 [4.00000000e+00 3.68856992e-17 0.00000000e+00 8.89901542e+00]
 [4.00000000e+00 3.68856992e-17 0.00000000e+00 1.77980309e+01]
 [4.00000000e+00 3.68856992e-17 0.00000000e+00 3.55960617e+01]
 [4.00000000e+00 3.68856992e-17 0.00000000e+00 0.00000000e+00]]
['S7'] [[4.00000000e+00 3.68856992e-17 0.00000000e+00 1.39047084e-01]
 [4.00000000e+00 3.68856992e-17 0.00000000e+00 2.78094236e-01]
 [4.00000000e+00 3.68856992e-17 0.00000000e+00 5.56188441e-01]
 [4.00000000e+00 3.68856992e-17 0.00000000e+00 1.11237692e+00]
 [4.00000000e+00 3.68856992e-17 0.00000000e+00 2.22475389e+00]
 [4.00000000e+00 3.68856992e-17 0.00000000e+00 4.44950774e+00]
 [4.00000000e+00 3.68856992e-17 0.00000000e+00 8.89901542e+00]
 [4.00000000e+00 3.68856992e-17 0.00000000e+00 1.77980309e+01]
 [4.00000000e+00 3.68856992e-17 0.00000000e+00 3.55960617e+01]
 [4.00000000e+00 3.68856992e-17 0.00000000e+00 0.00000000e+00]]
['S8'] [[1.00000000e+00 4.52854128e-17 0.00000000e+00 2.55412812e-01]
 [1.00000000e+00 4.52854128e-17 0.00000000e+00 5.10825664e-01]
 [1.00000000e+00 4.52854128e-17 0.00000000e+00 1.02165131e+00]
 [1.00000000e+00 4.52854128e-17 0.00000000e+00 2.04330263e+00]
 [1.00000000e+00 4.52854128e-17 0.00000000e+00 4.08660525e+00]
 [1.00000000e+00 4.52854128e-17 0.00000000e+00 8.17321047e+00]
 [1.00000000e+00 4.52854128e-17 0.00000000e+00 1.63464210e+01]
 [1.00000000e+00 4.52854128e-17 0.00000000e+00 3.26928419e+01]
 [1.00000000e+00 4.52854128e-17 0.00000000e+00 0.00000000e+00]
 [1.00000000e+00 4.52854128e-17 0.00000000e+00 0.00000000e+00]]
['S9'] [[ 5.00000000e+00 -1.03718204e-16  1.00000000e+00  1.59226798e-01]
 [ 6.00000000e+00 -9.78749245e-17  0.00000000e+00  1.72134790e-01]
 [ 6.00000000e+00 -9.78749245e-17  0.00000000e+00  3.44269507e-01]
 [ 6.00000000e+00 -9.78749245e-17  0.00000000e+00  6.88539065e-01]
 [ 6.00000000e+00 -9.78749245e-17  0.00000000e+00  1.37707815e+00]
 [ 6.00000000e+00 -9.78749245e-17  0.00000000e+00  2.75415628e+00]
 [ 6.00000000e+00 -9.78749245e-17  0.00000000e+00  5.50831252e+00]
 [ 6.00000000e+00 -9.78749245e-17  0.00000000e+00  1.10166251e+01]
 [ 6.00000000e+00 -9.78749245e-17  0.00000000e+00  2.20332502e+01]
 [ 6.00000000e+00 -9.78749245e-17  0.00000000e+00  4.40665049e+01]]
