['S1'] [[10.          0.0595908   0.          0.54930614]
 [10.          0.0595908   0.          1.09861224]
 [10.          0.0595908   0.          2.19722452]
 [10.          0.0595908   0.          4.39444907]
 [10.          0.0595908   0.          8.78889815]
 [10.          0.0595908   0.         17.57779629]
 [10.          0.0595908   0.         35.15559257]
 [10.          0.0595908   0.          0.        ]
 [10.          0.0595908   0.          0.        ]
 [10.          0.0595908   0.          0.        ]]
['S10'] [[10.          0.0595908   0.          0.62216202]
 [10.          0.0595908   0.          1.24432405]
 [10.          0.0595908   0.          2.48864813]
 [10.          0.0595908   0.          4.97729623]
 [10.          0.0595908   0.          9.95459245]
 [10.          0.0595908   0.         19.90918496]
 [10.          0.0595908   0.         39.81836986]
 [10.          0.0595908   0.          0.        ]
 [10.          0.0595908   0.          0.        ]
 [10.          0.0595908   0.          0.        ]]
['S11'] [[7.20000000e+01 6.75484782e-02 0.00000000e+00 5.67007121e-01]
 [7.20000000e+01 6.75484782e-02 0.00000000e+00 1.13401423e+00]
 [7.20000000e+01 6.75484782e-02 0.00000000e+00 2.26802846e+00]
 [7.20000000e+01 6.75484782e-02 0.00000000e+00 4.53605690e+00]
 [7.20000000e+01 6.75484782e-02 0.00000000e+00 9.07211383e+00]
 [7.20000000e+01 6.75484782e-02 0.00000000e+00 1.81442276e+01]
 [7.20000000e+01 6.75484782e-02 0.00000000e+00 3.62884553e+01]
 [7.20000000e+01 6.75484782e-02 0.00000000e+00 0.00000000e+00]
 [7.20000000e+01 6.75484782e-02 0.00000000e+00 0.00000000e+00]
 [7.20000000e+01 6.75484782e-02 0.00000000e+00 0.00000000e+00]]
['S12'] [[27.          0.06792948  0.          0.5233263 ]
 [27.          0.06792948  0.          1.04665259]
 [27.          0.06792948  0.          2.09330516]
 [27.          0.06792948  0.          4.1866103 ]
 [27.          0.06792948  0.          8.37322064]
 [27.          0.06792948  0.         16.74644125]
 [27.          0.06792948  0.         33.49288253]
 [27.          0.06792948  0.          0.        ]
 [27.          0.06792948  0.          0.        ]
 [27.          0.06792948  0.          0.        ]]
['S13'] [[6.43000000e+02 5.06595135e-02 0.00000000e+00 5.23326218e-01]
 [6.43000000e+02 5.06595135e-02 0.00000000e+00 1.04665251e+00]
 [6.43000000e+02 5.06595135e-02 0.00000000e+00 2.09330501e+00]
 [6.43000000e+02 5.06595135e-02 0.00000000e+00 4.18660999e+00]
 [6.43000000e+02 5.06595135e-02 0.00000000e+00 8.37321994e+00]
 [6.43000000e+02 5.06595135e-02 0.00000000e+00 1.67464399e+01]
 [6.43000000e+02 5.06595135e-02 0.00000000e+00 3.34928798e+01]
 [6.43000000e+02 5.06595135e-02 0.00000000e+00 0.00000000e+00]
 [6.43000000e+02 5.06595135e-02 0.00000000e+00 0.00000000e+00]
 [6.43000000e+02 5.06595135e-02 0.00000000e+00 0.00000000e+00]]
['S14'] [[35.          0.04502208  0.          0.57597911]
 [35.          0.04502208  0.          1.15195821]
 [35.          0.04502208  0.          2.30391647]
 [35.          0.04502208  0.          4.6078329 ]
 [35.          0.04502208  0.          9.21566586]
 [35.          0.04502208  0.         18.43133169]
 [35.          0.04502208  0.         36.86266339]
 [35.          0.04502208  0.          0.        ]
 [35.          0.04502208  0.          0.        ]
 [35.          0.04502208  0.          0.        ]]
['S15'] [[5.62000000e+02 6.02406260e-02 0.00000000e+00 5.40572331e-01]
 [5.62000000e+02 6.02406260e-02 0.00000000e+00 1.08114463e+00]
 [5.62000000e+02 6.02406260e-02 0.00000000e+00 2.16228922e+00]
 [5.62000000e+02 6.02406260e-02 0.00000000e+00 4.32457846e+00]
 [5.62000000e+02 6.02406260e-02 0.00000000e+00 8.64915694e+00]
 [5.62000000e+02 6.02406260e-02 0.00000000e+00 1.72983139e+01]
 [5.62000000e+02 6.02406260e-02 0.00000000e+00 3.45966278e+01]
 [5.62000000e+02 6.02406260e-02 0.00000000e+00 0.00000000e+00]
 [5.62000000e+02 6.02406260e-02 0.00000000e+00 0.00000000e+00]
 [5.62000000e+02 6.02406260e-02 0.00000000e+00 0.00000000e+00]]
['S16'] [[27.          0.06792948  0.          0.63168378]
 [27.          0.06792948  0.          1.26336754]
 [27.          0.06792948  0.          2.52673508]
 [27.          0.06792948  0.          5.05347011]
 [27.          0.06792948  0.         10.10694027]
 [27.          0.06792948  0.         20.21388052]
 [27.          0.06792948  0.         40.42776107]
 [27.          0.06792948  0.          0.        ]
 [27.          0.06792948  0.          0.        ]
 [27.          0.06792948  0.          0.        ]]
['S17'] [[27.          0.06792948  0.          0.48966104]
 [27.          0.06792948  0.          0.97932204]
 [27.          0.06792948  0.          1.95864413]
 [27.          0.06792948  0.          3.91728825]
 [27.          0.06792948  0.          7.83457647]
 [27.          0.06792948  0.         15.66915298]
 [27.          0.06792948  0.         31.33830595]
 [27.          0.06792948  0.          0.        ]
 [27.          0.06792948  0.          0.        ]
 [27.          0.06792948  0.          0.        ]]
['S18'] [[27.          0.06792948  0.          0.48966104]
 [27.          0.06792948  0.          0.97932207]
 [27.          0.06792948  0.          1.95864413]
 [27.          0.06792948  0.          3.91728828]
 [27.          0.06792948  0.          7.83457661]
 [27.          0.06792948  0.         15.66915319]
 [27.          0.06792948  0.         31.33830639]
 [27.          0.06792948  0.          0.        ]
 [27.          0.06792948  0.          0.        ]
 [27.          0.06792948  0.          0.        ]]
['S19'] [[2.80000000e+01 4.03801883e-02 0.00000000e+00 6.31683779e-01]
 [2.80000000e+01 4.03801883e-02 0.00000000e+00 1.26336749e+00]
 [2.80000000e+01 4.03801883e-02 0.00000000e+00 2.52673504e+00]
 [2.80000000e+01 4.03801883e-02 0.00000000e+00 5.05347011e+00]
 [2.80000000e+01 4.03801883e-02 0.00000000e+00 1.01069402e+01]
 [2.80000000e+01 4.03801883e-02 0.00000000e+00 2.02138804e+01]
 [2.80000000e+01 4.03801883e-02 0.00000000e+00 4.04277608e+01]
 [2.80000000e+01 4.03801883e-02 0.00000000e+00 0.00000000e+00]
 [2.80000000e+01 4.03801883e-02 0.00000000e+00 0.00000000e+00]
 [2.80000000e+01 4.03801883e-02 0.00000000e+00 0.00000000e+00]]
['S2'] [[27.          0.06792948  0.          0.48966104]
 [27.          0.06792948  0.          0.97932204]
 [27.          0.06792948  0.          1.95864413]
 [27.          0.06792948  0.          3.91728825]
 [27.          0.06792948  0.          7.83457647]
 [27.          0.06792948  0.         15.66915298]
 [27.          0.06792948  0.         31.33830599]
 [27.          0.06792948  0.          0.        ]
 [27.          0.06792948  0.          0.        ]
 [27.          0.06792948  0.          0.        ]]
['S3'] [[27.          0.06792948  0.          0.54057225]
 [27.          0.06792948  0.          1.08114454]
 [27.          0.06792948  0.          2.16228908]
 [27.          0.06792948  0.          4.32457813]
 [27.          0.06792948  0.          8.64915631]
 [27.          0.06792948  0.         17.29831262]
 [27.          0.06792948  0.         34.59662523]
 [27.          0.06792948  0.          0.        ]
 [27.          0.06792948  0.          0.        ]
 [27.          0.06792948  0.          0.        ]]
['S4'] [[27.          0.06792948  0.          0.77758049]
 [27.          0.06792948  0.          1.55516103]
 [27.          0.06792948  0.          3.11032204]
 [27.          0.06792948  0.          6.22064408]
 [27.          0.06792948  0.         12.44128818]
 [27.          0.06792948  0.         24.88257627]
 [27.          0.06792948  0.         49.65431899]
 [27.          0.06792948  0.          0.        ]
 [27.          0.06792948  0.          0.        ]
 [27.          0.06792948  0.          0.        ]]
['S5'] [[7.20000000e+01 6.75484782e-02 0.00000000e+00 5.85035652e-01]
 [7.20000000e+01 6.75484782e-02 0.00000000e+00 1.17007126e+00]
 [7.20000000e+01 6.75484782e-02 0.00000000e+00 2.34014254e+00]
 [7.20000000e+01 6.75484782e-02 0.00000000e+00 4.68028507e+00]
 [7.20000000e+01 6.75484782e-02 0.00000000e+00 9.36057017e+00]
 [7.20000000e+01 6.75484782e-02 0.00000000e+00 1.87211403e+01]
 [7.20000000e+01 6.75484782e-02 0.00000000e+00 3.74422806e+01]
 [7.20000000e+01 6.75484782e-02 0.00000000e+00 0.00000000e+00]
 [7.20000000e+01 6.75484782e-02 0.00000000e+00 0.00000000e+00]
 [7.20000000e+01 6.75484782e-02 0.00000000e+00 0.00000000e+00]]
['S6'] [[9.00000000e+01 6.48390062e-02 0.00000000e+00 6.70831151e-01]
 [9.00000000e+01 6.48390062e-02 0.00000000e+00 1.34166226e+00]
 [9.00000000e+01 6.48390062e-02 0.00000000e+00 2.68332453e+00]
 [9.00000000e+01 6.48390062e-02 0.00000000e+00 5.36664901e+00]
 [9.00000000e+01 6.48390062e-02 0.00000000e+00 1.07332980e+01]
 [9.00000000e+01 6.48390062e-02 0.00000000e+00 2.14665960e+01]
 [9.00000000e+01 6.48390062e-02 0.00000000e+00 4.29331917e+01]
 [9.00000000e+01 6.48390062e-02 0.00000000e+00 0.00000000e+00]
 [9.00000000e+01 6.48390062e-02 0.00000000e+00 0.00000000e+00]
 [9.00000000e+01 6.48390062e-02 0.00000000e+00 0.00000000e+00]]
['S7'] [[27.          0.06792948  0.          0.54057225]
 [27.          0.06792948  0.          1.08114454]
 [27.          0.06792948  0.          2.16228904]
 [27.          0.06792948  0.          4.32457813]
 [27.          0.06792948  0.          8.64915625]
 [27.          0.06792948  0.         17.29831257]
 [27.          0.06792948  0.         34.59662513]
 [27.          0.06792948  0.          0.        ]
 [27.          0.06792948  0.          0.        ]
 [27.          0.06792948  0.          0.        ]]
['S8'] [[3.50000000e+01 4.50220848e-02 0.00000000e+00 7.77580545e-01]
 [3.50000000e+01 4.50220848e-02 0.00000000e+00 1.55516103e+00]
 [3.50000000e+01 4.50220848e-02 0.00000000e+00 3.11032204e+00]
 [3.50000000e+01 4.50220848e-02 0.00000000e+00 6.22064408e+00]
 [3.50000000e+01 4.50220848e-02 0.00000000e+00 1.24412882e+01]
 [3.50000000e+01 4.50220848e-02 0.00000000e+00 2.48825764e+01]
 [3.50000000e+01 4.50220848e-02 0.00000000e+00 4.96543190e+01]
 [3.50000000e+01 4.50220848e-02 0.00000000e+00 0.00000000e+00]
 [3.50000000e+01 4.50220848e-02 0.00000000e+00 0.00000000e+00]
 [3.50000000e+01 4.50220848e-02 0.00000000e+00 0.00000000e+00]]
['S9'] [[27.          0.06792948  0.          0.50636124]
 [27.          0.06792948  0.          1.01272259]
 [27.          0.06792948  0.          2.02544516]
 [27.          0.06792948  0.          4.05089032]
 [27.          0.06792948  0.          8.10178057]
 [27.          0.06792948  0.         16.20356122]
 [27.          0.06792948  0.         32.40712242]
 [27.          0.06792948  0.          0.        ]
 [27.          0.06792948  0.          0.        ]
 [27.          0.06792948  0.          0.        ]]
