['S1'] [[ 0.00000000e+00 -1.91002185e-16  0.00000000e+00  2.06847800e-01]
 [ 0.00000000e+00 -1.91002185e-16  0.00000000e+00  4.13695637e-01]
 [ 0.00000000e+00 -1.91002185e-16  0.00000000e+00  8.27391239e-01]
 [ 0.00000000e+00 -1.91002185e-16  0.00000000e+00  1.65478252e+00]
 [ 0.00000000e+00 -1.91002185e-16  0.00000000e+00  3.30956502e+00]
 [ 0.00000000e+00 -1.91002185e-16  0.00000000e+00  6.61913001e+00]
 [ 0.00000000e+00 -1.91002185e-16  0.00000000e+00  1.32382600e+01]
 [ 0.00000000e+00 -1.91002185e-16  0.00000000e+00  2.64765201e+01]
 [ 0.00000000e+00 -1.91002185e-16  0.00000000e+00  0.00000000e+00]
 [ 0.00000000e+00 -1.91002185e-16  0.00000000e+00  0.00000000e+00]]
['S10'] [[ 0.00000000e+00 -1.91002185e-16  0.00000000e+00  1.93156325e-01]
 [ 0.00000000e+00 -1.91002185e-16  0.00000000e+00  3.86312657e-01]
 [ 0.00000000e+00 -1.91002185e-16  0.00000000e+00  7.72625386e-01]
 [ 0.00000000e+00 -1.91002185e-16  0.00000000e+00  1.54525072e+00]
 [ 0.00000000e+00 -1.91002185e-16  0.00000000e+00  3.09050144e+00]
 [ 0.00000000e+00 -1.91002185e-16  0.00000000e+00  6.18100287e+00]
 [ 0.00000000e+00 -1.91002185e-16  0.00000000e+00  1.23620058e+01]
 [ 0.00000000e+00 -1.91002185e-16  0.00000000e+00  2.47240116e+01]
 [ 0.00000000e+00 -1.91002185e-16  0.00000000e+00  4.92333728e+01]
 [ 0.00000000e+00 -1.91002185e-16  0.00000000e+00  0.00000000e+00]]
['S11'] [[ 5.00000000e+00 -7.34061934e-17  1.00000000e+00  1.65981291e-01]
 [ 9.00000000e+00  3.16541384e-16  0.00000000e+00  1.33715356e-01]
 [ 9.00000000e+00  3.16541384e-16  0.00000000e+00  2.67430651e-01]
 [ 9.00000000e+00  3.16541384e-16  0.00000000e+00  5.34861274e-01]
 [ 9.00000000e+00  3.16541384e-16  0.00000000e+00  1.06972266e+00]
 [ 9.00000000e+00  3.16541384e-16  0.00000000e+00  2.13944522e+00]
 [ 9.00000000e+00  3.16541384e-16  0.00000000e+00  4.27889049e+00]
 [ 9.00000000e+00  3.16541384e-16  0.00000000e+00  8.55778096e+00]
 [ 9.00000000e+00  3.16541384e-16  0.00000000e+00  1.71155620e+01]
 [ 9.00000000e+00  3.16541384e-16  0.00000000e+00  3.42311240e+01]]
['S12'] [[ 0.00000000e+00 -1.91002185e-16  0.00000000e+00  2.06847863e-01]
 [ 0.00000000e+00 -1.91002185e-16  0.00000000e+00  4.13695637e-01]
 [ 0.00000000e+00 -1.91002185e-16  0.00000000e+00  8.27391239e-01]
 [ 0.00000000e+00 -1.91002185e-16  0.00000000e+00  1.65478252e+00]
 [ 0.00000000e+00 -1.91002185e-16  0.00000000e+00  3.30956502e+00]
 [ 0.00000000e+00 -1.91002185e-16  0.00000000e+00  6.61913008e+00]
 [ 0.00000000e+00 -1.91002185e-16  0.00000000e+00  1.32382602e+01]
 [ 0.00000000e+00 -1.91002185e-16  0.00000000e+00  2.64765203e+01]
 [ 0.00000000e+00 -1.91002185e-16  0.00000000e+00  0.00000000e+00]
 [ 0.00000000e+00 -1.91002185e-16  0.00000000e+00  0.00000000e+00]]
['S13'] [[9.00000000e+00 3.16541384e-16 0.00000000e+00 1.39047145e-01]
 [9.00000000e+00 3.16541384e-16 0.00000000e+00 2.78094301e-01]
 [9.00000000e+00 3.16541384e-16 0.00000000e+00 5.56188561e-01]
 [9.00000000e+00 3.16541384e-16 0.00000000e+00 1.11237713e+00]
 [9.00000000e+00 3.16541384e-16 0.00000000e+00 2.22475430e+00]
 [9.00000000e+00 3.16541384e-16 0.00000000e+00 4.44950854e+00]
 [9.00000000e+00 3.16541384e-16 0.00000000e+00 8.89901704e+00]
 [9.00000000e+00 3.16541384e-16 0.00000000e+00 1.77980342e+01]
 [9.00000000e+00 3.16541384e-16 0.00000000e+00 3.55960683e+01]
 [9.00000000e+00 3.16541384e-16 0.00000000e+00 0.00000000e+00]]
['S14'] [[ 2.00000000e+00 -1.02987794e-16  0.00000000e+00  1.05654502e-01]
 [ 2.00000000e+00 -1.02987794e-16  0.00000000e+00  2.11309086e-01]
 [ 2.00000000e+00 -1.02987794e-16  0.00000000e+00  4.22618166e-01]
 [ 2.00000000e+00 -1.02987794e-16  0.00000000e+00  8.45236268e-01]
 [ 2.00000000e+00 -1.02987794e-16  0.00000000e+00  1.69047261e+00]
 [ 2.00000000e+00 -1.02987794e-16  0.00000000e+00  3.38094521e+00]
 [ 2.00000000e+00 -1.02987794e-16  0.00000000e+00  6.76189037e+00]
 [ 2.00000000e+00 -1.02987794e-16  0.00000000e+00  1.35237808e+01]
 [ 2.00000000e+00 -1.02987794e-16  0.00000000e+00  2.70475615e+01]
 [ 2.00000000e+00 -1.02987794e-16  0.00000000e+00  0.00000000e+00]]
['S15'] [[ 0.00000000e+00 -1.91002185e-16  0.00000000e+00  2.06847800e-01]
 [ 0.00000000e+00 -1.91002185e-16  0.00000000e+00  4.13695637e-01]
 [ 0.00000000e+00 -1.91002185e-16  0.00000000e+00  8.27391239e-01]
 [ 0.00000000e+00 -1.91002185e-16  0.00000000e+00  1.65478252e+00]
 [ 0.00000000e+00 -1.91002185e-16  0.00000000e+00  3.30956502e+00]
 [ 0.00000000e+00 -1.91002185e-16  0.00000000e+00  6.61913001e+00]
 [ 0.00000000e+00 -1.91002185e-16  0.00000000e+00  1.32382600e+01]
 [ 0.00000000e+00 -1.91002185e-16  0.00000000e+00  2.64765201e+01]
 [ 0.00000000e+00 -1.91002185e-16  0.00000000e+00  0.00000000e+00]
 [ 0.00000000e+00 -1.91002185e-16  0.00000000e+00  0.00000000e+00]]
['S16'] [[ 0.00000000e+00 -1.91002185e-16  0.00000000e+00  2.76579977e-01]
 [ 0.00000000e+00 -1.91002185e-16  0.00000000e+00  5.53159982e-01]
 [ 0.00000000e+00 -1.91002185e-16  0.00000000e+00  1.10631998e+00]
 [ 0.00000000e+00 -1.91002185e-16  0.00000000e+00  2.21263989e+00]
 [ 0.00000000e+00 -1.91002185e-16  0.00000000e+00  4.42527983e+00]
 [ 0.00000000e+00 -1.91002185e-16  0.00000000e+00  8.85055963e+00]
 [ 0.00000000e+00 -1.91002185e-16  0.00000000e+00  1.77011193e+01]
 [ 0.00000000e+00 -1.91002185e-16  0.00000000e+00  3.54022386e+01]
 [ 0.00000000e+00 -1.91002185e-16  0.00000000e+00  0.00000000e+00]
 [ 0.00000000e+00 -1.91002185e-16  0.00000000e+00  0.00000000e+00]]
['S17'] [[ 5.00000000e+00 -7.34061934e-17  1.00000000e+00  1.65981291e-01]
 [ 4.00000000e+00 -3.82552177e-17  1.00000000e+00  1.53286873e-01]
 [ 0.00000000e+00 -1.91002185e-16  0.00000000e+00  1.21676752e-01]
 [ 0.00000000e+00 -1.91002185e-16  0.00000000e+00  2.43353557e-01]
 [ 0.00000000e+00 -1.91002185e-16  0.00000000e+00  4.86707110e-01]
 [ 0.00000000e+00 -1.91002185e-16  0.00000000e+00  9.73414188e-01]
 [ 0.00000000e+00 -1.91002185e-16  0.00000000e+00  1.94682837e+00]
 [ 0.00000000e+00 -1.91002185e-16  0.00000000e+00  3.89365674e+00]
 [ 0.00000000e+00 -1.91002185e-16  0.00000000e+00  7.78731348e+00]
 [ 0.00000000e+00 -1.91002185e-16  0.00000000e+00  1.55746270e+01]]
['S18'] [[9.00000000e+00 3.16541384e-16 0.00000000e+00 1.12311959e-01]
 [9.00000000e+00 3.16541384e-16 0.00000000e+00 2.24623950e-01]
 [9.00000000e+00 3.16541384e-16 0.00000000e+00 4.49247877e-01]
 [9.00000000e+00 3.16541384e-16 0.00000000e+00 8.98495756e-01]
 [9.00000000e+00 3.16541384e-16 0.00000000e+00 1.79699151e+00]
 [9.00000000e+00 3.16541384e-16 0.00000000e+00 3.59398301e+00]
 [9.00000000e+00 3.16541384e-16 0.00000000e+00 7.18796601e+00]
 [9.00000000e+00 3.16541384e-16 0.00000000e+00 1.43759320e+01]
 [9.00000000e+00 3.16541384e-16 0.00000000e+00 2.87518641e+01]
 [9.00000000e+00 3.16541384e-16 0.00000000e+00 0.00000000e+00]]
['S19'] [[ 0.00000000e+00 -1.91002185e-16  0.00000000e+00  2.62442778e-01]
 [ 0.00000000e+00 -1.91002185e-16  0.00000000e+00  5.24885549e-01]
 [ 0.00000000e+00 -1.91002185e-16  0.00000000e+00  1.04977113e+00]
 [ 0.00000000e+00 -1.91002185e-16  0.00000000e+00  2.09954227e+00]
 [ 0.00000000e+00 -1.91002185e-16  0.00000000e+00  4.19908453e+00]
 [ 0.00000000e+00 -1.91002185e-16  0.00000000e+00  8.39816907e+00]
 [ 0.00000000e+00 -1.91002185e-16  0.00000000e+00  1.67963381e+01]
 [ 0.00000000e+00 -1.91002185e-16  0.00000000e+00  3.35926763e+01]
 [ 0.00000000e+00 -1.91002185e-16  0.00000000e+00  0.00000000e+00]
 [ 0.00000000e+00 -1.91002185e-16  0.00000000e+00  0.00000000e+00]]
['S2'] [[ 6.00000000e+00 -1.46721086e-16  0.00000000e+00  1.39047084e-01]
 [ 6.00000000e+00 -1.46721086e-16  0.00000000e+00  2.78094236e-01]
 [ 6.00000000e+00 -1.46721086e-16  0.00000000e+00  5.56188481e-01]
 [ 6.00000000e+00 -1.46721086e-16  0.00000000e+00  1.11237692e+00]
 [ 6.00000000e+00 -1.46721086e-16  0.00000000e+00  2.22475389e+00]
 [ 6.00000000e+00 -1.46721086e-16  0.00000000e+00  4.44950780e+00]
 [ 6.00000000e+00 -1.46721086e-16  0.00000000e+00  8.89901551e+00]
 [ 6.00000000e+00 -1.46721086e-16  0.00000000e+00  1.77980310e+01]
 [ 6.00000000e+00 -1.46721086e-16  0.00000000e+00  3.55960621e+01]
 [ 6.00000000e+00 -1.46721086e-16  0.00000000e+00  0.00000000e+00]]
['S3'] [[ 3.00000000e+00 -1.10017989e-16  0.00000000e+00  1.59226859e-01]
 [ 3.00000000e+00 -1.10017989e-16  0.00000000e+00  3.18453713e-01]
 [ 3.00000000e+00 -1.10017989e-16  0.00000000e+00  6.36907482e-01]
 [ 3.00000000e+00 -1.10017989e-16  0.00000000e+00  1.27381494e+00]
 [ 3.00000000e+00 -1.10017989e-16  0.00000000e+00  2.54762987e+00]
 [ 3.00000000e+00 -1.10017989e-16  0.00000000e+00  5.09525975e+00]
 [ 3.00000000e+00 -1.10017989e-16  0.00000000e+00  1.01905195e+01]
 [ 3.00000000e+00 -1.10017989e-16  0.00000000e+00  2.03810390e+01]
 [ 3.00000000e+00 -1.10017989e-16  0.00000000e+00  4.07620780e+01]
 [ 3.00000000e+00 -1.10017989e-16  0.00000000e+00  0.00000000e+00]]
['S4'] [[ 0.00000000e+00 -1.91002185e-16  0.00000000e+00  2.62442778e-01]
 [ 0.00000000e+00 -1.91002185e-16  0.00000000e+00  5.24885549e-01]
 [ 0.00000000e+00 -1.91002185e-16  0.00000000e+00  1.04977113e+00]
 [ 0.00000000e+00 -1.91002185e-16  0.00000000e+00  2.09954227e+00]
 [ 0.00000000e+00 -1.91002185e-16  0.00000000e+00  4.19908453e+00]
 [ 0.00000000e+00 -1.91002185e-16  0.00000000e+00  8.39816907e+00]
 [ 0.00000000e+00 -1.91002185e-16  0.00000000e+00  1.67963381e+01]
 [ 0.00000000e+00 -1.91002185e-16  0.00000000e+00  3.35926763e+01]
 [ 0.00000000e+00 -1.91002185e-16  0.00000000e+00  0.00000000e+00]
 [ 0.00000000e+00 -1.91002185e-16  0.00000000e+00  0.00000000e+00]]
['S5'] [[ 5.00000000e+00 -7.34061934e-17  1.00000000e+00  1.39047145e-01]
 [ 3.00000000e+00 -1.10017989e-16  0.00000000e+00  1.27904766e-01]
 [ 3.00000000e+00 -1.10017989e-16  0.00000000e+00  2.55809453e-01]
 [ 3.00000000e+00 -1.10017989e-16  0.00000000e+00  5.11618957e-01]
 [ 3.00000000e+00 -1.10017989e-16  0.00000000e+00  1.02323792e+00]
 [ 3.00000000e+00 -1.10017989e-16  0.00000000e+00  2.04647582e+00]
 [ 3.00000000e+00 -1.10017989e-16  0.00000000e+00  4.09295162e+00]
 [ 3.00000000e+00 -1.10017989e-16  0.00000000e+00  8.18590324e+00]
 [ 3.00000000e+00 -1.10017989e-16  0.00000000e+00  1.63718065e+01]
 [ 3.00000000e+00 -1.10017989e-16  0.00000000e+00  3.27436130e+01]]
['S6'] [[ 0.00000000e+00 -1.91002185e-16  0.00000000e+00  2.76579977e-01]
 [ 0.00000000e+00 -1.91002185e-16  0.00000000e+00  5.53159982e-01]
 [ 0.00000000e+00 -1.91002185e-16  0.00000000e+00  1.10631994e+00]
 [ 0.00000000e+00 -1.91002185e-16  0.00000000e+00  2.21263989e+00]
 [ 0.00000000e+00 -1.91002185e-16  0.00000000e+00  4.42527973e+00]
 [ 0.00000000e+00 -1.91002185e-16  0.00000000e+00  8.85055950e+00]
 [ 0.00000000e+00 -1.91002185e-16  0.00000000e+00  1.77011190e+01]
 [ 0.00000000e+00 -1.91002185e-16  0.00000000e+00  3.54022381e+01]
 [ 0.00000000e+00 -1.91002185e-16  0.00000000e+00  0.00000000e+00]
 [ 0.00000000e+00 -1.91002185e-16  0.00000000e+00  0.00000000e+00]]
['S7'] [[ 2.00000000e+00 -1.02987794e-16  0.00000000e+00  1.86337656e-01]
 [ 2.00000000e+00 -1.02987794e-16  0.00000000e+00  3.72675311e-01]
 [ 2.00000000e+00 -1.02987794e-16  0.00000000e+00  7.45350640e-01]
 [ 2.00000000e+00 -1.02987794e-16  0.00000000e+00  1.49070124e+00]
 [ 2.00000000e+00 -1.02987794e-16  0.00000000e+00  2.98140249e+00]
 [ 2.00000000e+00 -1.02987794e-16  0.00000000e+00  5.96280496e+00]
 [ 2.00000000e+00 -1.02987794e-16  0.00000000e+00  1.19256099e+01]
 [ 2.00000000e+00 -1.02987794e-16  0.00000000e+00  2.38512199e+01]
 [ 2.00000000e+00 -1.02987794e-16  0.00000000e+00  4.77070630e+01]
 [ 2.00000000e+00 -1.02987794e-16  0.00000000e+00  0.00000000e+00]]
['S8'] [[ 0.00000000e+00 -1.91002185e-16  0.00000000e+00  2.76579977e-01]
 [ 0.00000000e+00 -1.91002185e-16  0.00000000e+00  5.53159982e-01]
 [ 0.00000000e+00 -1.91002185e-16  0.00000000e+00  1.10631994e+00]
 [ 0.00000000e+00 -1.91002185e-16  0.00000000e+00  2.21263989e+00]
 [ 0.00000000e+00 -1.91002185e-16  0.00000000e+00  4.42527973e+00]
 [ 0.00000000e+00 -1.91002185e-16  0.00000000e+00  8.85055950e+00]
 [ 0.00000000e+00 -1.91002185e-16  0.00000000e+00  1.77011190e+01]
 [ 0.00000000e+00 -1.91002185e-16  0.00000000e+00  3.54022381e+01]
 [ 0.00000000e+00 -1.91002185e-16  0.00000000e+00  0.00000000e+00]
 [ 0.00000000e+00 -1.91002185e-16  0.00000000e+00  0.00000000e+00]]
['S9'] [[ 2.00000000e+00 -1.02987794e-16  0.00000000e+00  1.86337656e-01]
 [ 2.00000000e+00 -1.02987794e-16  0.00000000e+00  3.72675311e-01]
 [ 2.00000000e+00 -1.02987794e-16  0.00000000e+00  7.45350640e-01]
 [ 2.00000000e+00 -1.02987794e-16  0.00000000e+00  1.49070124e+00]
 [ 2.00000000e+00 -1.02987794e-16  0.00000000e+00  2.98140249e+00]
 [ 2.00000000e+00 -1.02987794e-16  0.00000000e+00  5.96280496e+00]
 [ 2.00000000e+00 -1.02987794e-16  0.00000000e+00  1.19256099e+01]
 [ 2.00000000e+00 -1.02987794e-16  0.00000000e+00  2.38512199e+01]
 [ 2.00000000e+00 -1.02987794e-16  0.00000000e+00  4.77070630e+01]
 [ 2.00000000e+00 -1.02987794e-16  0.00000000e+00  0.00000000e+00]]
