['S1'] [[1.15000000e+02 2.52176700e-02 0.00000000e+00 6.31683779e-01]
 [1.15000000e+02 2.52176700e-02 0.00000000e+00 1.26336749e+00]
 [1.15000000e+02 2.52176700e-02 0.00000000e+00 2.52673504e+00]
 [1.15000000e+02 2.52176700e-02 0.00000000e+00 5.05347011e+00]
 [1.15000000e+02 2.52176700e-02 0.00000000e+00 1.01069402e+01]
 [1.15000000e+02 2.52176700e-02 0.00000000e+00 2.02138804e+01]
 [1.15000000e+02 2.52176700e-02 0.00000000e+00 4.04277608e+01]
 [1.15000000e+02 2.52176700e-02 0.00000000e+00 0.00000000e+00]
 [1.15000000e+02 2.52176700e-02 0.00000000e+00 0.00000000e+00]
 [1.15000000e+02 2.52176700e-02 0.00000000e+00 0.00000000e+00]]
['S10'] [[1.15000000e+02 2.52176700e-02 0.00000000e+00 7.77580545e-01]
 [1.15000000e+02 2.52176700e-02 0.00000000e+00 1.55516108e+00]
 [1.15000000e+02 2.52176700e-02 0.00000000e+00 3.11032216e+00]
 [1.15000000e+02 2.52176700e-02 0.00000000e+00 6.22064431e+00]
 [1.15000000e+02 2.52176700e-02 0.00000000e+00 1.24412886e+01]
 [1.15000000e+02 2.52176700e-02 0.00000000e+00 2.48825772e+01]
 [1.15000000e+02 2.52176700e-02 0.00000000e+00 4.96543190e+01]
 [1.15000000e+02 2.52176700e-02 0.00000000e+00 0.00000000e+00]
 [1.15000000e+02 2.52176700e-02 0.00000000e+00 0.00000000e+00]
 [1.15000000e+02 2.52176700e-02 0.00000000e+00 0.00000000e+00]]
['S11'] [[3.59000000e+02 6.33393380e-03 0.00000000e+00 7.33168534e-01]
 [3.59000000e+02 6.33393380e-03 0.00000000e+00 1.46633712e+00]
 [3.59000000e+02 6.33393380e-03 0.00000000e+00 2.93267418e+00]
 [3.59000000e+02 6.33393380e-03 0.00000000e+00 5.86534838e+00]
 [3.59000000e+02 6.33393380e-03 0.00000000e+00 1.17306968e+01]
 [3.59000000e+02 6.33393380e-03 0.00000000e+00 2.34613935e+01]
 [3.59000000e+02 6.33393380e-03 0.00000000e+00 4.69234035e+01]
 [3.59000000e+02 6.33393380e-03 0.00000000e+00 0.00000000e+00]
 [3.59000000e+02 6.33393380e-03 0.00000000e+00 0.00000000e+00]
 [3.59000000e+02 6.33393380e-03 0.00000000e+00 0.00000000e+00]]
['S12'] [[4.23000000e+02 6.57807845e-03 0.00000000e+00 5.85035652e-01]
 [4.23000000e+02 6.57807845e-03 0.00000000e+00 1.17007131e+00]
 [4.23000000e+02 6.57807845e-03 0.00000000e+00 2.34014259e+00]
 [4.23000000e+02 6.57807845e-03 0.00000000e+00 4.68028520e+00]
 [4.23000000e+02 6.57807845e-03 0.00000000e+00 9.36057038e+00]
 [4.23000000e+02 6.57807845e-03 0.00000000e+00 1.87211407e+01]
 [4.23000000e+02 6.57807845e-03 0.00000000e+00 3.74422815e+01]
 [4.23000000e+02 6.57807845e-03 0.00000000e+00 0.00000000e+00]
 [4.23000000e+02 6.57807845e-03 0.00000000e+00 0.00000000e+00]
 [4.23000000e+02 6.57807845e-03 0.00000000e+00 0.00000000e+00]]
['S13'] [[4.50300000e+03 6.22344619e-03 0.00000000e+00 6.51038174e-01]
 [4.50300000e+03 6.22344619e-03 0.00000000e+00 1.30207633e+00]
 [4.50300000e+03 6.22344619e-03 0.00000000e+00 2.60415268e+00]
 [4.50300000e+03 6.22344619e-03 0.00000000e+00 5.20830532e+00]
 [4.50300000e+03 6.22344619e-03 0.00000000e+00 1.04166106e+01]
 [4.50300000e+03 6.22344619e-03 0.00000000e+00 2.08332213e+01]
 [4.50300000e+03 6.22344619e-03 0.00000000e+00 4.16664426e+01]
 [4.50300000e+03 6.22344619e-03 0.00000000e+00 0.00000000e+00]
 [4.50300000e+03 6.22344619e-03 0.00000000e+00 0.00000000e+00]
 [4.50300000e+03 6.22344619e-03 0.00000000e+00 0.00000000e+00]]
['S14'] [[1.20000000e+02 9.94824144e-03 0.00000000e+00 6.22162061e-01]
 [1.20000000e+02 9.94824144e-03 0.00000000e+00 1.24432410e+00]
 [1.20000000e+02 9.94824144e-03 0.00000000e+00 2.48864824e+00]
 [1.20000000e+02 9.94824144e-03 0.00000000e+00 4.97729646e+00]
 [1.20000000e+02 9.94824144e-03 0.00000000e+00 9.95459294e+00]
 [1.20000000e+02 9.94824144e-03 0.00000000e+00 1.99091859e+01]
 [1.20000000e+02 9.94824144e-03 0.00000000e+00 3.98183717e+01]
 [1.20000000e+02 9.94824144e-03 0.00000000e+00 0.00000000e+00]
 [1.20000000e+02 9.94824144e-03 0.00000000e+00 0.00000000e+00]
 [1.20000000e+02 9.94824144e-03 0.00000000e+00 0.00000000e+00]]
['S15'] [[5.06000000e+02 1.44050068e-02 0.00000000e+00 7.55059871e-01]
 [5.06000000e+02 1.44050068e-02 0.00000000e+00 1.51011972e+00]
 [5.06000000e+02 1.44050068e-02 0.00000000e+00 3.02023941e+00]
 [5.06000000e+02 1.44050068e-02 0.00000000e+00 6.04047887e+00]
 [5.06000000e+02 1.44050068e-02 0.00000000e+00 1.20809577e+01]
 [5.06000000e+02 1.44050068e-02 0.00000000e+00 2.41619154e+01]
 [5.06000000e+02 1.44050068e-02 0.00000000e+00 4.83162697e+01]
 [5.06000000e+02 1.44050068e-02 0.00000000e+00 0.00000000e+00]
 [5.06000000e+02 1.44050068e-02 0.00000000e+00 0.00000000e+00]
 [5.06000000e+02 1.44050068e-02 0.00000000e+00 0.00000000e+00]]
['S16'] [[4.96300000e+03 3.11389284e-02 0.00000000e+00 5.67007121e-01]
 [4.96300000e+03 3.11389284e-02 0.00000000e+00 1.13401423e+00]
 [4.96300000e+03 3.11389284e-02 0.00000000e+00 2.26802846e+00]
 [4.96300000e+03 3.11389284e-02 0.00000000e+00 4.53605694e+00]
 [4.96300000e+03 3.11389284e-02 0.00000000e+00 9.07211383e+00]
 [4.96300000e+03 3.11389284e-02 0.00000000e+00 1.81442277e+01]
 [4.96300000e+03 3.11389284e-02 0.00000000e+00 3.62884554e+01]
 [4.96300000e+03 3.11389284e-02 0.00000000e+00 0.00000000e+00]
 [4.96300000e+03 3.11389284e-02 0.00000000e+00 0.00000000e+00]
 [4.96300000e+03 3.11389284e-02 0.00000000e+00 0.00000000e+00]]
['S17'] [[9.22000000e+02 1.33321441e-02 0.00000000e+00 6.22162061e-01]
 [9.22000000e+02 1.33321441e-02 0.00000000e+00 1.24432405e+00]
 [9.22000000e+02 1.33321441e-02 0.00000000e+00 2.48864817e+00]
 [9.22000000e+02 1.33321441e-02 0.00000000e+00 4.97729635e+00]
 [9.22000000e+02 1.33321441e-02 0.00000000e+00 9.95459270e+00]
 [9.22000000e+02 1.33321441e-02 0.00000000e+00 1.99091854e+01]
 [9.22000000e+02 1.33321441e-02 0.00000000e+00 3.98183707e+01]
 [9.22000000e+02 1.33321441e-02 0.00000000e+00 0.00000000e+00]
 [9.22000000e+02 1.33321441e-02 0.00000000e+00 0.00000000e+00]
 [9.22000000e+02 1.33321441e-02 0.00000000e+00 0.00000000e+00]]
['S18'] [[1.20000000e+02 9.94824144e-03 0.00000000e+00 6.80901680e-01]
 [1.20000000e+02 9.94824144e-03 0.00000000e+00 1.36180330e+00]
 [1.20000000e+02 9.94824144e-03 0.00000000e+00 2.72360667e+00]
 [1.20000000e+02 9.94824144e-03 0.00000000e+00 5.44721331e+00]
 [1.20000000e+02 9.94824144e-03 0.00000000e+00 1.08944266e+01]
 [1.20000000e+02 9.94824144e-03 0.00000000e+00 2.17888533e+01]
 [1.20000000e+02 9.94824144e-03 0.00000000e+00 4.35777068e+01]
 [1.20000000e+02 9.94824144e-03 0.00000000e+00 0.00000000e+00]
 [1.20000000e+02 9.94824144e-03 0.00000000e+00 0.00000000e+00]
 [1.20000000e+02 9.94824144e-03 0.00000000e+00 0.00000000e+00]]
['S19'] [[1.15000000e+02 2.52176700e-02 0.00000000e+00 7.77580494e-01]
 [1.15000000e+02 2.52176700e-02 0.00000000e+00 1.55516103e+00]
 [1.15000000e+02 2.52176700e-02 0.00000000e+00 3.11032204e+00]
 [1.15000000e+02 2.52176700e-02 0.00000000e+00 6.22064408e+00]
 [1.15000000e+02 2.52176700e-02 0.00000000e+00 1.24412882e+01]
 [1.15000000e+02 2.52176700e-02 0.00000000e+00 2.48825763e+01]
 [1.15000000e+02 2.52176700e-02 0.00000000e+00 4.96543190e+01]
 [1.15000000e+02 2.52176700e-02 0.00000000e+00 0.00000000e+00]
 [1.15000000e+02 2.52176700e-02 0.00000000e+00 0.00000000e+00]
 [1.15000000e+02 2.52176700e-02 0.00000000e+00 0.00000000e+00]]
['S2'] [[3.60000000e+02 1.03922568e-02 0.00000000e+00 6.51038129e-01]
 [3.60000000e+02 1.03922568e-02 0.00000000e+00 1.30207627e+00]
 [3.60000000e+02 1.03922568e-02 0.00000000e+00 2.60415251e+00]
 [3.60000000e+02 1.03922568e-02 0.00000000e+00 5.20830508e+00]
 [3.60000000e+02 1.03922568e-02 0.00000000e+00 1.04166101e+01]
 [3.60000000e+02 1.03922568e-02 0.00000000e+00 2.08332202e+01]
 [3.60000000e+02 1.03922568e-02 0.00000000e+00 4.16664404e+01]
 [3.60000000e+02 1.03922568e-02 0.00000000e+00 0.00000000e+00]
 [3.60000000e+02 1.03922568e-02 0.00000000e+00 0.00000000e+00]
 [3.60000000e+02 1.03922568e-02 0.00000000e+00 0.00000000e+00]]
['S3'] [[5.76700000e+03 1.05814508e-02 0.00000000e+00 6.03412934e-01]
 [5.76700000e+03 1.05814508e-02 0.00000000e+00 1.20682590e+00]
 [5.76700000e+03 1.05814508e-02 0.00000000e+00 2.41365178e+00]
 [5.76700000e+03 1.05814508e-02 0.00000000e+00 4.82730356e+00]
 [5.76700000e+03 1.05814508e-02 0.00000000e+00 9.65460709e+00]
 [5.76700000e+03 1.05814508e-02 0.00000000e+00 1.93092142e+01]
 [5.76700000e+03 1.05814508e-02 0.00000000e+00 3.86184284e+01]
 [5.76700000e+03 1.05814508e-02 0.00000000e+00 0.00000000e+00]
 [5.76700000e+03 1.05814508e-02 0.00000000e+00 0.00000000e+00]
 [5.76700000e+03 1.05814508e-02 0.00000000e+00 0.00000000e+00]]
['S4'] [[4.23000000e+02 6.57807845e-03 0.00000000e+00 7.44038486e-01]
 [4.23000000e+02 6.57807845e-03 0.00000000e+00 1.48807707e+00]
 [4.23000000e+02 6.57807845e-03 0.00000000e+00 2.97615411e+00]
 [4.23000000e+02 6.57807845e-03 0.00000000e+00 5.95230817e+00]
 [4.23000000e+02 6.57807845e-03 0.00000000e+00 1.19046164e+01]
 [4.23000000e+02 6.57807845e-03 0.00000000e+00 2.38092328e+01]
 [4.23000000e+02 6.57807845e-03 0.00000000e+00 4.76141133e+01]
 [4.23000000e+02 6.57807845e-03 0.00000000e+00 0.00000000e+00]
 [4.23000000e+02 6.57807845e-03 0.00000000e+00 0.00000000e+00]
 [4.23000000e+02 6.57807845e-03 0.00000000e+00 0.00000000e+00]]
['S5'] [[2.56000000e+02 3.30279304e-02 0.00000000e+00 6.70831061e-01]
 [2.56000000e+02 3.30279304e-02 0.00000000e+00 1.34166220e+00]
 [2.56000000e+02 3.30279304e-02 0.00000000e+00 2.68332433e+00]
 [2.56000000e+02 3.30279304e-02 0.00000000e+00 5.36664868e+00]
 [2.56000000e+02 3.30279304e-02 0.00000000e+00 1.07332974e+01]
 [2.56000000e+02 3.30279304e-02 0.00000000e+00 2.14665947e+01]
 [2.56000000e+02 3.30279304e-02 0.00000000e+00 4.29331891e+01]
 [2.56000000e+02 3.30279304e-02 0.00000000e+00 0.00000000e+00]
 [2.56000000e+02 3.30279304e-02 0.00000000e+00 0.00000000e+00]
 [2.56000000e+02 3.30279304e-02 0.00000000e+00 0.00000000e+00]]
['S6'] [[4.95100000e+03 9.02494094e-03 0.00000000e+00 5.31913074e-01]
 [4.95100000e+03 9.02494094e-03 0.00000000e+00 1.06382620e+00]
 [4.95100000e+03 9.02494094e-03 0.00000000e+00 2.12765234e+00]
 [4.95100000e+03 9.02494094e-03 0.00000000e+00 4.25530471e+00]
 [4.95100000e+03 9.02494094e-03 0.00000000e+00 8.51060943e+00]
 [4.95100000e+03 9.02494094e-03 0.00000000e+00 1.70212188e+01]
 [4.95100000e+03 9.02494094e-03 0.00000000e+00 3.40424377e+01]
 [4.95100000e+03 9.02494094e-03 0.00000000e+00 0.00000000e+00]
 [4.95100000e+03 9.02494094e-03 0.00000000e+00 0.00000000e+00]
 [4.95100000e+03 9.02494094e-03 0.00000000e+00 0.00000000e+00]]
['S7'] [[6.25200000e+03 4.79617657e-02 0.00000000e+00 6.31683779e-01]
 [6.25200000e+03 4.79617657e-02 0.00000000e+00 1.26336749e+00]
 [6.25200000e+03 4.79617657e-02 0.00000000e+00 2.52673500e+00]
 [6.25200000e+03 4.79617657e-02 0.00000000e+00 5.05347002e+00]
 [6.25200000e+03 4.79617657e-02 0.00000000e+00 1.01069401e+01]
 [6.25200000e+03 4.79617657e-02 0.00000000e+00 2.02138801e+01]
 [6.25200000e+03 4.79617657e-02 0.00000000e+00 4.04277603e+01]
 [6.25200000e+03 4.79617657e-02 0.00000000e+00 0.00000000e+00]
 [6.25200000e+03 4.79617657e-02 0.00000000e+00 0.00000000e+00]
 [6.25200000e+03 4.79617657e-02 0.00000000e+00 0.00000000e+00]]
['S8'] [[5.05000000e+02 1.40044393e-02 0.00000000e+00 7.22444255e-01]
 [5.05000000e+02 1.40044393e-02 0.00000000e+00 1.44488852e+00]
 [5.05000000e+02 1.40044393e-02 0.00000000e+00 2.88977706e+00]
 [5.05000000e+02 1.40044393e-02 0.00000000e+00 5.77955412e+00]
 [5.05000000e+02 1.40044393e-02 0.00000000e+00 1.15591082e+01]
 [5.05000000e+02 1.40044393e-02 0.00000000e+00 2.31182164e+01]
 [5.05000000e+02 1.40044393e-02 0.00000000e+00 4.62366253e+01]
 [5.05000000e+02 1.40044393e-02 0.00000000e+00 0.00000000e+00]
 [5.05000000e+02 1.40044393e-02 0.00000000e+00 0.00000000e+00]
 [5.05000000e+02 1.40044393e-02 0.00000000e+00 0.00000000e+00]]
['S9'] [[5.76700000e+03 1.05814508e-02 0.00000000e+00 6.03412934e-01]
 [5.76700000e+03 1.05814508e-02 0.00000000e+00 1.20682590e+00]
 [5.76700000e+03 1.05814508e-02 0.00000000e+00 2.41365178e+00]
 [5.76700000e+03 1.05814508e-02 0.00000000e+00 4.82730356e+00]
 [5.76700000e+03 1.05814508e-02 0.00000000e+00 9.65460709e+00]
 [5.76700000e+03 1.05814508e-02 0.00000000e+00 1.93092142e+01]
 [5.76700000e+03 1.05814508e-02 0.00000000e+00 3.86184284e+01]
 [5.76700000e+03 1.05814508e-02 0.00000000e+00 0.00000000e+00]
 [5.76700000e+03 1.05814508e-02 0.00000000e+00 0.00000000e+00]
 [5.76700000e+03 1.05814508e-02 0.00000000e+00 0.00000000e+00]]
