['S1'] [[ 8.00000000e+00 -2.56282568e-16  0.00000000e+00  1.99992782e-01]
 [ 8.00000000e+00 -2.56282568e-16  0.00000000e+00  3.99985594e-01]
 [ 8.00000000e+00 -2.56282568e-16  0.00000000e+00  7.99971179e-01]
 [ 8.00000000e+00 -2.56282568e-16  0.00000000e+00  1.59994237e+00]
 [ 8.00000000e+00 -2.56282568e-16  0.00000000e+00  3.19988475e+00]
 [ 8.00000000e+00 -2.56282568e-16  0.00000000e+00  6.39976947e+00]
 [ 8.00000000e+00 -2.56282568e-16  0.00000000e+00  1.27995390e+01]
 [ 8.00000000e+00 -2.56282568e-16  0.00000000e+00  2.55990780e+01]
 [ 8.00000000e+00 -2.56282568e-16  0.00000000e+00  0.00000000e+00]
 [ 8.00000000e+00 -2.56282568e-16  0.00000000e+00  0.00000000e+00]]
['S10'] [[ 8.00000000e+00 -2.56282568e-16  0.00000000e+00  1.99992782e-01]
 [ 8.00000000e+00 -2.56282568e-16  0.00000000e+00  3.99985594e-01]
 [ 8.00000000e+00 -2.56282568e-16  0.00000000e+00  7.99971179e-01]
 [ 8.00000000e+00 -2.56282568e-16  0.00000000e+00  1.59994237e+00]
 [ 8.00000000e+00 -2.56282568e-16  0.00000000e+00  3.19988475e+00]
 [ 8.00000000e+00 -2.56282568e-16  0.00000000e+00  6.39976947e+00]
 [ 8.00000000e+00 -2.56282568e-16  0.00000000e+00  1.27995390e+01]
 [ 8.00000000e+00 -2.56282568e-16  0.00000000e+00  2.55990780e+01]
 [ 8.00000000e+00 -2.56282568e-16  0.00000000e+00  0.00000000e+00]
 [ 8.00000000e+00 -2.56282568e-16  0.00000000e+00  0.00000000e+00]]
['S11'] [[ 3.00000000e+00 -5.78849834e-17  0.00000000e+00  2.27531005e-01]
 [ 3.00000000e+00 -5.78849834e-17  0.00000000e+00  4.55062082e-01]
 [ 3.00000000e+00 -5.78849834e-17  0.00000000e+00  9.10124122e-01]
 [ 3.00000000e+00 -5.78849834e-17  0.00000000e+00  1.82024827e+00]
 [ 3.00000000e+00 -5.78849834e-17  0.00000000e+00  3.64049651e+00]
 [ 3.00000000e+00 -5.78849834e-17  0.00000000e+00  7.28099300e+00]
 [ 3.00000000e+00 -5.78849834e-17  0.00000000e+00  1.45619860e+01]
 [ 3.00000000e+00 -5.78849834e-17  0.00000000e+00  2.91239720e+01]
 [ 3.00000000e+00 -5.78849834e-17  0.00000000e+00  0.00000000e+00]
 [ 3.00000000e+00 -5.78849834e-17  0.00000000e+00  0.00000000e+00]]
['S12'] [[ 6.00000000e+00 -2.28253089e-17  0.00000000e+00  1.72750825e-01]
 [ 6.00000000e+00 -2.28253089e-17  0.00000000e+00  3.45501604e-01]
 [ 6.00000000e+00 -2.28253089e-17  0.00000000e+00  6.91003277e-01]
 [ 6.00000000e+00 -2.28253089e-17  0.00000000e+00  1.38200650e+00]
 [ 6.00000000e+00 -2.28253089e-17  0.00000000e+00  2.76401302e+00]
 [ 6.00000000e+00 -2.28253089e-17  0.00000000e+00  5.52802604e+00]
 [ 6.00000000e+00 -2.28253089e-17  0.00000000e+00  1.10560521e+01]
 [ 6.00000000e+00 -2.28253089e-17  0.00000000e+00  2.21121042e+01]
 [ 6.00000000e+00 -2.28253089e-17  0.00000000e+00  4.42242030e+01]
 [ 6.00000000e+00 -2.28253089e-17  0.00000000e+00  0.00000000e+00]]
['S13'] [[ 4.00000000e+00 -3.32336498e-17  0.00000000e+00  1.39047145e-01]
 [ 4.00000000e+00 -3.32336498e-17  0.00000000e+00  2.78094365e-01]
 [ 4.00000000e+00 -3.32336498e-17  0.00000000e+00  5.56188641e-01]
 [ 4.00000000e+00 -3.32336498e-17  0.00000000e+00  1.11237730e+00]
 [ 4.00000000e+00 -3.32336498e-17  0.00000000e+00  2.22475462e+00]
 [ 4.00000000e+00 -3.32336498e-17  0.00000000e+00  4.44950918e+00]
 [ 4.00000000e+00 -3.32336498e-17  0.00000000e+00  8.89901842e+00]
 [ 4.00000000e+00 -3.32336498e-17  0.00000000e+00  1.77980368e+01]
 [ 4.00000000e+00 -3.32336498e-17  0.00000000e+00  3.55960736e+01]
 [ 4.00000000e+00 -3.32336498e-17  0.00000000e+00  0.00000000e+00]]
['S14'] [[1.00000000e+00 1.38777878e-16 0.00000000e+00 1.65981352e-01]
 [1.00000000e+00 1.38777878e-16 0.00000000e+00 3.31962620e-01]
 [1.00000000e+00 1.38777878e-16 0.00000000e+00 6.63925297e-01]
 [1.00000000e+00 1.38777878e-16 0.00000000e+00 1.32785052e+00]
 [1.00000000e+00 1.38777878e-16 0.00000000e+00 2.65570113e+00]
 [1.00000000e+00 1.38777878e-16 0.00000000e+00 5.31140226e+00]
 [1.00000000e+00 1.38777878e-16 0.00000000e+00 1.06228045e+01]
 [1.00000000e+00 1.38777878e-16 0.00000000e+00 2.12456090e+01]
 [1.00000000e+00 1.38777878e-16 0.00000000e+00 4.24912178e+01]
 [1.00000000e+00 1.38777878e-16 0.00000000e+00 0.00000000e+00]]
['S15'] [[ 3.00000000e+00 -5.78849834e-17  0.00000000e+00  2.13722040e-01]
 [ 3.00000000e+00 -5.78849834e-17  0.00000000e+00  4.27444109e-01]
 [ 3.00000000e+00 -5.78849834e-17  0.00000000e+00  8.54888166e-01]
 [ 3.00000000e+00 -5.78849834e-17  0.00000000e+00  1.70977632e+00]
 [ 3.00000000e+00 -5.78849834e-17  0.00000000e+00  3.41955262e+00]
 [ 3.00000000e+00 -5.78849834e-17  0.00000000e+00  6.83910524e+00]
 [ 3.00000000e+00 -5.78849834e-17  0.00000000e+00  1.36782105e+01]
 [ 3.00000000e+00 -5.78849834e-17  0.00000000e+00  2.73564210e+01]
 [ 3.00000000e+00 -5.78849834e-17  0.00000000e+00  0.00000000e+00]
 [ 3.00000000e+00 -5.78849834e-17  0.00000000e+00  0.00000000e+00]]
['S16'] [[1.00000000e+00 1.38777878e-16 0.00000000e+00 2.20616173e-01]
 [1.00000000e+00 1.38777878e-16 0.00000000e+00 4.41232334e-01]
 [1.00000000e+00 1.38777878e-16 0.00000000e+00 8.82464633e-01]
 [1.00000000e+00 1.38777878e-16 0.00000000e+00 1.76492931e+00]
 [1.00000000e+00 1.38777878e-16 0.00000000e+00 3.52985856e+00]
 [1.00000000e+00 1.38777878e-16 0.00000000e+00 7.05971723e+00]
 [1.00000000e+00 1.38777878e-16 0.00000000e+00 1.41194344e+01]
 [1.00000000e+00 1.38777878e-16 0.00000000e+00 2.82388688e+01]
 [1.00000000e+00 1.38777878e-16 0.00000000e+00 0.00000000e+00]
 [1.00000000e+00 1.38777878e-16 0.00000000e+00 0.00000000e+00]]
['S17'] [[ 6.00000000e+00 -2.28253089e-17  0.00000000e+00  1.72750764e-01]
 [ 6.00000000e+00 -2.28253089e-17  0.00000000e+00  3.45501604e-01]
 [ 6.00000000e+00 -2.28253089e-17  0.00000000e+00  6.91003184e-01]
 [ 6.00000000e+00 -2.28253089e-17  0.00000000e+00  1.38200637e+00]
 [ 6.00000000e+00 -2.28253089e-17  0.00000000e+00  2.76401273e+00]
 [ 6.00000000e+00 -2.28253089e-17  0.00000000e+00  5.52802546e+00]
 [ 6.00000000e+00 -2.28253089e-17  0.00000000e+00  1.10560509e+01]
 [ 6.00000000e+00 -2.28253089e-17  0.00000000e+00  2.21121019e+01]
 [ 6.00000000e+00 -2.28253089e-17  0.00000000e+00  4.42242030e+01]
 [ 6.00000000e+00 -2.28253089e-17  0.00000000e+00  0.00000000e+00]]
['S18'] [[ 4.00000000e+00 -3.32336498e-17  0.00000000e+00  1.79536012e-01]
 [ 4.00000000e+00 -3.32336498e-17  0.00000000e+00  3.59071986e-01]
 [ 4.00000000e+00 -3.32336498e-17  0.00000000e+00  7.18144035e-01]
 [ 4.00000000e+00 -3.32336498e-17  0.00000000e+00  1.43628804e+00]
 [ 4.00000000e+00 -3.32336498e-17  0.00000000e+00  2.87257611e+00]
 [ 4.00000000e+00 -3.32336498e-17  0.00000000e+00  5.74515224e+00]
 [ 4.00000000e+00 -3.32336498e-17  0.00000000e+00  1.14903045e+01]
 [ 4.00000000e+00 -3.32336498e-17  0.00000000e+00  2.29806089e+01]
 [ 4.00000000e+00 -3.32336498e-17  0.00000000e+00  4.59613291e+01]
 [ 4.00000000e+00 -3.32336498e-17  0.00000000e+00  0.00000000e+00]]
['S19'] [[1.00000000e+00 1.38777878e-16 0.00000000e+00 2.62442778e-01]
 [1.00000000e+00 1.38777878e-16 0.00000000e+00 5.24885627e-01]
 [1.00000000e+00 1.38777878e-16 0.00000000e+00 1.04977124e+00]
 [1.00000000e+00 1.38777878e-16 0.00000000e+00 2.09954240e+00]
 [1.00000000e+00 1.38777878e-16 0.00000000e+00 4.19908486e+00]
 [1.00000000e+00 1.38777878e-16 0.00000000e+00 8.39816970e+00]
 [1.00000000e+00 1.38777878e-16 0.00000000e+00 1.67963394e+01]
 [1.00000000e+00 1.38777878e-16 0.00000000e+00 3.35926787e+01]
 [1.00000000e+00 1.38777878e-16 0.00000000e+00 0.00000000e+00]
 [1.00000000e+00 1.38777878e-16 0.00000000e+00 0.00000000e+00]]
['S2'] [[1.00000000e+00 1.38777878e-16 0.00000000e+00 1.25657214e-01]
 [1.00000000e+00 1.38777878e-16 0.00000000e+00 2.51314413e-01]
 [1.00000000e+00 1.38777878e-16 0.00000000e+00 5.02628903e-01]
 [1.00000000e+00 1.38777878e-16 0.00000000e+00 1.00525772e+00]
 [1.00000000e+00 1.38777878e-16 0.00000000e+00 2.01051545e+00]
 [1.00000000e+00 1.38777878e-16 0.00000000e+00 4.02103089e+00]
 [1.00000000e+00 1.38777878e-16 0.00000000e+00 8.04206178e+00]
 [1.00000000e+00 1.38777878e-16 0.00000000e+00 1.60841236e+01]
 [1.00000000e+00 1.38777878e-16 0.00000000e+00 3.21682471e+01]
 [1.00000000e+00 1.38777878e-16 0.00000000e+00 0.00000000e+00]]
['S3'] [[ 8.00000000e+00 -2.56282568e-16  0.00000000e+00  1.86337656e-01]
 [ 8.00000000e+00 -2.56282568e-16  0.00000000e+00  3.72675311e-01]
 [ 8.00000000e+00 -2.56282568e-16  0.00000000e+00  7.45350640e-01]
 [ 8.00000000e+00 -2.56282568e-16  0.00000000e+00  1.49070124e+00]
 [ 8.00000000e+00 -2.56282568e-16  0.00000000e+00  2.98140249e+00]
 [ 8.00000000e+00 -2.56282568e-16  0.00000000e+00  5.96280500e+00]
 [ 8.00000000e+00 -2.56282568e-16  0.00000000e+00  1.19256100e+01]
 [ 8.00000000e+00 -2.56282568e-16  0.00000000e+00  2.38512200e+01]
 [ 8.00000000e+00 -2.56282568e-16  0.00000000e+00  4.77070630e+01]
 [ 8.00000000e+00 -2.56282568e-16  0.00000000e+00  0.00000000e+00]]
['S4'] [[1.00000000e+00 1.38777878e-16 0.00000000e+00 2.76579977e-01]
 [1.00000000e+00 1.38777878e-16 0.00000000e+00 5.53159982e-01]
 [1.00000000e+00 1.38777878e-16 0.00000000e+00 1.10631998e+00]
 [1.00000000e+00 1.38777878e-16 0.00000000e+00 2.21263989e+00]
 [1.00000000e+00 1.38777878e-16 0.00000000e+00 4.42527983e+00]
 [1.00000000e+00 1.38777878e-16 0.00000000e+00 8.85055963e+00]
 [1.00000000e+00 1.38777878e-16 0.00000000e+00 1.77011193e+01]
 [1.00000000e+00 1.38777878e-16 0.00000000e+00 3.54022386e+01]
 [1.00000000e+00 1.38777878e-16 0.00000000e+00 0.00000000e+00]
 [1.00000000e+00 1.38777878e-16 0.00000000e+00 0.00000000e+00]]
['S5'] [[1.00000000e+00 1.38777878e-16 0.00000000e+00 1.39047084e-01]
 [1.00000000e+00 1.38777878e-16 0.00000000e+00 2.78094236e-01]
 [1.00000000e+00 1.38777878e-16 0.00000000e+00 5.56188441e-01]
 [1.00000000e+00 1.38777878e-16 0.00000000e+00 1.11237688e+00]
 [1.00000000e+00 1.38777878e-16 0.00000000e+00 2.22475381e+00]
 [1.00000000e+00 1.38777878e-16 0.00000000e+00 4.44950758e+00]
 [1.00000000e+00 1.38777878e-16 0.00000000e+00 8.89901513e+00]
 [1.00000000e+00 1.38777878e-16 0.00000000e+00 1.77980303e+01]
 [1.00000000e+00 1.38777878e-16 0.00000000e+00 3.55960606e+01]
 [1.00000000e+00 1.38777878e-16 0.00000000e+00 0.00000000e+00]]
['S6'] [[ 3.00000000e+00 -5.78849834e-17  0.00000000e+00  1.99992782e-01]
 [ 3.00000000e+00 -5.78849834e-17  0.00000000e+00  3.99985594e-01]
 [ 3.00000000e+00 -5.78849834e-17  0.00000000e+00  7.99971179e-01]
 [ 3.00000000e+00 -5.78849834e-17  0.00000000e+00  1.59994237e+00]
 [ 3.00000000e+00 -5.78849834e-17  0.00000000e+00  3.19988475e+00]
 [ 3.00000000e+00 -5.78849834e-17  0.00000000e+00  6.39976947e+00]
 [ 3.00000000e+00 -5.78849834e-17  0.00000000e+00  1.27995389e+01]
 [ 3.00000000e+00 -5.78849834e-17  0.00000000e+00  2.55990779e+01]
 [ 3.00000000e+00 -5.78849834e-17  0.00000000e+00  0.00000000e+00]
 [ 3.00000000e+00 -5.78849834e-17  0.00000000e+00  0.00000000e+00]]
['S7'] [[ 4.00000000e+00 -3.32336498e-17  0.00000000e+00  1.79536073e-01]
 [ 4.00000000e+00 -3.32336498e-17  0.00000000e+00  3.59072122e-01]
 [ 4.00000000e+00 -3.32336498e-17  0.00000000e+00  7.18144227e-01]
 [ 4.00000000e+00 -3.32336498e-17  0.00000000e+00  1.43628844e+00]
 [ 4.00000000e+00 -3.32336498e-17  0.00000000e+00  2.87257688e+00]
 [ 4.00000000e+00 -3.32336498e-17  0.00000000e+00  5.74515376e+00]
 [ 4.00000000e+00 -3.32336498e-17  0.00000000e+00  1.14903075e+01]
 [ 4.00000000e+00 -3.32336498e-17  0.00000000e+00  2.29806151e+01]
 [ 4.00000000e+00 -3.32336498e-17  0.00000000e+00  4.59613291e+01]
 [ 4.00000000e+00 -3.32336498e-17  0.00000000e+00  0.00000000e+00]]
['S8'] [[1.00000000e+00 1.38777878e-16 0.00000000e+00 2.76579977e-01]
 [1.00000000e+00 1.38777878e-16 0.00000000e+00 5.53159982e-01]
 [1.00000000e+00 1.38777878e-16 0.00000000e+00 1.10631998e+00]
 [1.00000000e+00 1.38777878e-16 0.00000000e+00 2.21263993e+00]
 [1.00000000e+00 1.38777878e-16 0.00000000e+00 4.42527983e+00]
 [1.00000000e+00 1.38777878e-16 0.00000000e+00 8.85055972e+00]
 [1.00000000e+00 1.38777878e-16 0.00000000e+00 1.77011194e+01]
 [1.00000000e+00 1.38777878e-16 0.00000000e+00 3.54022388e+01]
 [1.00000000e+00 1.38777878e-16 0.00000000e+00 0.00000000e+00]
 [1.00000000e+00 1.38777878e-16 0.00000000e+00 0.00000000e+00]]
['S9'] [[2.00000000e+00 1.82602471e-16 0.00000000e+00 1.39047084e-01]
 [2.00000000e+00 1.82602471e-16 0.00000000e+00 2.78094236e-01]
 [2.00000000e+00 1.82602471e-16 0.00000000e+00 5.56188481e-01]
 [2.00000000e+00 1.82602471e-16 0.00000000e+00 1.11237692e+00]
 [2.00000000e+00 1.82602471e-16 0.00000000e+00 2.22475389e+00]
 [2.00000000e+00 1.82602471e-16 0.00000000e+00 4.44950774e+00]
 [2.00000000e+00 1.82602471e-16 0.00000000e+00 8.89901551e+00]
 [2.00000000e+00 1.82602471e-16 0.00000000e+00 1.77980310e+01]
 [2.00000000e+00 1.82602471e-16 0.00000000e+00 3.55960620e+01]
 [2.00000000e+00 1.82602471e-16 0.00000000e+00 0.00000000e+00]]
