['S1'] [[ 6.00000000e+00 -1.13213532e-16  4.60851733e-02]
 [ 1.00000000e+00  6.71977094e-17  3.74497511e-02]
 [ 9.00000000e+00 -1.96480259e-16  9.83806401e-03]
 [ 8.00000000e+00 -1.80411242e-16  7.77528457e-03]
 [ 1.00000000e+00  6.71977094e-17  1.01208687e-04]
 [ 1.00000000e+00  6.71977094e-17  0.00000000e+00]
 [ 1.00000000e+00  6.71977094e-17  0.00000000e+00]
 [ 1.00000000e+00  6.71977094e-17  0.00000000e+00]
 [ 1.00000000e+00  6.71977094e-17  0.00000000e+00]
 [ 1.00000000e+00  6.71977094e-17  0.00000000e+00]]
['S10'] [[3.00000000e+00 2.51078398e-17 5.26801760e-02]
 [7.00000000e+00 1.16226473e-16 1.38897291e-02]
 [3.00000000e+00 2.51078398e-17 1.92999842e-04]
 [7.00000000e+00 1.16226473e-16 2.74181366e-06]
 [3.00000000e+00 2.51078398e-17 1.19209290e-07]
 [3.00000000e+00 2.51078398e-17 0.00000000e+00]
 [3.00000000e+00 2.51078398e-17 0.00000000e+00]
 [3.00000000e+00 2.51078398e-17 0.00000000e+00]
 [3.00000000e+00 2.51078398e-17 0.00000000e+00]
 [3.00000000e+00 2.51078398e-17 0.00000000e+00]]
['S11'] [[ 6.00000000e+00 -1.13213532e-16  5.92798800e-02]
 [ 3.00000000e+00  2.51078398e-17  2.91530202e-02]
 [ 6.00000000e+00 -1.13213532e-16  1.39361710e-03]
 [ 3.00000000e+00  2.51078398e-17  6.65783883e-05]
 [ 6.00000000e+00 -1.13213532e-16  3.21865082e-06]
 [ 3.00000000e+00  2.51078398e-17  1.78813934e-07]
 [ 6.00000000e+00 -1.13213532e-16  5.96046448e-08]
 [ 3.00000000e+00  2.51078398e-17  0.00000000e+00]
 [ 3.00000000e+00  2.51078398e-17  0.00000000e+00]
 [ 3.00000000e+00  2.51078398e-17  0.00000000e+00]]
['S12'] [[5.00000000e+00 5.75197784e-17 2.63218856e-02]
 [1.00000000e+00 6.71977094e-17 1.00488469e-02]
 [1.00000000e+00 6.71977094e-17 0.00000000e+00]
 [1.00000000e+00 6.71977094e-17 0.00000000e+00]
 [1.00000000e+00 6.71977094e-17 0.00000000e+00]
 [1.00000000e+00 6.71977094e-17 0.00000000e+00]
 [1.00000000e+00 6.71977094e-17 0.00000000e+00]
 [1.00000000e+00 6.71977094e-17 0.00000000e+00]
 [1.00000000e+00 6.71977094e-17 0.00000000e+00]
 [1.00000000e+00 6.71977094e-17 0.00000000e+00]]
['S13'] [[ 4.00000000e+00 -1.48273207e-16  1.97393898e-02]
 [ 4.00000000e+00 -1.48273207e-16  0.00000000e+00]
 [ 4.00000000e+00 -1.48273207e-16  0.00000000e+00]
 [ 4.00000000e+00 -1.48273207e-16  0.00000000e+00]
 [ 4.00000000e+00 -1.48273207e-16  0.00000000e+00]
 [ 4.00000000e+00 -1.48273207e-16  0.00000000e+00]
 [ 4.00000000e+00 -1.48273207e-16  0.00000000e+00]
 [ 4.00000000e+00 -1.48273207e-16  0.00000000e+00]
 [ 4.00000000e+00 -1.48273207e-16  0.00000000e+00]
 [ 4.00000000e+00 -1.48273207e-16  0.00000000e+00]]
['S14'] [[ 6.00000000e+00 -1.13213532e-16  7.24951174e-02]
 [ 4.00000000e+00 -1.48273207e-16  1.98433214e-02]
 [ 6.00000000e+00 -1.13213532e-16  2.84910202e-05]
 [ 4.00000000e+00 -1.48273207e-16  5.96046448e-08]
 [ 4.00000000e+00 -1.48273207e-16  5.96046448e-08]
 [ 6.00000000e+00 -1.13213532e-16  1.19209290e-07]
 [ 4.00000000e+00 -1.48273207e-16 -1.19209290e-07]
 [ 4.00000000e+00 -1.48273207e-16  1.19209290e-07]
 [ 4.00000000e+00 -1.48273207e-16 -1.19209290e-07]
 [ 4.00000000e+00 -1.48273207e-16  1.19209290e-07]]
['S15'] [[ 5.00000000e+00  5.75197784e-17  3.94941742e-02]
 [ 3.00000000e+00  2.51078398e-17  2.21989254e-02]
 [ 9.00000000e+00 -1.96480259e-16  2.23085926e-02]
 [ 3.00000000e+00  2.51078398e-17  1.24347274e-03]
 [ 9.00000000e+00 -1.96480259e-16  6.93202020e-05]
 [ 3.00000000e+00  2.51078398e-17  3.81469727e-06]
 [ 9.00000000e+00 -1.96480259e-16  2.38418579e-07]
 [ 3.00000000e+00  2.51078398e-17  5.96046448e-08]
 [ 3.00000000e+00  2.51078398e-17  0.00000000e+00]
 [ 3.00000000e+00  2.51078398e-17  0.00000000e+00]]
['S16'] [[ 6.00000000e+00 -1.13213532e-16  5.92798800e-02]
 [ 6.00000000e+00 -1.13213532e-16  5.96046448e-08]
 [ 6.00000000e+00 -1.13213532e-16  0.00000000e+00]
 [ 6.00000000e+00 -1.13213532e-16  0.00000000e+00]
 [ 6.00000000e+00 -1.13213532e-16  0.00000000e+00]
 [ 6.00000000e+00 -1.13213532e-16  0.00000000e+00]
 [ 6.00000000e+00 -1.13213532e-16  0.00000000e+00]
 [ 6.00000000e+00 -1.13213532e-16  0.00000000e+00]
 [ 6.00000000e+00 -1.13213532e-16  0.00000000e+00]
 [ 6.00000000e+00 -1.13213532e-16  0.00000000e+00]]
['S17'] [[ 3.00000000e+00  2.51078398e-17  5.26802358e-02]
 [ 4.00000000e+00 -1.48273207e-16  3.47361731e-02]
 [ 3.00000000e+00  2.51078398e-17  1.20711385e-03]
 [ 4.00000000e+00 -1.48273207e-16  4.20212746e-05]
 [ 3.00000000e+00  2.51078398e-17  1.43051147e-06]
 [ 4.00000000e+00 -1.48273207e-16  5.96046448e-08]
 [ 3.00000000e+00  2.51078398e-17  1.19209290e-07]
 [ 4.00000000e+00 -1.48273207e-16  0.00000000e+00]
 [ 4.00000000e+00 -1.48273207e-16  0.00000000e+00]
 [ 4.00000000e+00 -1.48273207e-16  0.00000000e+00]]
['S18'] [[ 5.00000000e+00  5.75197784e-17  3.94941742e-02]
 [ 7.00000000e+00  1.16226473e-16  2.68835202e-02]
 [ 1.00000000e+00  6.71977094e-17  7.96191827e-03]
 [ 2.00000000e+00 -9.27620553e-17  1.55687333e-04]
 [ 2.00000000e+00 -9.27620553e-17 -1.19209290e-07]
 [ 2.00000000e+00 -9.27620553e-17  0.00000000e+00]
 [ 2.00000000e+00 -9.27620553e-17  0.00000000e+00]
 [ 2.00000000e+00 -9.27620553e-17  0.00000000e+00]
 [ 2.00000000e+00 -9.27620553e-17  0.00000000e+00]
 [ 2.00000000e+00 -9.27620553e-17  0.00000000e+00]]
['S19'] [[ 6.00000000e+00 -1.13213532e-16  9.90064243e-02]
 [ 1.00000000e+00  6.71977094e-17  3.52871180e-02]
 [ 2.00000000e+00 -9.27620553e-17  6.44996766e-03]
 [ 2.00000000e+00 -9.27620553e-17  0.00000000e+00]
 [ 2.00000000e+00 -9.27620553e-17  0.00000000e+00]
 [ 2.00000000e+00 -9.27620553e-17  0.00000000e+00]
 [ 2.00000000e+00 -9.27620553e-17  0.00000000e+00]
 [ 2.00000000e+00 -9.27620553e-17  0.00000000e+00]
 [ 2.00000000e+00 -9.27620553e-17  0.00000000e+00]
 [ 2.00000000e+00 -9.27620553e-17  0.00000000e+00]]
['S2'] [[5.00000000e+00 5.75197784e-17 3.94941742e-02]
 [3.00000000e+00 2.51078398e-17 2.21988657e-02]
 [7.00000000e+00 1.16226473e-16 9.63270962e-04]
 [3.00000000e+00 2.51078398e-17 1.93119049e-05]
 [7.00000000e+00 1.16226473e-16 4.17232513e-07]
 [3.00000000e+00 2.51078398e-17 0.00000000e+00]
 [3.00000000e+00 2.51078398e-17 0.00000000e+00]
 [3.00000000e+00 2.51078398e-17 0.00000000e+00]
 [3.00000000e+00 2.51078398e-17 0.00000000e+00]
 [3.00000000e+00 2.51078398e-17 0.00000000e+00]]
['S3'] [[ 5.00000000e+00  5.75197784e-17  3.94941742e-02]
 [ 6.00000000e+00 -1.13213532e-16  2.05508191e-02]
 [ 7.00000000e+00  1.16226473e-16  1.35965380e-02]
 [ 5.00000000e+00  5.75197784e-17  6.18040640e-04]
 [ 7.00000000e+00  1.16226473e-16  8.94069672e-06]
 [ 5.00000000e+00  5.75197784e-17  1.19209290e-07]
 [ 5.00000000e+00  5.75197784e-17  0.00000000e+00]
 [ 5.00000000e+00  5.75197784e-17  0.00000000e+00]
 [ 5.00000000e+00  5.75197784e-17  0.00000000e+00]
 [ 5.00000000e+00  5.75197784e-17  0.00000000e+00]]
['S4'] [[1.00000000e+00 6.71977094e-17 3.94941742e-02]
 [1.00000000e+00 6.71977094e-17 0.00000000e+00]
 [1.00000000e+00 6.71977094e-17 0.00000000e+00]
 [1.00000000e+00 6.71977094e-17 0.00000000e+00]
 [1.00000000e+00 6.71977094e-17 0.00000000e+00]
 [1.00000000e+00 6.71977094e-17 0.00000000e+00]
 [1.00000000e+00 6.71977094e-17 0.00000000e+00]
 [1.00000000e+00 6.71977094e-17 0.00000000e+00]
 [1.00000000e+00 6.71977094e-17 0.00000000e+00]
 [1.00000000e+00 6.71977094e-17 0.00000000e+00]]
['S5'] [[ 6.00000000e+00 -1.13213532e-16  5.92798201e-02]
 [ 3.00000000e+00  2.51078398e-17  1.59418974e-02]
 [ 6.00000000e+00 -1.13213532e-16  7.49468944e-04]
 [ 3.00000000e+00  2.51078398e-17  3.52859497e-05]
 [ 6.00000000e+00 -1.13213532e-16  1.60932541e-06]
 [ 3.00000000e+00  2.51078398e-17  5.96046448e-08]
 [ 3.00000000e+00  2.51078398e-17  0.00000000e+00]
 [ 3.00000000e+00  2.51078398e-17  0.00000000e+00]
 [ 3.00000000e+00  2.51078398e-17  0.00000000e+00]
 [ 3.00000000e+00  2.51078398e-17  0.00000000e+00]]
['S6'] [[ 6.00000000e+00 -1.13213532e-16  3.29065433e-02]
 [ 6.00000000e+00 -1.13213532e-16  1.19209290e-07]
 [ 6.00000000e+00 -1.13213532e-16  0.00000000e+00]
 [ 6.00000000e+00 -1.13213532e-16  0.00000000e+00]
 [ 6.00000000e+00 -1.13213532e-16  0.00000000e+00]
 [ 6.00000000e+00 -1.13213532e-16  0.00000000e+00]
 [ 6.00000000e+00 -1.13213532e-16  0.00000000e+00]
 [ 6.00000000e+00 -1.13213532e-16  0.00000000e+00]
 [ 6.00000000e+00 -1.13213532e-16  0.00000000e+00]
 [ 6.00000000e+00 -1.13213532e-16  0.00000000e+00]]
['S7'] [[ 8.00000000e+00 -1.80411242e-16  1.31586636e-02]
 [ 8.00000000e+00 -1.80411242e-16  0.00000000e+00]
 [ 8.00000000e+00 -1.80411242e-16  0.00000000e+00]
 [ 8.00000000e+00 -1.80411242e-16  0.00000000e+00]
 [ 8.00000000e+00 -1.80411242e-16  0.00000000e+00]
 [ 8.00000000e+00 -1.80411242e-16  0.00000000e+00]
 [ 8.00000000e+00 -1.80411242e-16  0.00000000e+00]
 [ 8.00000000e+00 -1.80411242e-16  0.00000000e+00]
 [ 8.00000000e+00 -1.80411242e-16  0.00000000e+00]
 [ 8.00000000e+00 -1.80411242e-16  0.00000000e+00]]
['S8'] [[5.00000000e+00 5.75197784e-17 2.63218856e-02]
 [1.00000000e+00 6.71977094e-17 2.32197044e-02]
 [1.00000000e+00 6.71977094e-17 0.00000000e+00]
 [1.00000000e+00 6.71977094e-17 0.00000000e+00]
 [1.00000000e+00 6.71977094e-17 0.00000000e+00]
 [1.00000000e+00 6.71977094e-17 0.00000000e+00]
 [1.00000000e+00 6.71977094e-17 0.00000000e+00]
 [1.00000000e+00 6.71977094e-17 0.00000000e+00]
 [1.00000000e+00 6.71977094e-17 0.00000000e+00]
 [1.00000000e+00 6.71977094e-17 0.00000000e+00]]
['S9'] [[ 6.00000000e+00 -1.13213532e-16  9.90064243e-02]
 [ 8.00000000e+00 -1.80411242e-16  8.69814635e-03]
 [ 4.00000000e+00 -1.48273207e-16  6.84194512e-03]
 [ 8.00000000e+00 -1.80411242e-16  1.55925752e-04]
 [ 4.00000000e+00 -1.48273207e-16  3.57627869e-06]
 [ 8.00000000e+00 -1.80411242e-16  5.96046448e-08]
 [ 4.00000000e+00 -1.48273207e-16  0.00000000e+00]
 [ 4.00000000e+00 -1.48273207e-16  0.00000000e+00]
 [ 4.00000000e+00 -1.48273207e-16  0.00000000e+00]
 [ 4.00000000e+00 -1.48273207e-16  0.00000000e+00]]
