['Gerhard Schroeder'] [[ 5.00000000e+00 -4.96956973e-17  0.00000000e+00  3.46573568e-01]
 [ 5.00000000e+00 -4.96956973e-17  0.00000000e+00  6.93147171e-01]
 [ 5.00000000e+00 -4.96956973e-17  0.00000000e+00  1.38629433e+00]
 [ 5.00000000e+00 -4.96956973e-17  0.00000000e+00  2.77258866e+00]
 [ 5.00000000e+00 -4.96956973e-17  0.00000000e+00  5.54517733e+00]
 [ 5.00000000e+00 -4.96956973e-17  0.00000000e+00  1.10903547e+01]
 [ 5.00000000e+00 -4.96956973e-17  0.00000000e+00  2.21807093e+01]
 [ 5.00000000e+00 -4.96956973e-17  0.00000000e+00  4.43614165e+01]
 [ 5.00000000e+00 -4.96956973e-17  0.00000000e+00  0.00000000e+00]
 [ 5.00000000e+00 -4.96956973e-17  0.00000000e+00  0.00000000e+00]]
['Jacques Chirac'] [[ 6.00000000e+00 -3.27780131e-17  0.00000000e+00  4.12361742e-01]
 [ 6.00000000e+00 -3.27780131e-17  0.00000000e+00  8.24723512e-01]
 [ 6.00000000e+00 -3.27780131e-17  0.00000000e+00  1.64944704e+00]
 [ 6.00000000e+00 -3.27780131e-17  0.00000000e+00  3.29889405e+00]
 [ 6.00000000e+00 -3.27780131e-17  0.00000000e+00  6.59778811e+00]
 [ 6.00000000e+00 -3.27780131e-17  0.00000000e+00  1.31955762e+01]
 [ 6.00000000e+00 -3.27780131e-17  0.00000000e+00  2.63911524e+01]
 [ 6.00000000e+00 -3.27780131e-17  0.00000000e+00  0.00000000e+00]
 [ 6.00000000e+00 -3.27780131e-17  0.00000000e+00  0.00000000e+00]
 [ 6.00000000e+00 -3.27780131e-17  0.00000000e+00  0.00000000e+00]]
['Jean Chretien'] [[2.00000000e+00 2.54293940e-16 0.00000000e+00 4.12361742e-01]
 [2.00000000e+00 2.54293940e-16 0.00000000e+00 8.24723512e-01]
 [2.00000000e+00 2.54293940e-16 0.00000000e+00 1.64944704e+00]
 [2.00000000e+00 2.54293940e-16 0.00000000e+00 3.29889409e+00]
 [2.00000000e+00 2.54293940e-16 0.00000000e+00 6.59778814e+00]
 [2.00000000e+00 2.54293940e-16 0.00000000e+00 1.31955763e+01]
 [2.00000000e+00 2.54293940e-16 0.00000000e+00 2.63911526e+01]
 [2.00000000e+00 2.54293940e-16 0.00000000e+00 0.00000000e+00]
 [2.00000000e+00 2.54293940e-16 0.00000000e+00 0.00000000e+00]
 [2.00000000e+00 2.54293940e-16 0.00000000e+00 0.00000000e+00]]
['Junichiro Koizumi'] [[3.00000000e+00 1.24767921e-16 0.00000000e+00 3.68159584e-01]
 [3.00000000e+00 1.24767921e-16 0.00000000e+00 7.36319270e-01]
 [3.00000000e+00 1.24767921e-16 0.00000000e+00 1.47263856e+00]
 [3.00000000e+00 1.24767921e-16 0.00000000e+00 2.94527706e+00]
 [3.00000000e+00 1.24767921e-16 0.00000000e+00 5.89055416e+00]
 [3.00000000e+00 1.24767921e-16 0.00000000e+00 1.17811083e+01]
 [3.00000000e+00 1.24767921e-16 0.00000000e+00 2.35622166e+01]
 [3.00000000e+00 1.24767921e-16 0.00000000e+00 4.71236189e+01]
 [3.00000000e+00 1.24767921e-16 0.00000000e+00 0.00000000e+00]
 [3.00000000e+00 1.24767921e-16 0.00000000e+00 0.00000000e+00]]
['Serena Williams'] [[ 0.00000000e+00 -6.34413157e-17  0.00000000e+00  4.81718722e-01]
 [ 0.00000000e+00 -6.34413157e-17  0.00000000e+00  9.63437489e-01]
 [ 0.00000000e+00 -6.34413157e-17  0.00000000e+00  1.92687495e+00]
 [ 0.00000000e+00 -6.34413157e-17  0.00000000e+00  3.85374993e+00]
 [ 0.00000000e+00 -6.34413157e-17  0.00000000e+00  7.70749982e+00]
 [ 0.00000000e+00 -6.34413157e-17  0.00000000e+00  1.54149997e+01]
 [ 0.00000000e+00 -6.34413157e-17  0.00000000e+00  3.08299993e+01]
 [ 0.00000000e+00 -6.34413157e-17  0.00000000e+00  0.00000000e+00]
 [ 0.00000000e+00 -6.34413157e-17  0.00000000e+00  0.00000000e+00]
 [ 0.00000000e+00 -6.34413157e-17  0.00000000e+00  0.00000000e+00]]
