['s1'] [[ 1.90000000e+01  1.22818422e-16  1.63953461e-01]
 [ 8.00000000e+00 -4.21537805e-17  1.05184762e-01]
 [ 7.00000000e+00  3.74700271e-17  7.87258098e-02]
 [ 1.10000000e+01  7.52869989e-17  9.53745326e-02]
 [ 9.00000000e+00 -7.35522754e-17  5.72666467e-02]
 [ 1.70000000e+01  2.17534324e-16  7.42259604e-02]
 [ 9.00000000e+00 -7.35522754e-17  2.78166730e-02]
 [ 1.90000000e+01  1.22818422e-16  2.22935648e-02]
 [ 8.00000000e+00 -4.21537805e-17  1.95428571e-02]
 [ 1.70000000e+01  2.17534324e-16  1.41718934e-02]]
['s10'] [[ 1.90000000e+01  1.22818422e-16  1.38376550e-01]
 [ 6.00000000e+00 -1.52655666e-17  1.16142956e-01]
 [ 1.70000000e+01  2.17534324e-16  1.07309573e-01]
 [ 2.00000000e+00 -6.51388665e-17  8.43207988e-02]
 [ 9.00000000e+00 -7.35522754e-17  6.97243778e-02]
 [ 5.00000000e+00  6.93889390e-18  4.98284814e-02]
 [ 1.10000000e+01  7.52869989e-17  4.38842935e-02]
 [ 1.70000000e+01  2.17534324e-16  3.35258628e-02]
 [ 9.00000000e+00 -7.35522754e-17  7.73218782e-03]
 [ 1.10000000e+01  7.52869989e-17  4.50089633e-03]]
['s11'] [[ 7.00000000e+00  3.74700271e-17  1.89744811e-01]
 [ 1.70000000e+01  2.17534324e-16  9.82909864e-02]
 [ 1.90000000e+01  1.22818422e-16  1.04150760e-01]
 [ 1.50000000e+01 -3.92047506e-17  2.77031579e-02]
 [ 1.10000000e+01  7.52869989e-17  2.37108786e-02]
 [ 1.30000000e+01  4.85722573e-18  2.15448688e-02]
 [ 1.70000000e+01  2.17534324e-16  1.48737669e-02]
 [ 4.00000000e+00  1.00267017e-16  1.34916742e-02]
 [ 1.10000000e+01  7.52869989e-17  4.20602656e-03]
 [ 1.90000000e+01  1.22818422e-16  2.72256809e-03]]
['s12'] [[ 1.90000000e+01  1.22818422e-16  1.38376489e-01]
 [ 7.00000000e+00  3.74700271e-17  7.17905122e-02]
 [ 1.70000000e+01  2.17534324e-16  5.46929148e-02]
 [ 2.00000000e+00 -6.51388665e-17  4.05753455e-02]
 [ 1.50000000e+01 -3.92047506e-17  2.02223206e-02]
 [ 1.50000000e+01 -3.92047506e-17 -1.19209290e-07]
 [ 1.50000000e+01 -3.92047506e-17  0.00000000e+00]
 [ 1.50000000e+01 -3.92047506e-17  0.00000000e+00]
 [ 1.50000000e+01 -3.92047506e-17  0.00000000e+00]
 [ 1.50000000e+01 -3.92047506e-17  0.00000000e+00]]
['s13'] [[ 7.00000000e+00  3.74700271e-17  1.12978258e-01]
 [ 8.00000000e+00 -4.21537805e-17  8.58249678e-02]
 [ 1.90000000e+01  1.22818422e-16  7.41903599e-02]
 [ 1.40000000e+01  2.64892275e-16  7.27637370e-02]
 [ 5.00000000e+00  6.93889390e-18  2.73695363e-02]
 [ 1.70000000e+01  2.17534324e-16  2.59343101e-02]
 [ 1.30000000e+01  4.85722573e-18  2.19760741e-02]
 [ 1.60000000e+01 -1.09634524e-16  1.33016801e-02]
 [ 8.00000000e+00 -4.21537805e-17  6.83139460e-03]
 [ 1.90000000e+01  1.22818422e-16  3.59828833e-03]]
['s14'] [[ 1.90000000e+01  1.22818422e-16  2.42123006e-01]
 [ 7.00000000e+00  3.74700271e-17  1.68832292e-01]
 [ 4.00000000e+00  1.00267017e-16  6.03322597e-02]
 [ 8.00000000e+00 -4.21537805e-17  1.02007351e-02]
 [ 4.00000000e+00  1.00267017e-16  2.27535164e-03]
 [ 1.70000000e+01  2.17534324e-16  7.51257084e-04]
 [ 8.00000000e+00 -4.21537805e-17  4.73260915e-04]
 [ 4.00000000e+00  1.00267017e-16  1.26421452e-04]
 [ 8.00000000e+00 -4.21537805e-17  2.81333923e-05]
 [ 4.00000000e+00  1.00267017e-16  6.31809235e-06]]
['s15'] [[ 1.90000000e+01  1.22818422e-16  2.15788101e-01]
 [ 7.00000000e+00  3.74700271e-17  1.70172370e-01]
 [ 6.00000000e+00 -1.52655666e-17  8.93579440e-02]
 [ 1.50000000e+01 -3.92047506e-17  7.82561043e-02]
 [ 4.00000000e+00  1.00267017e-16  8.36083520e-02]
 [ 6.00000000e+00 -1.52655666e-17  2.11297123e-02]
 [ 1.80000000e+01 -6.24500451e-17  2.38888396e-02]
 [ 1.50000000e+01 -3.92047506e-17  1.21872498e-02]
 [ 1.00000000e+00  2.77555756e-17  1.09211376e-02]
 [ 7.00000000e+00  3.74700271e-17  1.25512515e-02]]
['s16'] [[ 1.90000000e+01  1.22818422e-16  8.77243147e-02]
 [ 1.70000000e+01  2.17534324e-16  8.57075814e-02]
 [ 2.00000000e+00 -6.51388665e-17  6.79930237e-02]
 [ 9.00000000e+00 -7.35522754e-17  6.27312287e-02]
 [ 4.00000000e+00  1.00267017e-16  6.47370045e-02]
 [ 1.50000000e+01 -3.92047506e-17  5.55129968e-02]
 [ 1.00000000e+01 -2.36616282e-16  5.33566795e-02]
 [ 9.00000000e+00 -7.35522754e-17  2.30388864e-02]
 [ 1.70000000e+01  2.17534324e-16  3.03370407e-02]
 [ 5.00000000e+00  6.93889390e-18  1.81973991e-02]]
['s17'] [[ 1.90000000e+01  1.22818422e-16  2.68791524e-01]
 [ 7.00000000e+00  3.74700271e-17  1.67689570e-01]
 [ 6.00000000e+00 -1.52655666e-17  1.36870969e-01]
 [ 1.50000000e+01 -3.92047506e-17  1.08343000e-01]
 [ 8.00000000e+00 -4.21537805e-17  1.14323054e-01]
 [ 2.00000000e+00 -6.51388665e-17  1.13307763e-01]
 [ 9.00000000e+00 -7.35522754e-17  9.47808404e-02]
 [ 1.70000000e+01  2.17534324e-16  8.87101789e-02]
 [ 1.50000000e+01 -3.92047506e-17  4.15449579e-02]
 [ 8.00000000e+00 -4.21537805e-17  4.54103497e-02]]
['s18'] [[ 1.70000000e+01  2.17534324e-16  1.00335251e-01]
 [ 6.00000000e+00 -1.52655666e-17  1.00080222e-01]
 [ 1.90000000e+01  1.22818422e-16  8.33877141e-02]
 [ 4.00000000e+00  1.00267017e-16  5.06620671e-02]
 [ 1.40000000e+01  2.64892275e-16  5.74535845e-02]
 [ 1.70000000e+01  2.17534324e-16  2.68009679e-02]
 [ 1.50000000e+01 -3.92047506e-17  1.03148900e-02]
 [ 4.00000000e+00  1.00267017e-16  1.04139039e-02]
 [ 1.90000000e+01  1.22818422e-16  1.07275786e-02]
 [ 1.40000000e+01  2.64892275e-16  5.27798070e-03]]
['s19'] [[ 1.90000000e+01  1.22818422e-16  1.38376489e-01]
 [ 1.70000000e+01  2.17534324e-16  1.18241829e-01]
 [ 6.00000000e+00 -1.52655666e-17  1.07174337e-01]
 [ 4.00000000e+00  1.00267017e-16  6.21864085e-02]
 [ 1.40000000e+01  2.64892275e-16  3.47378441e-02]
 [ 7.00000000e+00  3.74700271e-17  2.26808331e-02]
 [ 1.80000000e+01 -6.24500451e-17  2.16971106e-02]
 [ 8.00000000e+00 -4.21537805e-17  1.52224138e-02]
 [ 1.70000000e+01  2.17534324e-16  1.38512171e-02]
 [ 6.00000000e+00 -1.52655666e-17  1.33311301e-02]]
['s2'] [[ 6.00000000e+00 -1.52655666e-17  1.38376550e-01]
 [ 8.00000000e+00 -4.21537805e-17  1.04052909e-01]
 [ 1.80000000e+01 -6.24500451e-17  5.05847409e-02]
 [ 9.00000000e+00 -7.35522754e-17  5.24416959e-02]
 [ 1.00000000e+01 -2.36616282e-16  3.98412612e-02]
 [ 1.90000000e+01  1.22818422e-16  3.21746583e-02]
 [ 1.40000000e+01  2.64892275e-16  2.77810019e-02]
 [ 1.10000000e+01  7.52869989e-17  6.21261245e-03]
 [ 8.00000000e+00 -4.21537805e-17  6.06293955e-03]
 [ 9.00000000e+00 -7.35522754e-17  4.61772386e-03]]
['s20'] [[ 1.90000000e+01  1.22818422e-16  1.12978258e-01]
 [ 7.00000000e+00  3.74700271e-17  7.45164650e-02]
 [ 9.00000000e+00 -7.35522754e-17  6.93152475e-02]
 [ 1.70000000e+01  2.17534324e-16  2.35320245e-02]
 [ 9.00000000e+00 -7.35522754e-17  7.87846653e-03]
 [ 1.70000000e+01  2.17534324e-16  2.63816730e-03]
 [ 7.00000000e+00  3.74700271e-17  2.04921056e-03]
 [ 9.00000000e+00 -7.35522754e-17  1.05452577e-03]
 [ 7.00000000e+00  3.74700271e-17  8.79764559e-05]
 [ 1.70000000e+01  2.17534324e-16  1.87158585e-05]]
['s3'] [[ 1.90000000e+01  1.22818422e-16  2.42123006e-01]
 [ 6.00000000e+00 -1.52655666e-17  1.02024939e-01]
 [ 1.50000000e+01 -3.92047506e-17  5.10790656e-02]
 [ 5.00000000e+00  6.93889390e-18  4.53074992e-02]
 [ 1.40000000e+01  2.64892275e-16  4.29400475e-02]
 [ 1.00000000e+01 -2.36616282e-16  1.49577685e-02]
 [ 1.50000000e+01 -3.92047506e-17  1.62661077e-04]
 [ 1.00000000e+01 -2.36616282e-16  1.68085098e-05]
 [ 1.50000000e+01 -3.92047506e-17  1.66893005e-06]
 [ 1.00000000e+01 -2.36616282e-16  1.19209290e-07]]
['s4'] [[ 1.90000000e+01  1.22818422e-16  1.38376489e-01]
 [ 8.00000000e+00 -4.21537805e-17  7.83570953e-02]
 [ 1.70000000e+01  2.17534324e-16  6.98228457e-02]
 [ 1.40000000e+01  2.64892275e-16  7.23480191e-02]
 [ 1.50000000e+01 -3.92047506e-17  6.82782407e-02]
 [ 7.00000000e+00  3.74700271e-17  4.29603505e-02]
 [ 1.40000000e+01  2.64892275e-16  1.55791726e-02]
 [ 8.00000000e+00 -4.21537805e-17  9.66722085e-03]
 [ 7.00000000e+00  3.74700271e-17  3.11345868e-03]
 [ 1.40000000e+01  2.64892275e-16  1.10137507e-03]]
['s5'] [[ 1.50000000e+01 -3.92047506e-17  1.12978198e-01]
 [ 8.00000000e+00 -4.21537805e-17  1.23266533e-01]
 [ 1.90000000e+01  1.22818422e-16  8.05663455e-02]
 [ 2.00000000e+00 -6.51388665e-17  6.81972794e-02]
 [ 9.00000000e+00 -7.35522754e-17  3.53603442e-02]
 [ 4.00000000e+00  1.00267017e-16  3.78479376e-02]
 [ 7.00000000e+00  3.74700271e-17  2.65722213e-02]
 [ 8.00000000e+00 -4.21537805e-17  1.41365408e-02]
 [ 1.10000000e+01  7.52869989e-17  1.67614419e-02]
 [ 1.50000000e+01 -3.92047506e-17  1.51676841e-02]]
['s6'] [[ 7.00000000e+00  3.74700271e-17  1.38376550e-01]
 [ 1.70000000e+01  2.17534324e-16  1.05018911e-01]
 [ 6.00000000e+00 -1.52655666e-17  1.08642314e-01]
 [ 8.00000000e+00 -4.21537805e-17  9.15931973e-02]
 [ 4.00000000e+00  1.00267017e-16  6.41417116e-02]
 [ 1.90000000e+01  1.22818422e-16  3.96250919e-02]
 [ 5.00000000e+00  6.93889390e-18  4.01754624e-02]
 [ 1.70000000e+01  2.17534324e-16  2.78089184e-02]
 [ 8.00000000e+00 -4.21537805e-17  2.02635839e-02]
 [ 2.00000000e+00 -6.51388665e-17  2.02737805e-02]]
['s7'] [[ 1.90000000e+01  1.22818422e-16  2.15788101e-01]
 [ 2.00000000e+00 -6.51388665e-17  8.54635695e-02]
 [ 1.10000000e+01  7.52869989e-17  8.21817313e-02]
 [ 4.00000000e+00  1.00267017e-16  8.12663760e-02]
 [ 1.50000000e+01 -3.92047506e-17  6.71590534e-02]
 [ 1.40000000e+01  2.64892275e-16  6.32566968e-02]
 [ 1.00000000e+01 -2.36616282e-16  2.77511169e-02]
 [ 1.90000000e+01  1.22818422e-16  1.97783865e-02]
 [ 4.00000000e+00  1.00267017e-16  2.09941708e-02]
 [ 1.50000000e+01 -3.92047506e-17  8.58471024e-03]]
['s8'] [[ 7.00000000e+00  3.74700271e-17  1.89744811e-01]
 [ 6.00000000e+00 -1.52655666e-17  1.83405602e-01]
 [ 2.00000000e+00 -6.51388665e-17  9.52253063e-02]
 [ 1.40000000e+01  2.64892275e-16  8.82404124e-02]
 [ 1.90000000e+01  1.22818422e-16  7.63225881e-02]
 [ 4.00000000e+00  1.00267017e-16  7.85280759e-02]
 [ 9.00000000e+00 -7.35522754e-17  6.00859169e-02]
 [ 7.00000000e+00  3.74700271e-17  5.40692785e-02]
 [ 1.40000000e+01  2.64892275e-16  4.19135384e-02]
 [ 5.00000000e+00  6.93889390e-18  3.67471191e-02]]
['s9'] [[ 1.90000000e+01  1.22818422e-16  2.15788101e-01]
 [ 1.70000000e+01  2.17534324e-16  1.30501822e-01]
 [ 6.00000000e+00 -1.52655666e-17  7.07317609e-02]
 [ 2.00000000e+00 -6.51388665e-17  3.04761672e-02]
 [ 8.00000000e+00 -4.21537805e-17  3.29622148e-02]
 [ 1.70000000e+01  2.17534324e-16  9.91603449e-03]
 [ 1.00000000e+01 -2.36616282e-16  7.21407530e-03]
 [ 1.90000000e+01  1.22818422e-16  4.60627953e-03]
 [ 2.00000000e+00 -6.51388665e-17  3.04443585e-03]
 [ 1.70000000e+01  2.17534324e-16  1.17838437e-03]]
