['S1'] [[8.54900000e+03 4.93506220e-01 1.79536012e-01]
 [2.28600000e+03 3.87494071e-01 1.64828622e-01]
 [1.71000000e+03 4.12763982e-01 1.28351789e-01]
 [7.59600000e+03 4.10485912e-01 1.37334233e-01]
 [7.85600000e+03 4.43617345e-01 1.06767022e-01]
 [7.58700000e+03 2.87383062e-01 1.05590252e-01]
 [7.78500000e+03 4.65268596e-01 1.01664191e-01]
 [9.44900000e+03 4.34751771e-01 8.60880298e-02]
 [1.18070000e+04 4.51520558e-01 8.20424541e-02]
 [6.74900000e+03 3.97885539e-01 7.97627394e-02]]
['S10'] [[1.72800000e+03 4.41848455e-01 2.13721978e-01]
 [1.71000000e+03 4.12763982e-01 1.34869847e-01]
 [6.74900000e+03 3.97885539e-01 1.17158546e-01]
 [6.48900000e+03 3.94572374e-01 1.16735218e-01]
 [1.28690000e+04 4.58257407e-01 9.94763558e-02]
 [6.66000000e+03 4.23057793e-01 6.37538919e-02]
 [1.01330000e+04 4.05947300e-01 5.16972457e-02]
 [8.17200000e+03 5.34893517e-01 5.08051282e-02]
 [1.74600000e+03 3.92445326e-01 4.32699157e-02]
 [8.88300000e+03 4.02644180e-01 3.40460298e-02]]
['S11'] [[7.78500000e+03 4.65268596e-01 1.79536012e-01]
 [6.66000000e+03 4.23057793e-01 1.64828622e-01]
 [6.48900000e+03 3.94572374e-01 1.45764366e-01]
 [6.74900000e+03 3.97885539e-01 9.46203247e-02]
 [9.25200000e+03 4.73244279e-01 9.25428359e-02]
 [9.27000000e+03 4.59962019e-01 8.61506597e-02]
 [1.48400000e+03 2.45907205e-01 6.50261684e-02]
 [7.59600000e+03 4.10485912e-01 6.72362312e-02]
 [8.32500000e+03 4.81190728e-01 6.24316777e-02]
 [6.82100000e+03 3.97224790e-01 5.25264483e-02]]
['S12'] [[6.22700000e+03 4.54212092e-01 2.34467295e-01]
 [7.78500000e+03 4.65268596e-01 1.98745978e-01]
 [2.28600000e+03 3.87494071e-01 1.19750243e-01]
 [9.46700000e+03 4.02431546e-01 1.14327281e-01]
 [2.25000000e+03 4.54154823e-01 8.44328748e-02]
 [8.02700000e+03 4.19107034e-01 7.02980140e-02]
 [6.74900000e+03 3.97885539e-01 6.83416570e-02]
 [2.60900000e+03 4.74617117e-01 6.26026945e-02]
 [6.79400000e+03 3.55710677e-01 5.40827288e-02]
 [8.17200000e+03 5.34893517e-01 5.00559029e-02]]
['S13'] [[2.60900000e+03 4.74617117e-01 2.06847800e-01]
 [2.80800000e+03 4.52850468e-01 1.58520046e-01]
 [6.22700000e+03 4.54212092e-01 1.51112972e-01]
 [1.01330000e+04 4.05947300e-01 1.32030981e-01]
 [9.62900000e+03 4.97641694e-01 1.31182040e-01]
 [1.09080000e+04 4.33738546e-01 1.02328493e-01]
 [8.02700000e+03 4.19107034e-01 9.91520280e-02]
 [7.07400000e+03 3.55094617e-01 9.14935423e-02]
 [6.44300000e+03 4.04408831e-01 7.98746118e-02]
 [9.47600000e+03 4.49582156e-01 6.70120046e-02]]
['S14'] [[2.60900000e+03 4.74617117e-01 2.06847800e-01]
 [3.31200000e+03 4.96149008e-01 1.81294888e-01]
 [7.09200000e+03 4.22439443e-01 1.68286779e-01]
 [8.56700000e+03 4.88036378e-01 1.63537858e-01]
 [7.78500000e+03 4.65268596e-01 1.46201025e-01]
 [1.28690000e+04 4.58257407e-01 1.24901128e-01]
 [5.39000000e+03 4.24684797e-01 1.11985847e-01]
 [8.34300000e+03 4.20315479e-01 1.05022286e-01]
 [6.22700000e+03 4.54212092e-01 8.67909881e-02]
 [5.42700000e+03 4.00114393e-01 7.58763166e-02]]
['S15'] [[2.25000000e+03 4.54154823e-01 2.62442842e-01]
 [6.22700000e+03 4.54212092e-01 1.73809266e-01]
 [8.88300000e+03 4.02644180e-01 1.57435928e-01]
 [9.46700000e+03 4.02431546e-01 1.40294795e-01]
 [3.31200000e+03 4.96149008e-01 1.28089676e-01]
 [8.00900000e+03 4.37075714e-01 1.17127245e-01]
 [7.85600000e+03 4.43617345e-01 7.52483263e-02]
 [8.56700000e+03 4.88036378e-01 7.04024200e-02]
 [1.71000000e+03 4.12763982e-01 6.40120772e-02]
 [6.79400000e+03 3.55710677e-01 4.49514120e-02]]
['S16'] [[8.17200000e+03 5.34893517e-01 1.65981291e-01]
 [6.22700000e+03 4.54212092e-01 1.45236089e-01]
 [8.54900000e+03 4.93506220e-01 1.39679577e-01]
 [7.50500000e+03 4.35217908e-01 1.14552410e-01]
 [7.78500000e+03 4.65268596e-01 8.95351883e-02]
 [6.82100000e+03 3.97224790e-01 8.62626505e-02]
 [3.31200000e+03 4.96149008e-01 5.63412853e-02]
 [1.28870000e+04 3.77161837e-01 4.95035511e-02]
 [7.85600000e+03 4.43617345e-01 4.67718665e-02]
 [8.07200000e+03 3.76079193e-01 3.91355157e-02]]
['S17'] [[2.60900000e+03 4.74617117e-01 2.06847800e-01]
 [3.31200000e+03 4.96149008e-01 1.81294888e-01]
 [6.74900000e+03 3.97885539e-01 1.26885615e-01]
 [5.36300000e+03 3.99780441e-01 1.16080792e-01]
 [8.73000000e+03 4.50087951e-01 8.30213628e-02]
 [8.19000000e+03 4.62975230e-01 7.63250461e-02]
 [4.41000000e+03 3.44441810e-01 6.48288822e-02]
 [7.58700000e+03 2.87383062e-01 6.29685557e-02]
 [8.02700000e+03 4.19107034e-01 5.70759455e-02]
 [8.95400000e+03 4.83789904e-01 5.07585166e-02]]
['S18'] [[8.02700000e+03 4.19107034e-01 1.45760408e-01]
 [2.80800000e+03 4.52850468e-01 1.23344961e-01]
 [8.39600000e+03 4.33279494e-01 1.14043230e-01]
 [2.77200000e+03 4.60617767e-01 1.03701892e-01]
 [7.09200000e+03 4.22439443e-01 9.49382938e-02]
 [6.22700000e+03 4.54212092e-01 7.51718997e-02]
 [2.60900000e+03 4.74617117e-01 7.27467195e-02]
 [9.25200000e+03 4.73244279e-01 6.99482684e-02]
 [8.00900000e+03 4.37075714e-01 5.46455069e-02]
 [2.06900000e+03 4.20024287e-01 4.99685428e-02]]
['S19'] [[1.72800000e+03 4.41848455e-01 2.13722040e-01]
 [9.44900000e+03 4.34751771e-01 1.80185958e-01]
 [8.02700000e+03 4.19107034e-01 1.48744095e-01]
 [6.82100000e+03 3.97224790e-01 1.11934908e-01]
 [3.14900000e+03 4.54311982e-01 9.70794784e-02]
 [8.88300000e+03 4.02644180e-01 9.58580282e-02]
 [6.22700000e+03 4.54212092e-01 7.36911937e-02]
 [4.24700000e+03 3.48863215e-01 7.06874925e-02]
 [9.25200000e+03 4.73244279e-01 6.00975220e-02]
 [6.76700000e+03 4.10377792e-01 3.72950400e-02]]
['S2'] [[9.49400000e+03 4.25285693e-01 1.99992782e-01]
 [2.28600000e+03 3.87494071e-01 1.68575864e-01]
 [8.88300000e+03 4.02644180e-01 1.43726456e-01]
 [2.65400000e+03 4.08795012e-01 1.02415709e-01]
 [1.18070000e+04 4.51520558e-01 9.02628499e-02]
 [8.95400000e+03 4.83789904e-01 7.57365183e-02]
 [6.74900000e+03 3.97885539e-01 7.15963389e-02]
 [9.97200000e+03 3.08570833e-01 6.35798581e-02]
 [8.17200000e+03 5.34893517e-01 5.82685992e-02]
 [3.13100000e+03 4.19601705e-01 5.26022958e-02]]
['S3'] [[6.22700000e+03 4.54212092e-01 1.93156325e-01]
 [9.49400000e+03 4.25285693e-01 1.94249801e-01]
 [7.09200000e+03 4.22439443e-01 1.67166572e-01]
 [2.74500000e+03 4.23767810e-01 1.12631756e-01]
 [8.00900000e+03 4.37075714e-01 1.09948714e-01]
 [2.28600000e+03 3.87494071e-01 6.03385410e-02]
 [1.01510000e+04 3.84873205e-01 5.10786473e-02]
 [8.88300000e+03 4.02644180e-01 4.80704683e-02]
 [2.60900000e+03 4.74617117e-01 4.64779736e-02]
 [8.73000000e+03 4.50087951e-01 3.60732901e-02]]
['S4'] [[2.77200000e+03 4.60617767e-01 2.62442778e-01]
 [2.80800000e+03 4.52850468e-01 2.49158347e-01]
 [9.10700000e+03 4.63653804e-01 9.50497408e-02]
 [2.60900000e+03 4.74617117e-01 9.21456002e-02]
 [7.78500000e+03 4.65268596e-01 7.29644146e-02]
 [1.71000000e+03 4.12763982e-01 6.43884181e-02]
 [7.09200000e+03 4.22439443e-01 5.72832114e-02]
 [6.21000000e+03 3.67855367e-01 5.01903506e-02]
 [6.22700000e+03 4.54212092e-01 4.83010171e-02]
 [9.25200000e+03 4.73244279e-01 4.53163985e-02]]
['S5'] [[8.17200000e+03 5.34893517e-01 1.65981291e-01]
 [3.31200000e+03 4.96149008e-01 1.53469072e-01]
 [7.59600000e+03 4.10485912e-01 1.27869627e-01]
 [3.70700000e+03 4.01167029e-01 1.19399388e-01]
 [5.37200000e+03 4.01990681e-01 9.57823550e-02]
 [6.22700000e+03 4.54212092e-01 9.71508985e-02]
 [7.09200000e+03 4.22439443e-01 6.79055386e-02]
 [8.99000000e+02 2.40489528e-01 6.24790091e-02]
 [2.60900000e+03 4.74617117e-01 6.19602935e-02]
 [1.12670000e+04 4.58403653e-01 5.56911683e-02]]
['S6'] [[8.17200000e+03 5.34893517e-01 1.52486804e-01]
 [8.88300000e+03 4.02644180e-01 1.52352848e-01]
 [6.22700000e+03 4.54212092e-01 1.17604517e-01]
 [8.41400000e+03 4.63694586e-01 1.19683190e-01]
 [6.44300000e+03 4.04408831e-01 9.46813670e-02]
 [8.95400000e+03 4.83789904e-01 6.96416634e-02]
 [2.60900000e+03 4.74617117e-01 6.01584790e-02]
 [8.34300000e+03 4.20315479e-01 5.27471787e-02]
 [7.59600000e+03 4.10485912e-01 4.90447349e-02]
 [8.32500000e+03 4.81190728e-01 3.97844276e-02]]
['S7'] [[9.62900000e+03 4.97641694e-01 1.72750764e-01]
 [6.22700000e+03 4.54212092e-01 1.48851400e-01]
 [1.12670000e+04 4.58403653e-01 1.38115016e-01]
 [7.80300000e+03 4.60956482e-01 1.32519849e-01]
 [6.48900000e+03 3.94572374e-01 9.79701644e-02]
 [8.71200000e+03 5.28275983e-01 9.04011824e-02]
 [8.88300000e+03 4.02644180e-01 8.00777268e-02]
 [6.73200000e+03 3.19141109e-01 7.48340746e-02]
 [2.80800000e+03 4.52850468e-01 6.01572228e-02]
 [7.59600000e+03 4.10485912e-01 5.19399507e-02]]
['S8'] [[2.77200000e+03 4.60617767e-01 2.62442778e-01]
 [2.80800000e+03 4.52850468e-01 2.49158284e-01]
 [6.22700000e+03 4.54212092e-01 1.85913328e-01]
 [8.95400000e+03 4.83789904e-01 1.41965755e-01]
 [8.32500000e+03 4.81190728e-01 1.28574107e-01]
 [6.66000000e+03 4.23057793e-01 9.36264857e-02]
 [5.36300000e+03 3.99780441e-01 7.96131395e-02]
 [7.78500000e+03 4.65268596e-01 6.47996129e-02]
 [1.12670000e+04 4.58403653e-01 5.53173708e-02]
 [3.14900000e+03 4.54311982e-01 4.90379236e-02]]
['S9'] [[3.31200000e+03 4.96149008e-01 1.72750764e-01]
 [9.49400000e+03 4.25285693e-01 1.61364763e-01]
 [1.03320000e+04 4.28476595e-01 1.49514926e-01]
 [5.39000000e+03 4.24684797e-01 1.24711462e-01]
 [6.22700000e+03 4.54212092e-01 1.05640037e-01]
 [7.26300000e+03 4.62946850e-01 9.65847394e-02]
 [7.09200000e+03 4.22439443e-01 8.48508824e-02]
 [8.73000000e+03 4.50087951e-01 6.91398275e-02]
 [9.50400000e+03 3.64595376e-01 5.90415830e-02]
 [8.02700000e+03 4.19107034e-01 4.71088974e-02]]
