['S1'] [[ 1.00000000e+00  2.98007233e-16  3.94941145e-02]
 [ 6.00000000e+00 -2.11818867e-16  5.80895520e-03]
 [ 6.00000000e+00 -2.11818867e-16  0.00000000e+00]
 [ 6.00000000e+00 -2.11818867e-16  0.00000000e+00]
 [ 6.00000000e+00 -2.11818867e-16  0.00000000e+00]
 [ 6.00000000e+00 -2.11818867e-16  0.00000000e+00]
 [ 6.00000000e+00 -2.11818867e-16  0.00000000e+00]
 [ 6.00000000e+00 -2.11818867e-16  0.00000000e+00]
 [ 6.00000000e+00 -2.11818867e-16  0.00000000e+00]
 [ 6.00000000e+00 -2.11818867e-16  0.00000000e+00]]
['S10'] [[ 9.00000000e+00 -1.27136971e-16  0.00000000e+00]
 [ 9.00000000e+00 -1.27136971e-16  0.00000000e+00]
 [ 9.00000000e+00 -1.27136971e-16  0.00000000e+00]
 [ 9.00000000e+00 -1.27136971e-16  0.00000000e+00]
 [ 9.00000000e+00 -1.27136971e-16  0.00000000e+00]
 [ 9.00000000e+00 -1.27136971e-16  0.00000000e+00]
 [ 9.00000000e+00 -1.27136971e-16  0.00000000e+00]
 [ 9.00000000e+00 -1.27136971e-16  0.00000000e+00]
 [ 9.00000000e+00 -1.27136971e-16  0.00000000e+00]
 [ 9.00000000e+00 -1.27136971e-16  0.00000000e+00]]
['S11'] [[ 6.00000000e+00 -2.11818867e-16  1.39047084e-01]
 [ 8.00000000e+00  4.34593881e-17  9.36852919e-02]
 [ 8.00000000e+00  4.34593881e-17  0.00000000e+00]
 [ 8.00000000e+00  4.34593881e-17  0.00000000e+00]
 [ 8.00000000e+00  4.34593881e-17  0.00000000e+00]
 [ 8.00000000e+00  4.34593881e-17  0.00000000e+00]
 [ 8.00000000e+00  4.34593881e-17  0.00000000e+00]
 [ 8.00000000e+00  4.34593881e-17  0.00000000e+00]
 [ 8.00000000e+00  4.34593881e-17  0.00000000e+00]
 [ 8.00000000e+00  4.34593881e-17  0.00000000e+00]]
['S12'] [[ 6.00000000e+00 -2.11818867e-16  1.39047084e-01]
 [ 8.00000000e+00  4.34593881e-17  8.01695686e-02]
 [ 7.00000000e+00  1.81141651e-16  4.89885120e-02]
 [ 4.00000000e+00 -3.01294077e-17  4.17430693e-02]
 [ 7.00000000e+00  1.81141651e-16  3.61336850e-03]
 [ 4.00000000e+00 -3.01294077e-17  3.12984000e-04]
 [ 7.00000000e+00  1.81141651e-16  2.71797180e-05]
 [ 4.00000000e+00 -3.01294077e-17  2.38418579e-06]
 [ 7.00000000e+00  1.81141651e-16  1.19209290e-07]
 [ 4.00000000e+00 -3.01294077e-17  0.00000000e+00]]
['S13'] [[ 8.00000000e+00  4.34593881e-17  1.05654502e-01]
 [ 6.00000000e+00 -2.11818867e-16  6.27573786e-02]
 [ 6.00000000e+00 -2.11818867e-16  0.00000000e+00]
 [ 6.00000000e+00 -2.11818867e-16  0.00000000e+00]
 [ 6.00000000e+00 -2.11818867e-16  0.00000000e+00]
 [ 6.00000000e+00 -2.11818867e-16  0.00000000e+00]
 [ 6.00000000e+00 -2.11818867e-16  0.00000000e+00]
 [ 6.00000000e+00 -2.11818867e-16  0.00000000e+00]
 [ 6.00000000e+00 -2.11818867e-16  0.00000000e+00]
 [ 6.00000000e+00 -2.11818867e-16  0.00000000e+00]]
['S14'] [[ 7.00000000e+00  1.81141651e-16  7.24951174e-02]
 [ 5.00000000e+00 -4.67462326e-17  5.19110242e-02]
 [ 8.00000000e+00  4.34593881e-17  2.79718850e-02]
 [ 4.00000000e+00 -3.01294077e-17  1.70826837e-02]
 [ 5.00000000e+00 -4.67462326e-17  7.80582587e-04]
 [ 5.00000000e+00 -4.67462326e-17  0.00000000e+00]
 [ 5.00000000e+00 -4.67462326e-17  0.00000000e+00]
 [ 5.00000000e+00 -4.67462326e-17  0.00000000e+00]
 [ 5.00000000e+00 -4.67462326e-17  0.00000000e+00]
 [ 5.00000000e+00 -4.67462326e-17  0.00000000e+00]]
['S15'] [[ 6.00000000e+00 -2.11818867e-16  1.39047084e-01]
 [ 7.00000000e+00  1.81141651e-16  1.28128938e-01]
 [ 9.00000000e+00 -1.27136971e-16  1.55360084e-02]
 [ 6.00000000e+00 -2.11818867e-16  3.74092417e-03]
 [ 9.00000000e+00 -1.27136971e-16  3.51667419e-04]
 [ 7.00000000e+00  1.81141651e-16  2.67863280e-04]
 [ 6.00000000e+00 -2.11818867e-16  3.76105309e-05]
 [ 9.00000000e+00 -1.27136971e-16  6.97374344e-06]
 [ 7.00000000e+00  1.81141651e-16  7.15255737e-07]
 [ 6.00000000e+00 -2.11818867e-16  6.55651093e-07]]
['S16'] [[ 6.00000000e+00 -2.11818867e-16  5.92798800e-02]
 [ 5.00000000e+00 -4.67462326e-17  1.82446813e-02]
 [ 3.00000000e+00  1.05179023e-16  1.28076523e-02]
 [ 6.00000000e+00 -2.11818867e-16  1.56152375e-03]
 [ 3.00000000e+00  1.05179023e-16  2.46524816e-04]
 [ 6.00000000e+00 -2.11818867e-16  3.88622284e-05]
 [ 3.00000000e+00  1.05179023e-16  6.07967377e-06]
 [ 6.00000000e+00 -2.11818867e-16  9.53674316e-07]
 [ 3.00000000e+00  1.05179023e-16  1.78813934e-07]
 [ 6.00000000e+00 -2.11818867e-16  1.19209290e-07]]
['S17'] [[ 6.00000000e+00 -2.11818867e-16  5.92798800e-02]
 [ 5.00000000e+00 -4.67462326e-17  5.79198702e-02]
 [ 4.00000000e+00 -3.01294077e-17  5.24662609e-02]
 [ 7.00000000e+00  1.81141651e-16  1.86487594e-02]
 [ 4.00000000e+00 -3.01294077e-17  1.59227983e-03]
 [ 7.00000000e+00  1.81141651e-16  1.36017800e-04]
 [ 4.00000000e+00 -3.01294077e-17  1.16229057e-05]
 [ 7.00000000e+00  1.81141651e-16  8.94069672e-07]
 [ 7.00000000e+00  1.81141651e-16  1.19209290e-07]
 [ 4.00000000e+00 -3.01294077e-17  1.19209290e-07]]
['S18'] [[ 6.00000000e+00 -2.11818867e-16  7.24950575e-02]
 [ 4.00000000e+00 -3.01294077e-17  6.67132457e-02]
 [ 1.00000000e+00  2.98007233e-16  6.53052270e-02]
 [ 7.00000000e+00  1.81141651e-16  3.76209979e-02]
 [ 3.00000000e+00  1.05179023e-16  4.25286808e-02]
 [ 7.00000000e+00  1.81141651e-16  8.33822739e-03]
 [ 8.00000000e+00  4.34593881e-17  7.61940919e-03]
 [ 6.00000000e+00 -2.11818867e-16  5.56880032e-03]
 [ 4.00000000e+00 -3.01294077e-17  4.53618300e-03]
 [ 3.00000000e+00  1.05179023e-16  3.41965101e-03]]
['S19'] [[ 8.00000000e+00  4.34593881e-17  1.18979344e-01]
 [ 1.00000000e+00  2.98007233e-16  6.99999594e-02]
 [ 5.00000000e+00 -4.67462326e-17  6.70384085e-02]
 [ 3.00000000e+00  1.05179023e-16  2.35709680e-02]
 [ 8.00000000e+00  4.34593881e-17  7.70965592e-03]
 [ 1.00000000e+00  2.98007233e-16  4.42626983e-03]
 [ 3.00000000e+00  1.05179023e-16  1.01798808e-03]
 [ 8.00000000e+00  4.34593881e-17  2.74539001e-04]
 [ 1.00000000e+00  2.98007233e-16  6.73532487e-05]
 [ 3.00000000e+00  1.05179023e-16  3.12328339e-05]]
['S2'] [[ 7.00000000e+00  1.81141651e-16  1.25657214e-01]
 [ 6.00000000e+00 -2.11818867e-16  1.00588487e-01]
 [ 8.00000000e+00  4.34593881e-17  7.33648287e-02]
 [ 7.00000000e+00  1.81141651e-16  3.32458052e-03]
 [ 8.00000000e+00  4.34593881e-17  9.33408740e-05]
 [ 7.00000000e+00  1.81141651e-16  2.62260437e-06]
 [ 8.00000000e+00  4.34593881e-17  5.96046448e-08]
 [ 7.00000000e+00  1.81141651e-16  5.96046448e-08]
 [ 7.00000000e+00  1.81141651e-16  0.00000000e+00]
 [ 7.00000000e+00  1.81141651e-16  0.00000000e+00]]
['S3'] [[7.00000000e+00 1.81141651e-16 1.25657214e-01]
 [3.00000000e+00 1.05179023e-16 2.84119380e-02]
 [7.00000000e+00 1.81141651e-16 4.96355795e-03]
 [3.00000000e+00 1.05179023e-16 8.67426613e-04]
 [7.00000000e+00 1.81141651e-16 1.51515008e-04]
 [3.00000000e+00 1.05179023e-16 2.64048576e-05]
 [7.00000000e+00 1.81141651e-16 4.64916229e-06]
 [3.00000000e+00 1.05179023e-16 9.53674316e-07]
 [7.00000000e+00 1.81141651e-16 1.78813934e-07]
 [7.00000000e+00 1.81141651e-16 0.00000000e+00]]
['S4'] [[ 4.00000000e+00 -3.01294077e-17  5.26802358e-02]
 [ 1.00000000e+00  2.98007233e-16  5.28268533e-02]
 [ 4.00000000e+00 -3.01294077e-17  1.47044660e-04]
 [ 1.00000000e+00  2.98007233e-16  4.76837158e-07]
 [ 4.00000000e+00 -3.01294077e-17  0.00000000e+00]
 [ 4.00000000e+00 -3.01294077e-17  0.00000000e+00]
 [ 4.00000000e+00 -3.01294077e-17  0.00000000e+00]
 [ 4.00000000e+00 -3.01294077e-17  0.00000000e+00]
 [ 4.00000000e+00 -3.01294077e-17  0.00000000e+00]
 [ 4.00000000e+00 -3.01294077e-17  0.00000000e+00]]
['S5'] [[ 7.00000000e+00  1.81141651e-16  9.90064243e-02]
 [ 5.00000000e+00 -4.67462326e-17  4.93428227e-02]
 [ 8.00000000e+00  4.34593881e-17  4.10313642e-02]
 [ 6.00000000e+00 -2.11818867e-16  1.63812984e-02]
 [ 5.00000000e+00 -4.67462326e-17  1.45620211e-03]
 [ 5.00000000e+00 -4.67462326e-17  0.00000000e+00]
 [ 5.00000000e+00 -4.67462326e-17  0.00000000e+00]
 [ 5.00000000e+00 -4.67462326e-17  0.00000000e+00]
 [ 5.00000000e+00 -4.67462326e-17  0.00000000e+00]
 [ 5.00000000e+00 -4.67462326e-17  0.00000000e+00]]
['S6'] [[ 6.00000000e+00 -2.11818867e-16  9.90064243e-02]
 [ 3.00000000e+00  1.05179023e-16  3.56810042e-02]
 [ 5.00000000e+00 -4.67462326e-17  1.09984541e-02]
 [ 8.00000000e+00  4.34593881e-17  8.37005849e-03]
 [ 6.00000000e+00 -2.11818867e-16  4.73955842e-03]
 [ 5.00000000e+00 -4.67462326e-17  4.19497515e-04]
 [ 5.00000000e+00 -4.67462326e-17  0.00000000e+00]
 [ 5.00000000e+00 -4.67462326e-17  0.00000000e+00]
 [ 5.00000000e+00 -4.67462326e-17  0.00000000e+00]
 [ 5.00000000e+00 -4.67462326e-17  0.00000000e+00]]
['S7'] [[8.00000000e+00 4.34593881e-17 2.63217663e-02]
 [3.00000000e+00 1.05179023e-16 2.23530798e-02]
 [8.00000000e+00 4.34593881e-17 2.21985943e-03]
 [3.00000000e+00 1.05179023e-16 2.20417980e-04]
 [8.00000000e+00 4.34593881e-17 2.19345093e-05]
 [3.00000000e+00 1.05179023e-16 2.14576721e-06]
 [8.00000000e+00 4.34593881e-17 2.38418579e-07]
 [3.00000000e+00 1.05179023e-16 1.19209290e-07]
 [8.00000000e+00 4.34593881e-17 0.00000000e+00]
 [8.00000000e+00 4.34593881e-17 0.00000000e+00]]
['S8'] [[ 8.00000000e+00  4.34593881e-17  6.58846262e-02]
 [ 7.00000000e+00  1.81141651e-16  5.91019341e-02]
 [ 6.00000000e+00 -2.11818867e-16  4.05629273e-02]
 [ 4.00000000e+00 -3.01294077e-17  2.80506249e-02]
 [ 9.00000000e+00 -1.27136971e-16  4.49922737e-03]
 [ 7.00000000e+00  1.81141651e-16  2.94316665e-03]
 [ 4.00000000e+00 -3.01294077e-17  7.34031332e-04]
 [ 6.00000000e+00 -2.11818867e-16  5.43475205e-04]
 [ 9.00000000e+00 -1.27136971e-16  1.66773798e-04]
 [ 7.00000000e+00  1.81141651e-16  6.96778299e-05]]
['S9'] [[ 7.00000000e+00  1.81141651e-16  1.25657214e-01]
 [ 8.00000000e+00  4.34593881e-17  5.26802358e-02]
 [ 5.00000000e+00 -4.67462326e-17  3.55529303e-02]
 [ 3.00000000e+00  1.05179023e-16  1.58095492e-03]
 [ 8.00000000e+00  4.34593881e-17  1.59824031e-03]
 [ 3.00000000e+00  1.05179023e-16  1.65939333e-04]
 [ 8.00000000e+00  4.34593881e-17  1.71661377e-05]
 [ 3.00000000e+00  1.05179023e-16  1.78813934e-06]
 [ 8.00000000e+00  4.34593881e-17  1.78813934e-07]
 [ 8.00000000e+00  4.34593881e-17  1.19209290e-07]]
