['S1'] [[1.07000000e+02 5.26423643e-01 2.34467295e-01]
 [2.34000000e+02 4.23722465e-01 1.52503701e-01]
 [3.14000000e+02 2.50911800e-01 1.24489421e-01]
 [3.23000000e+02 4.36885756e-01 8.34573978e-02]
 [5.50000000e+01 1.70534034e-01 7.41217366e-02]
 [5.13000000e+02 2.61965644e-01 6.81359003e-02]
 [4.32000000e+02 4.51080491e-01 7.22452620e-02]
 [7.00000000e+01 1.76037400e-01 6.60097425e-02]
 [3.24000000e+02 5.01374334e-01 2.97548336e-02]
 [5.13000000e+02 2.61965644e-01 2.83271120e-02]]
['S10'] [[1.80000000e+01 5.20921024e-01 2.76579977e-01]
 [3.05000000e+02 4.33743284e-01 1.40248598e-01]
 [4.32000000e+02 4.51080491e-01 8.77190891e-02]
 [1.07000000e+02 5.26423643e-01 8.23906231e-02]
 [4.68000000e+02 3.35432174e-01 6.84527417e-02]
 [6.02000000e+02 1.91582145e-01 6.96130341e-02]
 [7.00000000e+01 1.76037400e-01 6.15658790e-02]
 [5.30000000e+02 1.10670160e-01 5.54556000e-02]
 [4.03000000e+02 1.70184161e-01 3.56405409e-02]
 [4.68000000e+02 3.35432174e-01 2.70519662e-02]]
['S11'] [[1.07000000e+02 5.26423643e-01 2.20616173e-01]
 [3.09000000e+02 7.37470913e-02 9.60012569e-02]
 [1.80000000e+01 5.20921024e-01 1.03009753e-01]
 [3.14000000e+02 2.50911800e-01 9.22198993e-02]
 [4.32000000e+02 4.51080491e-01 6.79379936e-02]
 [3.69000000e+02 1.84614364e-01 5.57931103e-02]
 [2.16000000e+02 4.38613587e-01 3.94826526e-02]
 [2.29000000e+02 1.06879968e-01 3.81478239e-02]
 [4.68000000e+02 3.35432174e-01 3.54528473e-02]
 [3.08000000e+02 9.87683120e-02 3.60720964e-02]]
['S12'] [[1.07000000e+02 5.26423643e-01 3.05187385e-01]
 [4.32000000e+02 4.51080491e-01 1.32705830e-01]
 [3.60000000e+02 3.30200962e-01 1.08723372e-01]
 [3.77000000e+02 3.45298129e-01 1.07538212e-01]
 [5.21000000e+02 4.53472406e-01 7.97511024e-02]
 [8.90000000e+01 4.08439453e-01 4.45074240e-02]
 [2.06000000e+02 1.67982729e-01 4.92977713e-02]
 [3.15000000e+02 2.01312264e-01 4.43894123e-02]
 [3.05000000e+02 4.33743284e-01 5.00486129e-02]
 [3.32000000e+02 2.71324392e-01 3.43617074e-02]]
['S13'] [[1.07000000e+02 5.26423643e-01 2.62442778e-01]
 [3.24000000e+02 5.01374334e-01 1.27781781e-01]
 [4.32000000e+02 4.51080491e-01 8.86547901e-02]
 [3.08000000e+02 9.87683120e-02 9.02201850e-02]
 [2.93000000e+02 8.20899370e-02 6.77539243e-02]
 [6.02000000e+02 1.91582145e-01 5.17779873e-02]
 [2.15000000e+02 5.07416737e-01 4.62822885e-02]
 [5.50000000e+01 1.70534034e-01 4.15188060e-02]
 [8.90000000e+01 4.08439453e-01 3.78797524e-02]
 [5.30000000e+02 1.10670160e-01 3.50543126e-02]]
['S14'] [[1.07000000e+02 5.26423643e-01 3.34287918e-01]
 [3.24000000e+02 5.01374334e-01 1.93311032e-01]
 [1.80000000e+01 5.20921024e-01 1.17165918e-01]
 [6.29000000e+02 4.43454597e-01 7.91265742e-02]
 [3.05000000e+02 4.33743284e-01 5.86611829e-02]
 [2.58000000e+02 1.15335711e-01 5.51028568e-02]
 [3.32000000e+02 2.71324392e-01 4.06783930e-02]
 [4.32000000e+02 4.51080491e-01 4.97649046e-02]
 [6.03000000e+02 1.84139245e-01 3.92587885e-02]
 [3.98000000e+02 1.12414671e-01 3.63235400e-02]]
['S15'] [[1.07000000e+02 5.26423643e-01 2.20616173e-01]
 [1.26000000e+02 4.77363344e-01 1.05224176e-01]
 [3.14000000e+02 2.50911800e-01 9.58404032e-02]
 [4.68000000e+02 3.35432174e-01 9.96392500e-02]
 [4.22000000e+02 1.92532071e-01 6.40174038e-02]
 [1.62000000e+02 2.50105926e-01 5.99251819e-02]
 [5.13000000e+02 2.61965644e-01 5.26112015e-02]
 [5.50000000e+01 1.70534034e-01 5.25884890e-02]
 [5.73000000e+02 1.76051553e-01 5.00198115e-02]
 [2.68000000e+02 1.05230852e-01 2.93077668e-02]]
['S16'] [[1.07000000e+02 5.26423643e-01 2.06847738e-01]
 [3.24000000e+02 5.01374334e-01 1.63988786e-01]
 [4.13000000e+02 4.92655144e-01 6.50687269e-02]
 [5.30000000e+02 1.10670160e-01 7.48585897e-02]
 [5.13000000e+02 2.61965644e-01 5.51079984e-02]
 [2.90000000e+01 5.98612964e-02 4.81915670e-02]
 [3.60000000e+02 3.30200962e-01 5.71081773e-02]
 [3.14000000e+02 2.50911800e-01 5.02592483e-02]
 [6.10000000e+02 1.06853849e-01 4.16887943e-02]
 [4.13000000e+02 4.92655144e-01 3.94380586e-02]]
['S17'] [[2.15000000e+02 5.07416737e-01 2.41425813e-01]
 [8.90000000e+01 4.08439453e-01 1.41808797e-01]
 [6.94000000e+02 1.92014987e-01 1.10394801e-01]
 [1.07000000e+02 5.26423643e-01 8.91208060e-02]
 [2.16000000e+02 4.38613587e-01 7.05970396e-02]
 [3.09000000e+02 7.37470913e-02 5.63421224e-02]
 [4.32000000e+02 4.51080491e-01 4.42629812e-02]
 [6.02000000e+02 1.91582145e-01 2.72750521e-02]
 [2.90000000e+01 5.98612964e-02 2.28217518e-02]
 [1.07000000e+02 5.26423643e-01 1.14147852e-02]]
['S18'] [[1.07000000e+02 5.26423643e-01 2.20616173e-01]
 [4.32000000e+02 4.51080491e-01 1.54615830e-01]
 [6.94000000e+02 1.92014987e-01 1.20619496e-01]
 [5.13000000e+02 2.61965644e-01 1.18780279e-01]
 [3.14000000e+02 2.50911800e-01 8.04274047e-02]
 [1.08000000e+02 4.72004366e-01 7.77155538e-02]
 [1.62000000e+02 2.50105926e-01 5.29169288e-02]
 [6.02000000e+02 1.91582145e-01 4.54041977e-02]
 [6.10000000e+02 1.06853849e-01 3.80795371e-02]
 [9.50000000e+01 5.00733007e-02 3.17650540e-02]]
['S19'] [[1.07000000e+02 5.26423643e-01 2.20616173e-01]
 [8.90000000e+01 4.08439453e-01 1.27739978e-01]
 [3.23000000e+02 4.36885756e-01 1.13698213e-01]
 [4.32000000e+02 4.51080491e-01 8.83711261e-02]
 [3.51000000e+02 1.68680928e-01 8.97762495e-02]
 [3.14000000e+02 2.50911800e-01 7.45828148e-02]
 [5.13000000e+02 2.61965644e-01 5.76121798e-02]
 [5.30000000e+02 1.10670160e-01 4.10024670e-02]
 [3.32000000e+02 2.71324392e-01 3.13635150e-02]
 [4.32000000e+02 4.51080491e-01 3.14092171e-02]]
['S2'] [[1.07000000e+02 5.26423643e-01 3.49042699e-01]
 [6.94000000e+02 1.92014987e-01 1.26406661e-01]
 [4.68000000e+02 3.35432174e-01 1.15528184e-01]
 [3.24000000e+02 5.01374334e-01 1.02454920e-01]
 [6.02000000e+02 1.91582145e-01 8.05460681e-02]
 [4.22000000e+02 1.92532071e-01 4.90990461e-02]
 [6.03000000e+02 1.84139245e-01 4.42162791e-02]
 [3.23000000e+02 4.36885756e-01 3.70399376e-02]
 [3.15000000e+02 2.01312264e-01 2.99236054e-02]
 [6.00000000e+02 2.09544553e-01 3.40164316e-02]]
['S3'] [[1.07000000e+02 5.26423643e-01 2.20616173e-01]
 [4.32000000e+02 4.51080491e-01 1.54615830e-01]
 [2.34000000e+02 4.23722465e-01 9.88065947e-02]
 [4.23000000e+02 1.93381160e-01 9.00677960e-02]
 [6.04000000e+02 2.05550257e-01 7.78487982e-02]
 [4.68000000e+02 3.35432174e-01 8.07811219e-02]
 [2.58000000e+02 1.15335711e-01 4.78364596e-02]
 [1.08000000e+02 4.72004366e-01 4.34854936e-02]
 [2.90000000e+01 5.98612964e-02 3.91834517e-02]
 [3.09000000e+02 7.37470913e-02 3.11561864e-02]]
['S4'] [[1.07000000e+02 5.26423643e-01 4.09629261e-01]
 [1.80000000e+01 5.20921024e-01 1.70726942e-01]
 [3.14000000e+02 2.50911800e-01 1.41400229e-01]
 [4.03000000e+02 1.70184161e-01 7.67500635e-02]
 [2.34000000e+02 4.23722465e-01 7.23104512e-02]
 [5.13000000e+02 2.61965644e-01 7.72125839e-02]
 [5.30000000e+02 1.10670160e-01 4.87561555e-02]
 [8.90000000e+01 4.08439453e-01 4.27474097e-02]
 [2.71000000e+02 1.90266171e-01 3.43361068e-02]
 [4.32000000e+02 4.51080491e-01 3.11769489e-02]]
['S5'] [[1.07000000e+02 5.26423643e-01 4.25216352e-01]
 [3.24000000e+02 5.01374334e-01 1.70704669e-01]
 [3.05000000e+02 4.33743284e-01 1.04561767e-01]
 [5.50000000e+01 1.70534034e-01 6.71649809e-02]
 [5.13000000e+02 2.61965644e-01 7.21181208e-02]
 [4.32000000e+02 4.51080491e-01 6.17118077e-02]
 [1.80000000e+01 5.20921024e-01 4.77386638e-02]
 [2.16000000e+02 4.38613587e-01 1.82987011e-02]
 [5.13000000e+02 2.61965644e-01 2.44593510e-02]
 [2.15000000e+02 5.07416737e-01 1.82318620e-02]]
['S6'] [[1.07000000e+02 5.26423643e-01 2.34467295e-01]
 [7.01000000e+02 1.36363902e-01 6.57740587e-02]
 [4.68000000e+02 3.35432174e-01 6.20333509e-02]
 [5.13000000e+02 2.61965644e-01 5.93358664e-02]
 [4.11000000e+02 6.18729546e-02 5.59540077e-02]
 [5.39000000e+02 4.12765061e-01 5.31815419e-02]
 [1.62000000e+02 2.50105926e-01 4.60751385e-02]
 [6.10000000e+02 1.06853849e-01 3.82122908e-02]
 [3.05000000e+02 4.33743284e-01 3.35120189e-02]
 [2.58000000e+02 1.15335711e-01 3.47539568e-02]]
['S7'] [[1.07000000e+02 5.26423643e-01 2.20616173e-01]
 [3.05000000e+02 4.33743284e-01 1.25893672e-01]
 [4.22000000e+02 1.92532071e-01 9.33189966e-02]
 [4.68000000e+02 3.35432174e-01 8.84290352e-02]
 [4.32000000e+02 4.51080491e-01 8.04315441e-02]
 [3.14000000e+02 2.50911800e-01 6.42890044e-02]
 [5.50000000e+01 1.70534034e-01 5.61391239e-02]
 [2.06000000e+02 1.67982729e-01 4.74196539e-02]
 [2.15000000e+02 5.07416737e-01 4.74229993e-02]
 [4.23000000e+02 1.93381160e-01 5.87613054e-02]]
['S8'] [[1.07000000e+02 5.26423643e-01 4.25216352e-01]
 [1.80000000e+01 5.20921024e-01 1.65451422e-01]
 [4.68000000e+02 3.35432174e-01 1.04346166e-01]
 [5.13000000e+02 2.61965644e-01 1.00096116e-01]
 [6.94000000e+02 1.92014987e-01 8.28534392e-02]
 [3.08000000e+02 9.87683120e-02 6.42796077e-02]
 [3.60000000e+02 3.30200962e-01 5.84888721e-02]
 [4.58000000e+02 2.39441153e-01 6.36452101e-02]
 [3.34000000e+02 1.68413915e-01 5.28596677e-02]
 [3.15000000e+02 2.01312264e-01 3.66679171e-02]]
['S9'] [[1.80000000e+01 5.20921024e-01 2.48407470e-01]
 [1.07000000e+02 5.26423643e-01 1.40507855e-01]
 [4.32000000e+02 4.51080491e-01 1.26368507e-01]
 [4.68000000e+02 3.35432174e-01 1.09603650e-01]
 [3.24000000e+02 5.01374334e-01 8.67490100e-02]
 [4.58000000e+02 2.39441153e-01 7.24181825e-02]
 [5.21000000e+02 4.53472406e-01 7.39484134e-02]
 [2.90000000e+01 5.98612964e-02 5.82497001e-02]
 [4.22000000e+02 1.92532071e-01 3.99899731e-02]
 [6.74000000e+02 2.51237654e-01 3.20288940e-02]]
