['S1'] [[ 2.00000000e+00 -1.97941079e-16  1.79535950e-01]
 [ 5.00000000e+00  4.87548598e-17  1.51814881e-01]
 [ 8.00000000e+00  6.57368896e-18  1.08887002e-01]
 [ 4.00000000e+00  3.87117239e-17  7.36227552e-02]
 [ 9.00000000e+00 -5.22243068e-17  6.12201238e-02]
 [ 2.00000000e+00 -1.97941079e-16  6.89022716e-03]
 [ 8.00000000e+00  6.57368896e-18  4.14934155e-03]
 [ 4.00000000e+00  3.87117239e-17  1.71566178e-03]
 [ 9.00000000e+00 -5.22243068e-17  2.63810164e-04]
 [ 8.00000000e+00  6.57368896e-18  2.05039978e-05]]
['S10'] [[ 5.00000000e+00  4.87548598e-17  2.13722040e-01]
 [ 2.00000000e+00 -1.97941079e-16  1.89557017e-01]
 [ 7.00000000e+00  4.19985684e-18  1.96131080e-01]
 [ 8.00000000e+00  6.57368896e-18  1.88016863e-01]
 [ 6.00000000e+00 -6.20848402e-18  1.09971880e-01]
 [ 9.00000000e+00 -5.22243068e-17  8.29684285e-02]
 [ 2.00000000e+00 -1.97941079e-16  4.92535567e-02]
 [ 7.00000000e+00  4.19985684e-18  4.99830032e-02]
 [ 5.00000000e+00  4.87548598e-17  2.88139427e-02]
 [ 2.00000000e+00 -1.97941079e-16  1.36249151e-02]]
['S11'] [[ 2.00000000e+00 -1.97941079e-16  1.65981291e-01]
 [ 8.00000000e+00  6.57368896e-18  9.50402380e-02]
 [ 4.00000000e+00  3.87117239e-17  8.17510683e-02]
 [ 6.00000000e+00 -6.20848402e-18  4.39057926e-02]
 [ 5.00000000e+00  4.87548598e-17  3.98204859e-02]
 [ 3.00000000e+00  6.62846970e-17  2.28865162e-02]
 [ 9.00000000e+00 -5.22243068e-17  5.41930736e-03]
 [ 2.00000000e+00 -1.97941079e-16  4.49374363e-03]
 [ 6.00000000e+00 -6.20848402e-18  3.23296720e-03]
 [ 4.00000000e+00  3.87117239e-17  1.86717727e-03]]
['S12'] [[ 2.00000000e+00 -1.97941079e-16  8.57356819e-02]
 [ 9.00000000e+00 -5.22243068e-17  1.87508383e-02]
 [ 9.00000000e+00 -5.22243068e-17  0.00000000e+00]
 [ 9.00000000e+00 -5.22243068e-17  0.00000000e+00]
 [ 9.00000000e+00 -5.22243068e-17  0.00000000e+00]
 [ 9.00000000e+00 -5.22243068e-17  0.00000000e+00]
 [ 9.00000000e+00 -5.22243068e-17  0.00000000e+00]
 [ 9.00000000e+00 -5.22243068e-17  0.00000000e+00]
 [ 9.00000000e+00 -5.22243068e-17  0.00000000e+00]
 [ 9.00000000e+00 -5.22243068e-17  0.00000000e+00]]
['S13'] [[ 9.00000000e+00 -5.22243068e-17  1.25657214e-01]
 [ 8.00000000e+00  6.57368896e-18  5.51937317e-02]
 [ 7.00000000e+00  4.19985684e-18  5.34645731e-02]
 [ 5.00000000e+00  4.87548598e-17  4.52455986e-03]
 [ 8.00000000e+00  6.57368896e-18  4.03239528e-03]
 [ 9.00000000e+00 -5.22243068e-17  2.62344485e-03]
 [ 8.00000000e+00  6.57368896e-18  1.90913680e-04]
 [ 7.00000000e+00  4.19985684e-18  1.09970570e-04]
 [ 9.00000000e+00 -5.22243068e-17  1.09076500e-05]
 [ 8.00000000e+00  6.57368896e-18  9.05990601e-06]]
['S14'] [[ 5.00000000e+00  4.87548598e-17  6.58846262e-02]
 [ 7.00000000e+00  4.19985684e-18  6.35526881e-02]
 [ 9.00000000e+00 -5.22243068e-17  5.39210276e-02]
 [ 2.00000000e+00 -1.97941079e-16  1.62113800e-02]
 [ 6.00000000e+00 -6.20848402e-18  8.72336103e-03]
 [ 7.00000000e+00  4.19985684e-18  1.15048936e-03]
 [ 2.00000000e+00 -1.97941079e-16  5.65171302e-04]
 [ 7.00000000e+00  4.19985684e-18  8.67843630e-05]
 [ 6.00000000e+00 -6.20848402e-18  3.98755074e-05]
 [ 2.00000000e+00 -1.97941079e-16  1.50203705e-05]]
['S15'] [[ 2.00000000e+00 -1.97941079e-16  1.65981291e-01]
 [ 7.00000000e+00  4.19985684e-18  1.92428996e-01]
 [ 9.00000000e+00 -5.22243068e-17  1.54022994e-01]
 [ 5.00000000e+00  4.87548598e-17  7.90233519e-02]
 [ 2.00000000e+00 -1.97941079e-16  4.10427678e-02]
 [ 3.00000000e+00  6.62846970e-17  3.95117851e-02]
 [ 4.00000000e+00  3.87117239e-17  1.68798503e-02]
 [ 2.00000000e+00 -1.97941079e-16  4.62273076e-03]
 [ 7.00000000e+00  4.19985684e-18  3.45356645e-03]
 [ 3.00000000e+00  6.62846970e-17  1.19376239e-03]]
['S16'] [[ 7.00000000e+00  4.19985684e-18  1.05654502e-01]
 [ 4.00000000e+00  3.87117239e-17  5.92429148e-02]
 [ 8.00000000e+00  6.57368896e-18  5.50585557e-02]
 [ 2.00000000e+00 -1.97941079e-16  3.91682292e-02]
 [ 7.00000000e+00  4.19985684e-18  1.19840875e-02]
 [ 9.00000000e+00 -5.22243068e-17  7.59729458e-03]
 [ 4.00000000e+00  3.87117239e-17  3.63983331e-03]
 [ 2.00000000e+00 -1.97941079e-16  2.21044185e-03]
 [ 7.00000000e+00  4.19985684e-18  1.74939634e-04]
 [ 4.00000000e+00  3.87117239e-17  1.47700311e-04]]
['S17'] [[ 9.00000000e+00 -5.22243068e-17  1.65981291e-01]
 [ 7.00000000e+00  4.19985684e-18  1.58026459e-01]
 [ 8.00000000e+00  6.57368896e-18  1.28029331e-01]
 [ 6.00000000e+00 -6.20848402e-18  7.47282231e-02]
 [ 3.00000000e+00  6.62846970e-17  4.47245781e-02]
 [ 2.00000000e+00 -1.97941079e-16  2.26854846e-02]
 [ 7.00000000e+00  4.19985684e-18  1.58147882e-02]
 [ 6.00000000e+00 -6.20848402e-18  6.36687537e-03]
 [ 9.00000000e+00 -5.22243068e-17  3.34830343e-03]
 [ 2.00000000e+00 -1.97941079e-16  2.24614521e-03]]
['S18'] [[ 9.00000000e+00 -5.22243068e-17  1.93156325e-01]
 [ 2.00000000e+00 -1.97941079e-16  1.27808074e-01]
 [ 5.00000000e+00  4.87548598e-17  7.20290874e-02]
 [ 2.00000000e+00 -1.97941079e-16  9.65953174e-04]
 [ 5.00000000e+00  4.87548598e-17  1.29938126e-05]
 [ 2.00000000e+00 -1.97941079e-16  5.96046448e-08]
 [ 2.00000000e+00 -1.97941079e-16  0.00000000e+00]
 [ 2.00000000e+00 -1.97941079e-16  0.00000000e+00]
 [ 2.00000000e+00 -1.97941079e-16  0.00000000e+00]
 [ 2.00000000e+00 -1.97941079e-16  0.00000000e+00]]
['S19'] [[ 9.00000000e+00 -5.22243068e-17  1.93156325e-01]
 [ 2.00000000e+00 -1.97941079e-16  1.83777885e-01]
 [ 8.00000000e+00  6.57368896e-18  1.40599040e-01]
 [ 4.00000000e+00  3.87117239e-17  6.69480608e-02]
 [ 6.00000000e+00 -6.20848402e-18  4.03818501e-02]
 [ 5.00000000e+00  4.87548598e-17  3.81681787e-02]
 [ 9.00000000e+00 -5.22243068e-17  1.90264292e-02]
 [ 2.00000000e+00 -1.97941079e-16  3.54088833e-03]
 [ 4.00000000e+00  3.87117239e-17  1.75064981e-03]
 [ 6.00000000e+00 -6.20848402e-18  6.00040031e-04]]
['S2'] [[ 5.00000000e+00  4.87548598e-17  1.59226859e-01]
 [ 2.00000000e+00 -1.97941079e-16  1.43737408e-01]
 [ 8.00000000e+00  6.57368896e-18  5.38122320e-02]
 [ 7.00000000e+00  4.19985684e-18  4.59041292e-02]
 [ 3.00000000e+00  6.62846970e-17  1.68185593e-02]
 [ 8.00000000e+00  6.57368896e-18  4.66505097e-03]
 [ 2.00000000e+00 -1.97941079e-16  3.86800311e-03]
 [ 5.00000000e+00  4.87548598e-17  4.70697915e-04]
 [ 3.00000000e+00  6.62846970e-17  3.68595140e-04]
 [ 7.00000000e+00  4.19985684e-18  3.06010256e-04]]
['S3'] [[ 8.00000000e+00  6.57368896e-18  1.12311898e-01]
 [ 5.00000000e+00  4.87548598e-17  6.74701646e-02]
 [ 2.00000000e+00 -1.97941079e-16  2.82202747e-02]
 [ 9.00000000e+00 -5.22243068e-17  2.35700138e-02]
 [ 8.00000000e+00  6.57368896e-18  1.34313187e-03]
 [ 9.00000000e+00 -5.22243068e-17  9.79900363e-05]
 [ 8.00000000e+00  6.57368896e-18  7.15255737e-06]
 [ 9.00000000e+00 -5.22243068e-17  5.96046448e-07]
 [ 8.00000000e+00  6.57368896e-18  5.96046448e-08]
 [ 8.00000000e+00  6.57368896e-18  5.96046448e-08]]
['S4'] [[ 9.00000000e+00 -5.22243068e-17  1.52486804e-01]
 [ 7.00000000e+00  4.19985684e-18  1.44021929e-01]
 [ 4.00000000e+00  3.87117239e-17  1.10597528e-01]
 [ 5.00000000e+00  4.87548598e-17  9.51226368e-02]
 [ 6.00000000e+00 -6.20848402e-18  8.26742378e-02]
 [ 2.00000000e+00 -1.97941079e-16  6.51219403e-02]
 [ 7.00000000e+00  4.19985684e-18  1.66077384e-02]
 [ 4.00000000e+00  3.87117239e-17  8.70315352e-03]
 [ 2.00000000e+00 -1.97941079e-16  3.36952293e-03]
 [ 6.00000000e+00 -6.20848402e-18  3.22128456e-03]]
['S5'] [[ 4.00000000e+00  3.87117239e-17  8.57357419e-02]
 [ 5.00000000e+00  4.87548598e-17  7.79863631e-02]
 [ 2.00000000e+00 -1.97941079e-16  5.22472105e-02]
 [ 6.00000000e+00 -6.20848402e-18  5.06107951e-02]
 [ 3.00000000e+00  6.62846970e-17  3.72762981e-02]
 [ 7.00000000e+00  4.19985684e-18  1.96272896e-02]
 [ 2.00000000e+00 -1.97941079e-16  6.03456670e-03]
 [ 6.00000000e+00 -6.20848402e-18  4.52390419e-03]
 [ 4.00000000e+00  3.87117239e-17  3.62493195e-03]
 [ 7.00000000e+00  4.19985684e-18  1.22606816e-03]]
['S6'] [[8.00000000e+00 6.57368896e-18 1.12311959e-01]
 [5.00000000e+00 4.87548598e-17 8.08682944e-02]
 [7.00000000e+00 4.19985684e-18 5.85361212e-02]
 [4.00000000e+00 3.87117239e-17 3.26733578e-02]
 [8.00000000e+00 6.57368896e-18 6.14162061e-03]
 [7.00000000e+00 4.19985684e-18 1.44994360e-03]
 [8.00000000e+00 6.57368896e-18 1.24514104e-04]
 [4.00000000e+00 3.87117239e-17 1.01923943e-04]
 [7.00000000e+00 4.19985684e-18 1.37090683e-05]
 [8.00000000e+00 6.57368896e-18 2.14576721e-06]]
['S7'] [[ 5.00000000e+00  4.87548598e-17  1.99992844e-01]
 [ 7.00000000e+00  4.19985684e-18  1.29525147e-01]
 [ 9.00000000e+00 -5.22243068e-17  3.24217387e-02]
 [ 8.00000000e+00  6.57368896e-18  3.48244351e-02]
 [ 9.00000000e+00 -5.22243068e-17  2.70260038e-03]
 [ 7.00000000e+00  4.19985684e-18  1.90335742e-03]
 [ 8.00000000e+00  6.57368896e-18  3.63826768e-04]
 [ 7.00000000e+00  4.19985684e-18  2.94446945e-05]
 [ 8.00000000e+00  6.57368896e-18  2.44379044e-06]
 [ 7.00000000e+00  4.19985684e-18  1.78813934e-07]]
['S8'] [[ 5.00000000e+00  4.87548598e-17  1.99992844e-01]
 [ 9.00000000e+00 -5.22243068e-17  9.07726903e-02]
 [ 3.00000000e+00  6.62846970e-17  4.43635527e-02]
 [ 7.00000000e+00  4.19985684e-18  1.09756037e-03]
 [ 7.00000000e+00  4.19985684e-18 -1.19209290e-07]
 [ 7.00000000e+00  4.19985684e-18  0.00000000e+00]
 [ 7.00000000e+00  4.19985684e-18  0.00000000e+00]
 [ 7.00000000e+00  4.19985684e-18  0.00000000e+00]
 [ 7.00000000e+00  4.19985684e-18  0.00000000e+00]
 [ 7.00000000e+00  4.19985684e-18  0.00000000e+00]]
['S9'] [[ 5.00000000e+00  4.87548598e-17  2.13722040e-01]
 [ 9.00000000e+00 -5.22243068e-17  1.32288084e-01]
 [ 4.00000000e+00  3.87117239e-17  1.06191681e-01]
 [ 8.00000000e+00  6.57368896e-18  5.95194996e-02]
 [ 7.00000000e+00  4.19985684e-18  3.63864463e-02]
 [ 3.00000000e+00  6.62846970e-17  9.43569529e-03]
 [ 9.00000000e+00 -5.22243068e-17  8.12268239e-03]
 [ 8.00000000e+00  6.57368896e-18  5.10410926e-03]
 [ 4.00000000e+00  3.87117239e-17  1.97142618e-03]
 [ 9.00000000e+00 -5.22243068e-17  4.56094773e-04]]
