['S1'] [[1.10200000e+03 3.70067922e-02 0.00000000e+00 4.81405327e-01]
 [1.10200000e+03 3.70067922e-02 0.00000000e+00 9.62810740e-01]
 [1.10200000e+03 3.70067922e-02 0.00000000e+00 1.92562147e+00]
 [1.10200000e+03 3.70067922e-02 0.00000000e+00 3.85124288e+00]
 [1.10200000e+03 3.70067922e-02 0.00000000e+00 7.70248578e+00]]
['S10'] [[1.25000000e+02 5.16352576e-02 0.00000000e+00 4.97979107e-01]
 [1.25000000e+02 5.16352576e-02 0.00000000e+00 9.95958150e-01]
 [1.25000000e+02 5.16352576e-02 0.00000000e+00 1.99191633e+00]
 [1.25000000e+02 5.16352576e-02 0.00000000e+00 3.98383268e+00]
 [1.25000000e+02 5.16352576e-02 0.00000000e+00 7.96766531e+00]]
['S11'] [[8.90000000e+01 2.59694012e-02 0.00000000e+00 5.40572331e-01]
 [8.90000000e+01 2.59694012e-02 0.00000000e+00 1.08114463e+00]
 [8.90000000e+01 2.59694012e-02 0.00000000e+00 2.16228926e+00]
 [8.90000000e+01 2.59694012e-02 0.00000000e+00 4.32457850e+00]
 [8.90000000e+01 2.59694012e-02 0.00000000e+00 8.64915700e+00]]
['S12'] [[3.56000000e+02 1.25232448e-01 0.00000000e+00 4.56994664e-01]
 [3.56000000e+02 1.25232448e-01 0.00000000e+00 9.13989333e-01]
 [3.56000000e+02 1.25232448e-01 0.00000000e+00 1.82797862e+00]
 [3.56000000e+02 1.25232448e-01 0.00000000e+00 3.65595721e+00]
 [3.56000000e+02 1.25232448e-01 0.00000000e+00 7.31191446e+00]]
['S13'] [[1.45400000e+03 7.99136557e-02 0.00000000e+00 4.97979107e-01]
 [1.45400000e+03 7.99136557e-02 0.00000000e+00 9.95958150e-01]
 [1.45400000e+03 7.99136557e-02 0.00000000e+00 1.99191633e+00]
 [1.45400000e+03 7.99136557e-02 0.00000000e+00 3.98383263e+00]
 [1.45400000e+03 7.99136557e-02 0.00000000e+00 7.96766531e+00]]
['S14'] [[1.43000000e+02 1.20056877e-01 0.00000000e+00 6.91093760e-01]
 [1.43000000e+02 1.20056877e-01 0.00000000e+00 1.38218754e+00]
 [1.43000000e+02 1.20056877e-01 0.00000000e+00 2.76437512e+00]
 [1.43000000e+02 1.20056877e-01 0.00000000e+00 5.52875021e+00]
 [1.43000000e+02 1.20056877e-01 0.00000000e+00 1.10575004e+01]]
['S15'] [[1.26000000e+02 3.57868275e-02 0.00000000e+00 6.22162061e-01]
 [1.26000000e+02 3.57868275e-02 0.00000000e+00 1.24432410e+00]
 [1.26000000e+02 3.57868275e-02 0.00000000e+00 2.48864824e+00]
 [1.26000000e+02 3.57868275e-02 0.00000000e+00 4.97729646e+00]
 [1.26000000e+02 3.57868275e-02 0.00000000e+00 9.95459294e+00]]
['S16'] [[1.43000000e+02 1.20056877e-01 0.00000000e+00 5.23326218e-01]
 [1.43000000e+02 1.20056877e-01 0.00000000e+00 1.04665251e+00]
 [1.43000000e+02 1.20056877e-01 0.00000000e+00 2.09330497e+00]
 [1.43000000e+02 1.20056877e-01 0.00000000e+00 4.18660999e+00]
 [1.43000000e+02 1.20056877e-01 0.00000000e+00 8.37321994e+00]]
['S17'] [[2.30000000e+02 3.34012928e-02 0.00000000e+00 5.14809684e-01]
 [2.30000000e+02 3.34012928e-02 0.00000000e+00 1.02961938e+00]
 [2.30000000e+02 3.34012928e-02 0.00000000e+00 2.05923878e+00]
 [2.30000000e+02 3.34012928e-02 0.00000000e+00 4.11847751e+00]
 [2.30000000e+02 3.34012928e-02 0.00000000e+00 8.23695507e+00]]
['S18'] [[1.43000000e+02 1.20056877e-01 0.00000000e+00 4.56994591e-01]
 [1.43000000e+02 1.20056877e-01 0.00000000e+00 9.13989208e-01]
 [1.43000000e+02 1.20056877e-01 0.00000000e+00 1.82797839e+00]
 [1.43000000e+02 1.20056877e-01 0.00000000e+00 3.65595682e+00]
 [1.43000000e+02 1.20056877e-01 0.00000000e+00 7.31191363e+00]]
['S19'] [[1.25000000e+02 5.16352576e-02 0.00000000e+00 5.85035652e-01]
 [1.25000000e+02 5.16352576e-02 0.00000000e+00 1.17007136e+00]
 [1.25000000e+02 5.16352576e-02 0.00000000e+00 2.34014264e+00]
 [1.25000000e+02 5.16352576e-02 0.00000000e+00 4.68028528e+00]
 [1.25000000e+02 5.16352576e-02 0.00000000e+00 9.36057059e+00]]
['S2'] [[2.38000000e+02 5.11910268e-02 0.00000000e+00 4.48970800e-01]
 [2.38000000e+02 5.11910268e-02 0.00000000e+00 8.97941604e-01]
 [2.38000000e+02 5.11910268e-02 0.00000000e+00 1.79588317e+00]
 [2.38000000e+02 5.11910268e-02 0.00000000e+00 3.59176634e+00]
 [2.38000000e+02 5.11910268e-02 0.00000000e+00 7.18353267e+00]]
['S3'] [[4.84000000e+02 8.21587845e-02 0.00000000e+00 5.06361316e-01]
 [4.84000000e+02 8.21587845e-02 0.00000000e+00 1.01272266e+00]
 [4.84000000e+02 8.21587845e-02 0.00000000e+00 2.02544527e+00]
 [4.84000000e+02 8.21587845e-02 0.00000000e+00 4.05089052e+00]
 [4.84000000e+02 8.21587845e-02 0.00000000e+00 8.10178111e+00]]
['S4'] [[1.43000000e+02 1.20056877e-01 0.00000000e+00 6.51038129e-01]
 [1.43000000e+02 1.20056877e-01 0.00000000e+00 1.30207627e+00]
 [1.43000000e+02 1.20056877e-01 0.00000000e+00 2.60415255e+00]
 [1.43000000e+02 1.20056877e-01 0.00000000e+00 5.20830508e+00]
 [1.43000000e+02 1.20056877e-01 0.00000000e+00 1.04166102e+01]]
['S5'] [[72.          0.08919087  0.          0.54057233]
 [72.          0.08919087  0.          1.08114463]
 [72.          0.08919087  0.          2.16228926]
 [72.          0.08919087  0.          4.3245785 ]
 [72.          0.08919087  0.          8.649157  ]]
['S6'] [[3.84000000e+02 1.76017761e-01 0.00000000e+00 5.23326218e-01]
 [3.84000000e+02 1.76017761e-01 0.00000000e+00 1.04665251e+00]
 [3.84000000e+02 1.76017761e-01 0.00000000e+00 2.09330501e+00]
 [3.84000000e+02 1.76017761e-01 0.00000000e+00 4.18660999e+00]
 [3.84000000e+02 1.76017761e-01 0.00000000e+00 8.37321994e+00]]
['S7'] [[1.47600000e+03 1.29198928e-01 0.00000000e+00 5.06361316e-01]
 [1.47600000e+03 1.29198928e-01 0.00000000e+00 1.01272259e+00]
 [1.47600000e+03 1.29198928e-01 0.00000000e+00 2.02544521e+00]
 [1.47600000e+03 1.29198928e-01 0.00000000e+00 4.05089047e+00]
 [1.47600000e+03 1.29198928e-01 0.00000000e+00 8.10178088e+00]]
['S8'] [[1.43000000e+02 1.20056877e-01 0.00000000e+00 6.91093760e-01]
 [1.43000000e+02 1.20056877e-01 0.00000000e+00 1.38218754e+00]
 [1.43000000e+02 1.20056877e-01 0.00000000e+00 2.76437512e+00]
 [1.43000000e+02 1.20056877e-01 0.00000000e+00 5.52875021e+00]
 [1.43000000e+02 1.20056877e-01 0.00000000e+00 1.10575004e+01]]
['S9'] [[1.47600000e+03 1.29198928e-01 0.00000000e+00 5.06361316e-01]
 [1.47600000e+03 1.29198928e-01 0.00000000e+00 1.01272259e+00]
 [1.47600000e+03 1.29198928e-01 0.00000000e+00 2.02544521e+00]
 [1.47600000e+03 1.29198928e-01 0.00000000e+00 4.05089047e+00]
 [1.47600000e+03 1.29198928e-01 0.00000000e+00 8.10178088e+00]]
