['s1'] [[0.00000000e+00 1.52655666e-17 1.00335372e-01]
 [7.00000000e+00 9.85322934e-17 8.60704960e-02]
 [6.00000000e+00 4.02455846e-17 3.34250180e-02]
 [1.00000000e+00 4.71844785e-17 6.81673118e-03]
 [1.00000000e+00 4.71844785e-17 5.96046448e-08]
 [1.00000000e+00 4.71844785e-17 0.00000000e+00]
 [1.00000000e+00 4.71844785e-17 0.00000000e+00]
 [1.00000000e+00 4.71844785e-17 0.00000000e+00]
 [1.00000000e+00 4.71844785e-17 0.00000000e+00]
 [1.00000000e+00 4.71844785e-17 0.00000000e+00]
 [1.00000000e+00 4.71844785e-17 0.00000000e+00]
 [1.00000000e+00 4.71844785e-17 0.00000000e+00]
 [1.00000000e+00 4.71844785e-17 0.00000000e+00]
 [1.00000000e+00 4.71844785e-17 0.00000000e+00]
 [1.00000000e+00 4.71844785e-17 0.00000000e+00]]
['s10'] [[ 2.00000000e+00 -2.24126273e-16  1.89744811e-01]
 [ 5.00000000e+00 -2.70616862e-17  1.41008185e-01]
 [ 7.00000000e+00  9.85322934e-17  9.20846468e-02]
 [ 2.00000000e+00 -2.24126273e-16  2.40177788e-02]
 [ 5.00000000e+00 -2.70616862e-17  5.05553023e-03]
 [ 2.00000000e+00 -2.24126273e-16  1.01882255e-03]
 [ 5.00000000e+00 -2.70616862e-17  2.05397609e-04]
 [ 2.00000000e+00 -2.24126273e-16  4.14848328e-05]
 [ 5.00000000e+00 -2.70616862e-17  8.34465027e-06]
 [ 2.00000000e+00 -2.24126273e-16  1.66893005e-06]
 [ 5.00000000e+00 -2.70616862e-17  3.57627869e-07]
 [ 2.00000000e+00 -2.24126273e-16  0.00000000e+00]
 [ 2.00000000e+00 -2.24126273e-16  0.00000000e+00]
 [ 2.00000000e+00 -2.24126273e-16  0.00000000e+00]
 [ 2.00000000e+00 -2.24126273e-16  0.00000000e+00]]
['s11'] [[7.00000000e+00 9.85322934e-17 1.00335372e-01]
 [7.00000000e+00 9.85322934e-17 0.00000000e+00]
 [7.00000000e+00 9.85322934e-17 0.00000000e+00]
 [7.00000000e+00 9.85322934e-17 0.00000000e+00]
 [7.00000000e+00 9.85322934e-17 0.00000000e+00]
 [7.00000000e+00 9.85322934e-17 0.00000000e+00]
 [7.00000000e+00 9.85322934e-17 0.00000000e+00]
 [7.00000000e+00 9.85322934e-17 0.00000000e+00]
 [7.00000000e+00 9.85322934e-17 0.00000000e+00]
 [7.00000000e+00 9.85322934e-17 0.00000000e+00]
 [7.00000000e+00 9.85322934e-17 0.00000000e+00]
 [7.00000000e+00 9.85322934e-17 0.00000000e+00]
 [7.00000000e+00 9.85322934e-17 0.00000000e+00]
 [7.00000000e+00 9.85322934e-17 0.00000000e+00]
 [7.00000000e+00 9.85322934e-17 0.00000000e+00]]
['s12'] [[ 2.00000000e+00 -2.24126273e-16  1.38376489e-01]
 [ 0.00000000e+00  1.52655666e-17  6.77895522e-02]
 [ 0.00000000e+00  1.52655666e-17  0.00000000e+00]
 [ 0.00000000e+00  1.52655666e-17  0.00000000e+00]
 [ 0.00000000e+00  1.52655666e-17  0.00000000e+00]
 [ 0.00000000e+00  1.52655666e-17  0.00000000e+00]
 [ 0.00000000e+00  1.52655666e-17  0.00000000e+00]
 [ 0.00000000e+00  1.52655666e-17  0.00000000e+00]
 [ 0.00000000e+00  1.52655666e-17  0.00000000e+00]
 [ 0.00000000e+00  1.52655666e-17  0.00000000e+00]
 [ 0.00000000e+00  1.52655666e-17  0.00000000e+00]
 [ 0.00000000e+00  1.52655666e-17  0.00000000e+00]
 [ 0.00000000e+00  1.52655666e-17  0.00000000e+00]
 [ 0.00000000e+00  1.52655666e-17  0.00000000e+00]
 [ 0.00000000e+00  1.52655666e-17  0.00000000e+00]]
['s13'] [[6.00000000e+00 4.02455846e-17 3.75176168e-02]
 [7.00000000e+00 9.85322934e-17 1.98743280e-02]
 [0.00000000e+00 1.52655666e-17 1.42335893e-04]
 [0.00000000e+00 1.52655666e-17 0.00000000e+00]
 [0.00000000e+00 1.52655666e-17 0.00000000e+00]
 [0.00000000e+00 1.52655666e-17 0.00000000e+00]
 [0.00000000e+00 1.52655666e-17 0.00000000e+00]
 [0.00000000e+00 1.52655666e-17 0.00000000e+00]
 [0.00000000e+00 1.52655666e-17 0.00000000e+00]
 [0.00000000e+00 1.52655666e-17 0.00000000e+00]
 [0.00000000e+00 1.52655666e-17 0.00000000e+00]
 [0.00000000e+00 1.52655666e-17 0.00000000e+00]
 [0.00000000e+00 1.52655666e-17 0.00000000e+00]
 [0.00000000e+00 1.52655666e-17 0.00000000e+00]
 [0.00000000e+00 1.52655666e-17 0.00000000e+00]]
['s14'] [[ 0.00000000e+00  1.52655666e-17  1.00335312e-01]
 [ 6.00000000e+00  4.02455846e-17  4.67511981e-02]
 [ 7.00000000e+00  9.85322934e-17  2.82854746e-02]
 [ 5.00000000e+00 -2.70616862e-17  1.72214246e-02]
 [ 7.00000000e+00  9.85322934e-17  3.66687791e-04]
 [ 5.00000000e+00 -2.70616862e-17  7.86781311e-06]
 [ 7.00000000e+00  9.85322934e-17  1.19209290e-07]
 [ 5.00000000e+00 -2.70616862e-17  0.00000000e+00]
 [ 5.00000000e+00 -2.70616862e-17  0.00000000e+00]
 [ 5.00000000e+00 -2.70616862e-17  0.00000000e+00]
 [ 5.00000000e+00 -2.70616862e-17  0.00000000e+00]
 [ 5.00000000e+00 -2.70616862e-17  0.00000000e+00]
 [ 5.00000000e+00 -2.70616862e-17  0.00000000e+00]
 [ 5.00000000e+00 -2.70616862e-17  0.00000000e+00]
 [ 5.00000000e+00 -2.70616862e-17  0.00000000e+00]]
['s15'] [[ 5.00000000e+00 -2.70616862e-17  7.51410296e-02]
 [ 2.00000000e+00 -2.24126273e-16  5.19006847e-02]
 [ 6.00000000e+00  4.02455846e-17  1.60403894e-02]
 [ 5.00000000e+00 -2.70616862e-17  6.81088965e-03]
 [ 2.00000000e+00 -2.24126273e-16  6.73876472e-03]
 [ 5.00000000e+00 -2.70616862e-17  1.27673218e-03]
 [ 6.00000000e+00  4.02455846e-17  6.97136038e-04]
 [ 2.00000000e+00 -2.24126273e-16  4.77850474e-04]
 [ 6.00000000e+00  4.02455846e-17  1.61767007e-04]
 [ 2.00000000e+00 -2.24126273e-16  5.47170640e-05]
 [ 6.00000000e+00  4.02455846e-17  1.84774399e-05]
 [ 2.00000000e+00 -2.24126273e-16  6.31809235e-06]
 [ 6.00000000e+00  4.02455846e-17  2.14576721e-06]
 [ 2.00000000e+00 -2.24126273e-16  7.74860382e-07]
 [ 6.00000000e+00  4.02455846e-17  2.98023224e-07]]
['s16'] [[ 0.00000000e+00  1.52655666e-17  1.76819971e-01]
 [ 2.00000000e+00 -2.24126273e-16  1.05156979e-01]
 [ 5.00000000e+00 -2.70616862e-17  1.05079658e-01]
 [ 7.00000000e+00  9.85322934e-17  1.00174502e-01]
 [ 2.00000000e+00 -2.24126273e-16  2.31422960e-02]
 [ 5.00000000e+00 -2.70616862e-17  6.21040699e-03]
 [ 2.00000000e+00 -2.24126273e-16  1.52140973e-03]
 [ 5.00000000e+00 -2.70616862e-17  3.72767466e-04]
 [ 2.00000000e+00 -2.24126273e-16  9.13143160e-05]
 [ 5.00000000e+00 -2.70616862e-17  2.22921371e-05]
 [ 2.00000000e+00 -2.24126273e-16  5.42402267e-06]
 [ 5.00000000e+00 -2.70616862e-17  1.43051147e-06]
 [ 2.00000000e+00 -2.24126273e-16  4.17232513e-07]
 [ 5.00000000e+00 -2.70616862e-17  5.96046448e-08]
 [ 2.00000000e+00 -2.24126273e-16  0.00000000e+00]]
['s17'] [[ 2.00000000e+00 -2.24126273e-16  1.89744811e-01]
 [ 0.00000000e+00  1.52655666e-17  1.70874575e-01]
 [ 3.00000000e+00  1.53349555e-16  1.20550452e-03]
 [ 3.00000000e+00  1.53349555e-16  0.00000000e+00]
 [ 3.00000000e+00  1.53349555e-16  0.00000000e+00]
 [ 3.00000000e+00  1.53349555e-16  0.00000000e+00]
 [ 3.00000000e+00  1.53349555e-16  0.00000000e+00]
 [ 3.00000000e+00  1.53349555e-16  0.00000000e+00]
 [ 3.00000000e+00  1.53349555e-16  0.00000000e+00]
 [ 3.00000000e+00  1.53349555e-16  0.00000000e+00]
 [ 3.00000000e+00  1.53349555e-16  0.00000000e+00]
 [ 3.00000000e+00  1.53349555e-16  0.00000000e+00]
 [ 3.00000000e+00  1.53349555e-16  0.00000000e+00]
 [ 3.00000000e+00  1.53349555e-16  0.00000000e+00]
 [ 3.00000000e+00  1.53349555e-16  0.00000000e+00]]
['s18'] [[ 2.00000000e+00 -2.24126273e-16  8.77243147e-02]
 [ 0.00000000e+00  1.52655666e-17  1.96845322e-02]
 [ 1.00000000e+00  4.71844785e-17  1.15125497e-02]
 [ 0.00000000e+00  1.52655666e-17  3.51048958e-03]
 [ 1.00000000e+00  4.71844785e-17  1.07049983e-03]
 [ 0.00000000e+00  1.52655666e-17  3.26395046e-04]
 [ 1.00000000e+00  4.71844785e-17  9.95993617e-05]
 [ 0.00000000e+00  1.52655666e-17  3.04579735e-05]
 [ 1.00000000e+00  4.71844785e-17  9.23871994e-06]
 [ 0.00000000e+00  1.52655666e-17  2.80141830e-06]
 [ 1.00000000e+00  4.71844785e-17  8.94069672e-07]
 [ 0.00000000e+00  1.52655666e-17  2.98023224e-07]
 [ 1.00000000e+00  4.71844785e-17  0.00000000e+00]
 [ 1.00000000e+00  4.71844785e-17  0.00000000e+00]
 [ 1.00000000e+00  4.71844785e-17  0.00000000e+00]]
['s19'] [[ 2.00000000e+00 -2.24126273e-16  8.77243147e-02]
 [ 5.00000000e+00 -2.70616862e-17  1.65343449e-02]
 [ 2.00000000e+00 -2.24126273e-16  3.12466446e-03]
 [ 5.00000000e+00 -2.70616862e-17  5.90503284e-04]
 [ 2.00000000e+00 -2.24126273e-16  1.11579895e-04]
 [ 5.00000000e+00 -2.70616862e-17  2.11000443e-05]
 [ 2.00000000e+00 -2.24126273e-16  4.05311584e-06]
 [ 5.00000000e+00 -2.70616862e-17  8.34465027e-07]
 [ 2.00000000e+00 -2.24126273e-16  1.19209290e-07]
 [ 2.00000000e+00 -2.24126273e-16  1.19209290e-07]
 [ 5.00000000e+00 -2.70616862e-17  5.96046448e-08]
 [ 2.00000000e+00 -2.24126273e-16  0.00000000e+00]
 [ 2.00000000e+00 -2.24126273e-16  0.00000000e+00]
 [ 2.00000000e+00 -2.24126273e-16  0.00000000e+00]
 [ 2.00000000e+00 -2.24126273e-16  0.00000000e+00]]
['s2'] [[ 5.00000000e+00 -2.70616862e-17  1.00335372e-01]
 [ 6.00000000e+00  4.02455846e-17  1.89416409e-02]
 [ 2.00000000e+00 -2.24126273e-16  1.25835623e-02]
 [ 6.00000000e+00  4.02455846e-17  4.16620996e-03]
 [ 2.00000000e+00 -2.24126273e-16  1.37949077e-03]
 [ 6.00000000e+00  4.02455846e-17  4.56750425e-04]
 [ 2.00000000e+00 -2.24126273e-16  1.51216985e-04]
 [ 6.00000000e+00  4.02455846e-17  5.00679017e-05]
 [ 2.00000000e+00 -2.24126273e-16  1.65700912e-05]
 [ 6.00000000e+00  4.02455846e-17  5.54323196e-06]
 [ 2.00000000e+00 -2.24126273e-16  1.84774399e-06]
 [ 6.00000000e+00  4.02455846e-17  5.96046448e-07]
 [ 2.00000000e+00 -2.24126273e-16  2.38418579e-07]
 [ 2.00000000e+00 -2.24126273e-16  0.00000000e+00]
 [ 2.00000000e+00 -2.24126273e-16  0.00000000e+00]]
['s20'] [[ 0.00000000e+00  1.52655666e-17  1.76820032e-01]
 [ 5.00000000e+00 -2.70616862e-17  5.16254095e-02]
 [ 0.00000000e+00  1.52655666e-17  4.66823612e-04]
 [ 5.00000000e+00 -2.70616862e-17  4.23192978e-06]
 [ 0.00000000e+00  1.52655666e-17  0.00000000e+00]
 [ 0.00000000e+00  1.52655666e-17  0.00000000e+00]
 [ 0.00000000e+00  1.52655666e-17  0.00000000e+00]
 [ 0.00000000e+00  1.52655666e-17  0.00000000e+00]
 [ 0.00000000e+00  1.52655666e-17  0.00000000e+00]
 [ 0.00000000e+00  1.52655666e-17  0.00000000e+00]
 [ 0.00000000e+00  1.52655666e-17  0.00000000e+00]
 [ 0.00000000e+00  1.52655666e-17  0.00000000e+00]
 [ 0.00000000e+00  1.52655666e-17  0.00000000e+00]
 [ 0.00000000e+00  1.52655666e-17  0.00000000e+00]
 [ 0.00000000e+00  1.52655666e-17  0.00000000e+00]]
['s3'] [[ 0.00000000e+00  1.52655666e-17  1.00335372e-01]
 [ 5.00000000e+00 -2.70616862e-17  1.01355739e-01]
 [ 2.00000000e+00 -2.24126273e-16  2.64150519e-03]
 [ 0.00000000e+00  1.52655666e-17  9.28759842e-04]
 [ 5.00000000e+00 -2.70616862e-17  5.74529234e-04]
 [ 2.00000000e+00 -2.24126273e-16  8.70227816e-05]
 [ 5.00000000e+00 -2.70616862e-17  1.85966492e-05]
 [ 2.00000000e+00 -2.24126273e-16  3.93390656e-06]
 [ 0.00000000e+00  1.52655666e-17  2.98023224e-06]
 [ 5.00000000e+00 -2.70616862e-17  8.34465027e-07]
 [ 2.00000000e+00 -2.24126273e-16  1.19209290e-07]
 [ 0.00000000e+00  1.52655666e-17  0.00000000e+00]
 [ 0.00000000e+00  1.52655666e-17  0.00000000e+00]
 [ 0.00000000e+00  1.52655666e-17  0.00000000e+00]
 [ 0.00000000e+00  1.52655666e-17  0.00000000e+00]]
['s4'] [[ 7.00000000e+00  9.85322934e-17  1.25657214e-01]
 [ 0.00000000e+00  1.52655666e-17  8.27278896e-02]
 [ 2.00000000e+00 -2.24126273e-16  2.68103326e-02]
 [ 6.00000000e+00  4.02455846e-17  1.04091350e-02]
 [ 2.00000000e+00 -2.24126273e-16  3.80410599e-03]
 [ 6.00000000e+00  4.02455846e-17  1.39033884e-03]
 [ 2.00000000e+00 -2.24126273e-16  5.08070036e-04]
 [ 6.00000000e+00  4.02455846e-17  1.85728075e-04]
 [ 2.00000000e+00 -2.24126273e-16  6.79492951e-05]
 [ 6.00000000e+00  4.02455846e-17  2.47359276e-05]
 [ 2.00000000e+00 -2.24126273e-16  9.00030136e-06]
 [ 6.00000000e+00  4.02455846e-17  3.33786011e-06]
 [ 2.00000000e+00 -2.24126273e-16  1.19209290e-06]
 [ 6.00000000e+00  4.02455846e-17  4.76837158e-07]
 [ 2.00000000e+00 -2.24126273e-16  1.78813934e-07]]
['s5'] [[ 2.00000000e+00 -2.24126273e-16  1.63953400e-01]
 [ 7.00000000e+00  9.85322934e-17  1.18510320e-01]
 [ 6.00000000e+00  4.02455846e-17  8.41016954e-02]
 [ 5.00000000e+00 -2.70616862e-17  6.67024691e-02]
 [ 2.00000000e+00 -2.24126273e-16  3.85273475e-02]
 [ 0.00000000e+00  1.52655666e-17  2.82651332e-02]
 [ 5.00000000e+00 -2.70616862e-17  6.63981658e-03]
 [ 6.00000000e+00  4.02455846e-17  2.52497733e-03]
 [ 2.00000000e+00 -2.24126273e-16  1.09410330e-03]
 [ 6.00000000e+00  4.02455846e-17  4.17292142e-04]
 [ 2.00000000e+00 -2.24126273e-16  1.59204008e-04]
 [ 0.00000000e+00  1.52655666e-17  1.29938126e-04]
 [ 6.00000000e+00  4.02455846e-17  6.75320626e-05]
 [ 2.00000000e+00 -2.24126273e-16  2.11000443e-05]
 [ 6.00000000e+00  4.02455846e-17  8.04662704e-06]]
['s6'] [[ 0.00000000e+00  1.52655666e-17  1.76820032e-01]
 [ 5.00000000e+00 -2.70616862e-17  1.03527598e-01]
 [ 2.00000000e+00 -2.24126273e-16  1.05327837e-01]
 [ 1.00000000e+00  4.71844785e-17  6.01767841e-02]
 [ 5.00000000e+00 -2.70616862e-17  2.56551151e-02]
 [ 0.00000000e+00  1.52655666e-17  1.97193548e-02]
 [ 2.00000000e+00 -2.24126273e-16  1.18538925e-02]
 [ 6.00000000e+00  4.02455846e-17  1.19987524e-02]
 [ 2.00000000e+00 -2.24126273e-16  4.55686624e-03]
 [ 1.00000000e+00  4.71844785e-17  4.67524359e-03]
 [ 0.00000000e+00  1.52655666e-17  2.56676045e-03]
 [ 5.00000000e+00 -2.70616862e-17  2.66230735e-03]
 [ 2.00000000e+00 -2.24126273e-16  1.11979293e-03]
 [ 6.00000000e+00  4.02455846e-17  9.14573924e-04]
 [ 1.00000000e+00  4.71844785e-17  6.44087881e-04]]
['s7'] [[ 0.00000000e+00  1.52655666e-17  1.76820032e-01]
 [ 2.00000000e+00 -2.24126273e-16  1.57643778e-01]
 [ 7.00000000e+00  9.85322934e-17  1.00575241e-01]
 [ 7.00000000e+00  9.85322934e-17  0.00000000e+00]
 [ 7.00000000e+00  9.85322934e-17  0.00000000e+00]
 [ 7.00000000e+00  9.85322934e-17  0.00000000e+00]
 [ 7.00000000e+00  9.85322934e-17  0.00000000e+00]
 [ 7.00000000e+00  9.85322934e-17  0.00000000e+00]
 [ 7.00000000e+00  9.85322934e-17  0.00000000e+00]
 [ 7.00000000e+00  9.85322934e-17  0.00000000e+00]
 [ 7.00000000e+00  9.85322934e-17  0.00000000e+00]
 [ 7.00000000e+00  9.85322934e-17  0.00000000e+00]
 [ 7.00000000e+00  9.85322934e-17  0.00000000e+00]
 [ 7.00000000e+00  9.85322934e-17  0.00000000e+00]
 [ 7.00000000e+00  9.85322934e-17  0.00000000e+00]]
['s8'] [[ 2.00000000e+00 -2.24126273e-16  1.89744811e-01]
 [ 5.00000000e+00 -2.70616862e-17  8.84893477e-02]
 [ 6.00000000e+00  4.02455846e-17  6.26744412e-02]
 [ 2.00000000e+00 -2.24126273e-16  4.05889577e-02]
 [ 0.00000000e+00  1.52655666e-17  2.01778970e-02]
 [ 6.00000000e+00  4.02455846e-17  1.62717158e-02]
 [ 2.00000000e+00 -2.24126273e-16  4.95795498e-03]
 [ 6.00000000e+00  4.02455846e-17  1.78110788e-03]
 [ 0.00000000e+00  1.52655666e-17  1.32179337e-03]
 [ 2.00000000e+00 -2.24126273e-16  5.82337445e-04]
 [ 6.00000000e+00  4.02455846e-17  3.21984302e-04]
 [ 2.00000000e+00 -2.24126273e-16  1.15692616e-04]
 [ 6.00000000e+00  4.02455846e-17  4.14848328e-05]
 [ 2.00000000e+00 -2.24126273e-16  1.49011612e-05]
 [ 6.00000000e+00  4.02455846e-17  5.36441803e-06]]
['s9'] [[ 2.00000000e+00 -2.24126273e-16  1.89744811e-01]
 [ 7.00000000e+00  9.85322934e-17  3.96969091e-02]
 [ 1.00000000e+00  4.71844785e-17  5.24692582e-03]
 [ 1.00000000e+00  4.71844785e-17  0.00000000e+00]
 [ 1.00000000e+00  4.71844785e-17  0.00000000e+00]
 [ 1.00000000e+00  4.71844785e-17  0.00000000e+00]
 [ 1.00000000e+00  4.71844785e-17  0.00000000e+00]
 [ 1.00000000e+00  4.71844785e-17  0.00000000e+00]
 [ 1.00000000e+00  4.71844785e-17  0.00000000e+00]
 [ 1.00000000e+00  4.71844785e-17  0.00000000e+00]
 [ 1.00000000e+00  4.71844785e-17  0.00000000e+00]
 [ 1.00000000e+00  4.71844785e-17  0.00000000e+00]
 [ 1.00000000e+00  4.71844785e-17  0.00000000e+00]
 [ 1.00000000e+00  4.71844785e-17  0.00000000e+00]
 [ 1.00000000e+00  4.71844785e-17  0.00000000e+00]]
