['s1'] [[2.40000000e+02 6.95039923e-01 3.37227444e-01]
 [1.67400000e+03 5.72794527e-01 3.06220711e-01]
 [1.10800000e+03 6.45020894e-01 3.15725199e-01]
 [1.59700000e+03 4.70137498e-01 2.96480700e-01]
 [1.46700000e+03 6.09080808e-01 2.80459141e-01]
 [1.59400000e+03 3.52520592e-01 3.11215152e-01]
 [2.40000000e+01 7.06512270e-01 3.71108628e-01]
 [4.23000000e+02 6.50633124e-01 3.05820558e-01]
 [6.75000000e+02 5.32184357e-01 2.08549329e-01]
 [9.96000000e+02 5.27445426e-01 2.05647114e-01]
 [1.45200000e+03 4.89769935e-01 2.58712459e-01]
 [2.48000000e+02 4.27422002e-01 2.55041231e-01]
 [7.62000000e+02 3.29312348e-01 2.18733967e-01]
 [1.46700000e+03 6.09080808e-01 2.38526958e-01]
 [1.23500000e+03 5.93532768e-01 2.30839760e-01]]
['s10'] [[4.23000000e+02 6.50633124e-01 3.65443781e-01]
 [8.99000000e+02 5.40209028e-01 3.77344259e-01]
 [9.07000000e+02 5.35668356e-01 3.01934297e-01]
 [1.46700000e+03 6.09080808e-01 3.19564696e-01]
 [9.51000000e+02 5.44056261e-01 2.82934699e-01]
 [2.40000000e+01 7.06512270e-01 2.97013581e-01]
 [1.60900000e+03 5.03275234e-01 3.62847103e-01]
 [1.33200000e+03 5.20489182e-01 2.84494323e-01]
 [7.90000000e+01 5.16562880e-01 2.41121214e-01]
 [2.48000000e+02 4.27422002e-01 2.24791454e-01]
 [2.40000000e+02 6.95039923e-01 2.03719131e-01]
 [1.57100000e+03 3.47893844e-01 2.22268981e-01]
 [1.59400000e+03 3.52520592e-01 2.04574820e-01]
 [1.46700000e+03 6.09080808e-01 2.07537663e-01]
 [9.32000000e+02 5.13053475e-01 2.06655947e-01]]
['s11'] [[6.68000000e+02 4.80726931e-01 2.68791460e-01]
 [2.40000000e+01 7.06512270e-01 2.62271405e-01]
 [9.50000000e+01 7.16266635e-01 2.58200379e-01]
 [1.60900000e+03 5.03275234e-01 2.79771746e-01]
 [1.64600000e+03 5.97188374e-01 2.29470827e-01]
 [9.96000000e+02 5.27445426e-01 2.40344574e-01]
 [9.63000000e+02 5.84140800e-01 2.34069224e-01]
 [1.60000000e+01 3.68080885e-01 2.40288908e-01]
 [9.07000000e+02 5.35668356e-01 2.54339898e-01]
 [1.59400000e+03 3.52520592e-01 2.47658577e-01]
 [8.39000000e+02 5.13844262e-01 2.69914307e-01]
 [1.46700000e+03 6.09080808e-01 2.60424070e-01]
 [2.40000000e+02 6.95039923e-01 2.66652740e-01]
 [2.48000000e+02 4.27422002e-01 2.37183053e-01]
 [3.39000000e+02 4.98077867e-01 2.14941791e-01]]
['s12'] [[2.40000000e+02 6.95039923e-01 4.23648902e-01]
 [1.67400000e+03 5.72794527e-01 2.74553896e-01]
 [2.40000000e+01 7.06512270e-01 2.43629843e-01]
 [1.59700000e+03 4.70137498e-01 3.10859820e-01]
 [1.22800000e+03 4.90187105e-01 2.62941287e-01]
 [9.63000000e+02 5.84140800e-01 2.19958271e-01]
 [1.57100000e+03 3.47893844e-01 2.16484788e-01]
 [1.01100000e+03 5.88133181e-01 2.14219859e-01]
 [2.40000000e+01 7.06512270e-01 2.46825626e-01]
 [1.59400000e+03 3.52520592e-01 2.42668340e-01]
 [1.46700000e+03 6.09080808e-01 2.88069747e-01]
 [7.72000000e+02 4.79756875e-01 2.16818938e-01]
 [1.45200000e+03 4.89769935e-01 2.22977702e-01]
 [9.96000000e+02 5.27445426e-01 2.54328396e-01]
 [9.32000000e+02 5.13053475e-01 2.31992064e-01]]
['s13'] [[4.23000000e+02 6.50633124e-01 2.82264940e-01]
 [1.67400000e+03 5.72794527e-01 2.48393214e-01]
 [1.59400000e+03 3.52520592e-01 2.72947496e-01]
 [2.40000000e+02 6.95039923e-01 2.81708232e-01]
 [1.28000000e+02 6.10806117e-01 2.28539655e-01]
 [1.60900000e+03 5.03275234e-01 2.57614471e-01]
 [1.46700000e+03 6.09080808e-01 2.63547558e-01]
 [1.22800000e+03 4.90187105e-01 2.14301393e-01]
 [1.35500000e+03 6.30169065e-01 2.19029622e-01]
 [1.24300000e+03 5.58416165e-01 2.10555053e-01]
 [7.71000000e+02 1.93036405e-01 2.02441551e-01]
 [1.10800000e+03 6.45020894e-01 1.97308024e-01]
 [1.13100000e+03 5.72246123e-01 1.70871200e-01]
 [1.64200000e+03 4.75171960e-01 2.03891935e-01]
 [1.11600000e+03 4.39195500e-01 1.83169191e-01]]
['s14'] [[9.50000000e+01 7.16266635e-01 2.55412812e-01]
 [7.08000000e+02 4.51962022e-01 2.51860402e-01]
 [1.13100000e+03 5.72246123e-01 2.71594728e-01]
 [1.10800000e+03 6.45020894e-01 2.51325897e-01]
 [2.40000000e+01 7.06512270e-01 2.11158186e-01]
 [9.32000000e+02 5.13053475e-01 1.97348233e-01]
 [1.56400000e+03 5.62147907e-01 2.08002160e-01]
 [8.39000000e+02 5.13844262e-01 2.01904547e-01]
 [1.22800000e+03 4.90187105e-01 2.14917080e-01]
 [1.59400000e+03 3.52520592e-01 1.67354603e-01]
 [1.46700000e+03 6.09080808e-01 2.06013395e-01]
 [1.34000000e+03 5.00007507e-01 1.89411239e-01]
 [2.48000000e+02 4.27422002e-01 1.82336983e-01]
 [5.04000000e+02 5.00763677e-01 1.79901315e-01]
 [9.96000000e+02 5.27445426e-01 2.24368300e-01]]
['s15'] [[9.50000000e+01 7.16266635e-01 4.53778468e-01]
 [2.40000000e+02 6.95039923e-01 3.99899218e-01]
 [1.59400000e+03 3.52520592e-01 3.20377072e-01]
 [1.67400000e+03 5.72794527e-01 3.44199074e-01]
 [1.10800000e+03 6.45020894e-01 3.49468526e-01]
 [9.96000000e+02 5.27445426e-01 2.66166059e-01]
 [1.24300000e+03 5.58416165e-01 2.26769547e-01]
 [4.51000000e+02 4.90294906e-01 2.27213166e-01]
 [1.20000000e+02 3.06288816e-01 2.44037796e-01]
 [1.64600000e+03 5.97188374e-01 2.08876084e-01]
 [7.87000000e+02 5.31517844e-01 2.07445533e-01]
 [7.90000000e+01 5.16562880e-01 2.30928551e-01]
 [2.40000000e+02 6.95039923e-01 2.02331919e-01]
 [6.23000000e+02 5.21045437e-01 2.28298622e-01]
 [1.46700000e+03 6.09080808e-01 2.08798032e-01]]
['s16'] [[9.50000000e+01 7.16266635e-01 3.94228680e-01]
 [1.64600000e+03 5.97188374e-01 2.40919057e-01]
 [9.63000000e+02 5.84140800e-01 2.55188775e-01]
 [2.40000000e+01 7.06512270e-01 2.28884051e-01]
 [1.56400000e+03 5.62147907e-01 2.46871970e-01]
 [8.99000000e+02 5.40209028e-01 2.69318510e-01]
 [1.46700000e+03 6.09080808e-01 2.39064366e-01]
 [1.59400000e+03 3.52520592e-01 2.59572762e-01]
 [1.59300000e+03 5.40241201e-01 3.01335293e-01]
 [4.23000000e+02 6.50633124e-01 2.49651456e-01]
 [1.67400000e+03 5.72794527e-01 2.32563002e-01]
 [1.59400000e+03 3.52520592e-01 2.49835570e-01]
 [1.13100000e+03 5.72246123e-01 2.26507507e-01]
 [1.10800000e+03 6.45020894e-01 2.16871835e-01]
 [1.57100000e+03 3.47893844e-01 1.96259024e-01]]
['s17'] [[2.40000000e+02 6.95039923e-01 4.23648902e-01]
 [4.23000000e+02 6.50633124e-01 4.29330816e-01]
 [9.63000000e+02 5.84140800e-01 3.03106054e-01]
 [1.45900000e+03 5.60181398e-01 3.20458833e-01]
 [1.01100000e+03 5.88133181e-01 3.46187380e-01]
 [1.46700000e+03 6.09080808e-01 3.53103801e-01]
 [1.45200000e+03 4.89769935e-01 3.78332961e-01]
 [1.10800000e+03 6.45020894e-01 2.83668202e-01]
 [1.23500000e+03 5.93532768e-01 3.47119363e-01]
 [8.39000000e+02 5.13844262e-01 2.93920054e-01]
 [9.63000000e+02 5.84140800e-01 2.44072444e-01]
 [1.34000000e+03 5.00007507e-01 2.87757842e-01]
 [2.40000000e+01 7.06512270e-01 2.84758329e-01]
 [1.34700000e+03 5.18071457e-01 2.87085448e-01]
 [1.56400000e+03 5.62147907e-01 2.79987089e-01]]
['s18'] [[1.10800000e+03 6.45020894e-01 2.68791588e-01]
 [8.99000000e+02 5.40209028e-01 2.56352847e-01]
 [2.40000000e+01 7.06512270e-01 2.45271752e-01]
 [4.51000000e+02 4.90294906e-01 2.54711158e-01]
 [1.57100000e+03 3.47893844e-01 2.51827464e-01]
 [1.01100000e+03 5.88133181e-01 2.30531877e-01]
 [9.50000000e+01 7.16266635e-01 2.21328137e-01]
 [1.59400000e+03 3.52520592e-01 2.62982708e-01]
 [6.75000000e+02 5.32184357e-01 2.36528174e-01]
 [1.13100000e+03 5.72246123e-01 2.29845893e-01]
 [2.48000000e+02 4.27422002e-01 2.39096472e-01]
 [1.46700000e+03 6.09080808e-01 2.15722370e-01]
 [1.34000000e+03 5.00007507e-01 2.02797114e-01]
 [2.40000000e+01 7.06512270e-01 2.19253044e-01]
 [4.23000000e+02 6.50633124e-01 2.21570430e-01]]
['s19'] [[8.99000000e+02 5.40209028e-01 2.55412812e-01]
 [9.07000000e+02 5.35668356e-01 2.58971542e-01]
 [1.55600000e+03 4.95725055e-01 2.35449474e-01]
 [1.59400000e+03 3.52520592e-01 2.33255120e-01]
 [1.46700000e+03 6.09080808e-01 3.20919278e-01]
 [4.23000000e+02 6.50633124e-01 2.65525479e-01]
 [2.40000000e+02 6.95039923e-01 2.52556620e-01]
 [7.56000000e+02 2.66274834e-01 2.04845304e-01]
 [9.63000000e+02 5.84140800e-01 2.14847068e-01]
 [1.64600000e+03 5.97188374e-01 1.97055940e-01]
 [2.48000000e+02 4.27422002e-01 1.83235995e-01]
 [1.13100000e+03 5.72246123e-01 2.20244637e-01]
 [9.07000000e+02 5.35668356e-01 2.26731036e-01]
 [1.45900000e+03 5.60181398e-01 2.00000349e-01]
 [1.46700000e+03 6.09080808e-01 1.93059398e-01]]
['s2'] [[9.07000000e+02 5.35668356e-01 2.82264876e-01]
 [9.50000000e+01 7.16266635e-01 2.80272792e-01]
 [1.59400000e+03 3.52520592e-01 2.79465840e-01]
 [1.45200000e+03 4.89769935e-01 2.74221373e-01]
 [9.63000000e+02 5.84140800e-01 2.68114806e-01]
 [2.40000000e+01 7.06512270e-01 2.67383505e-01]
 [1.46700000e+03 6.09080808e-01 2.49116959e-01]
 [1.01100000e+03 5.88133181e-01 2.63615614e-01]
 [3.39000000e+02 4.98077867e-01 2.33797319e-01]
 [2.48000000e+02 4.27422002e-01 2.21735770e-01]
 [2.40000000e+02 6.95039923e-01 2.00882872e-01]
 [9.96000000e+02 5.27445426e-01 1.98067213e-01]
 [6.75000000e+02 5.32184357e-01 2.21070290e-01]
 [1.22800000e+03 4.90187105e-01 1.80075581e-01]
 [5.88000000e+02 3.52914024e-01 1.74628034e-01]]
['s20'] [[2.40000000e+02 6.95039923e-01 3.37227510e-01]
 [8.39000000e+02 5.13844262e-01 2.67187899e-01]
 [1.46700000e+03 6.09080808e-01 2.67354464e-01]
 [1.10800000e+03 6.45020894e-01 2.64380611e-01]
 [1.11600000e+03 4.39195500e-01 3.15560184e-01]
 [1.22800000e+03 4.90187105e-01 2.65841076e-01]
 [1.45900000e+03 5.60181398e-01 2.83379321e-01]
 [8.99000000e+02 5.40209028e-01 2.29188314e-01]
 [9.07000000e+02 5.35668356e-01 2.57789131e-01]
 [1.34000000e+03 5.00007507e-01 2.84811213e-01]
 [1.64200000e+03 4.75171960e-01 2.14145813e-01]
 [1.57100000e+03 3.47893844e-01 2.05239496e-01]
 [2.48000000e+02 4.27422002e-01 2.18389044e-01]
 [2.40000000e+01 7.06512270e-01 2.05551388e-01]
 [9.50000000e+01 7.16266635e-01 2.13132540e-01]]
['s3'] [[1.67400000e+03 5.72794527e-01 3.37227510e-01]
 [2.40000000e+01 7.06512270e-01 3.38341334e-01]
 [1.46700000e+03 6.09080808e-01 3.32887498e-01]
 [8.39000000e+02 5.13844262e-01 2.96999472e-01]
 [9.07000000e+02 5.35668356e-01 2.86358501e-01]
 [9.50000000e+01 7.16266635e-01 3.09014626e-01]
 [1.59400000e+03 3.52520592e-01 2.73947900e-01]
 [9.63000000e+02 5.84140800e-01 2.50104290e-01]
 [2.40000000e+02 6.95039923e-01 2.84102870e-01]
 [1.64600000e+03 5.97188374e-01 2.87021377e-01]
 [1.56400000e+03 5.62147907e-01 2.23530118e-01]
 [1.33200000e+03 5.20489182e-01 2.08300838e-01]
 [1.45200000e+03 4.89769935e-01 1.97371529e-01]
 [9.96000000e+02 5.27445426e-01 2.44282240e-01]
 [1.24300000e+03 5.58416165e-01 1.94818312e-01]]
['s4'] [[9.50000000e+01 7.16266635e-01 2.82264876e-01]
 [1.64600000e+03 5.97188374e-01 2.43368347e-01]
 [9.07000000e+02 5.35668356e-01 2.46591391e-01]
 [2.40000000e+02 6.95039923e-01 2.38360232e-01]
 [1.59400000e+03 3.52520592e-01 2.32057073e-01]
 [1.66200000e+03 6.55955767e-01 3.24166915e-01]
 [9.96000000e+02 5.27445426e-01 2.22211454e-01]
 [1.57100000e+03 3.47893844e-01 2.11595087e-01]
 [1.10800000e+03 6.45020894e-01 2.43001157e-01]
 [1.11600000e+03 4.39195500e-01 2.29101287e-01]
 [8.99000000e+02 5.40209028e-01 2.39833975e-01]
 [1.60900000e+03 5.03275234e-01 2.12755643e-01]
 [1.13100000e+03 5.72246123e-01 2.06096705e-01]
 [2.40000000e+01 7.06512270e-01 1.82312833e-01]
 [1.23000000e+02 4.13995264e-01 2.08298971e-01]]
['s5'] [[2.40000000e+02 6.95039923e-01 3.65443714e-01]
 [1.46700000e+03 6.09080808e-01 4.13851304e-01]
 [1.33200000e+03 5.20489182e-01 2.82646901e-01]
 [1.45900000e+03 5.60181398e-01 2.54362075e-01]
 [2.48000000e+02 4.27422002e-01 2.58714943e-01]
 [4.23000000e+02 6.50633124e-01 2.72318739e-01]
 [9.32000000e+02 5.13053475e-01 2.40615921e-01]
 [4.44000000e+02 3.69603767e-01 2.48112112e-01]
 [1.13100000e+03 5.72246123e-01 2.24067696e-01]
 [1.46700000e+03 6.09080808e-01 2.26400643e-01]
 [2.40000000e+01 7.06512270e-01 2.58603244e-01]
 [1.59400000e+03 3.52520592e-01 2.37060606e-01]
 [9.96000000e+02 5.27445426e-01 2.38097180e-01]
 [1.01100000e+03 5.88133181e-01 2.41028720e-01]
 [1.01900000e+03 5.81477508e-01 2.33846650e-01]]
['s6'] [[9.50000000e+01 7.16266635e-01 4.53778468e-01]
 [2.40000000e+01 7.06512270e-01 4.40195164e-01]
 [9.07000000e+02 5.35668356e-01 3.29496941e-01]
 [1.10800000e+03 6.45020894e-01 2.98604033e-01]
 [1.13100000e+03 5.72246123e-01 2.85785477e-01]
 [1.67400000e+03 5.72794527e-01 2.60405395e-01]
 [4.23000000e+02 6.50633124e-01 2.58538419e-01]
 [1.59400000e+03 3.52520592e-01 2.79493460e-01]
 [1.46700000e+03 6.09080808e-01 2.86537528e-01]
 [1.62600000e+03 5.07804447e-01 2.56596991e-01]
 [1.01900000e+03 5.81477508e-01 2.28063953e-01]
 [1.01100000e+03 5.88133181e-01 2.27892691e-01]
 [1.60000000e+01 3.68080885e-01 2.30413008e-01]
 [2.40000000e+02 6.95039923e-01 2.63307146e-01]
 [9.63000000e+02 5.84140800e-01 2.50993195e-01]]
['s7'] [[1.67400000e+03 5.72794527e-01 3.37227510e-01]
 [6.68000000e+02 4.80726931e-01 2.78469987e-01]
 [7.90000000e+01 5.16562880e-01 3.04412218e-01]
 [8.99000000e+02 5.40209028e-01 2.50075058e-01]
 [2.40000000e+01 7.06512270e-01 2.72339326e-01]
 [9.63000000e+02 5.84140800e-01 2.55149107e-01]
 [9.50000000e+01 7.16266635e-01 2.41092171e-01]
 [5.56000000e+02 4.02787595e-01 2.23549034e-01]
 [3.24000000e+02 3.56222652e-01 2.20590026e-01]
 [1.34000000e+03 5.00007507e-01 2.14291537e-01]
 [1.34700000e+03 5.18071457e-01 2.19499620e-01]
 [1.59300000e+03 5.40241201e-01 1.98684732e-01]
 [2.48000000e+02 4.27422002e-01 2.48567648e-01]
 [4.51000000e+02 4.90294906e-01 2.36909370e-01]
 [6.75000000e+02 5.32184357e-01 2.20636190e-01]]
['s8'] [[9.50000000e+01 7.16266635e-01 3.94228680e-01]
 [2.48000000e+02 4.27422002e-01 3.15524488e-01]
 [2.40000000e+02 6.95039923e-01 3.22056448e-01]
 [1.10000000e+01 5.69577909e-01 2.99716138e-01]
 [1.67400000e+03 5.72794527e-01 2.77003384e-01]
 [8.99000000e+02 5.40209028e-01 2.91603285e-01]
 [1.10800000e+03 6.45020894e-01 2.62101961e-01]
 [6.68000000e+02 4.80726931e-01 2.55797116e-01]
 [1.11600000e+03 4.39195500e-01 2.58090174e-01]
 [1.60900000e+03 5.03275234e-01 2.24404452e-01]
 [7.71000000e+02 1.93036405e-01 2.64465048e-01]
 [1.45200000e+03 4.89769935e-01 2.02377360e-01]
 [9.07000000e+02 5.35668356e-01 2.22021544e-01]
 [9.96000000e+02 5.27445426e-01 2.20681416e-01]
 [1.59400000e+03 3.52520592e-01 2.07153615e-01]]
['s9'] [[2.40000000e+02 6.95039923e-01 3.65443714e-01]
 [1.46700000e+03 6.09080808e-01 2.85272444e-01]
 [4.23000000e+02 6.50633124e-01 3.19510658e-01]
 [9.07000000e+02 5.35668356e-01 3.14093204e-01]
 [3.24000000e+02 3.56222652e-01 3.33847636e-01]
 [2.40000000e+01 7.06512270e-01 2.95458173e-01]
 [1.67400000e+03 5.72794527e-01 3.14567816e-01]
 [1.59400000e+03 3.52520592e-01 2.79440731e-01]
 [1.64200000e+03 4.75171960e-01 2.56026627e-01]
 [1.55600000e+03 4.95725055e-01 2.28479896e-01]
 [2.48000000e+02 4.27422002e-01 2.56233713e-01]
 [1.13100000e+03 5.72246123e-01 2.74734917e-01]
 [9.96000000e+02 5.27445426e-01 2.74570976e-01]
 [1.64600000e+03 5.97188374e-01 2.63721469e-01]
 [1.01100000e+03 5.88133181e-01 2.57430344e-01]]
