['Gerhard Schroeder'] [[4.00000000e+00 1.28997342e-16 0.00000000e+00 3.25293762e-01]
 [4.00000000e+00 1.28997342e-16 0.00000000e+00 6.50587528e-01]
 [4.00000000e+00 1.28997342e-16 0.00000000e+00 1.30117511e+00]
 [4.00000000e+00 1.28997342e-16 0.00000000e+00 2.60235015e+00]
 [4.00000000e+00 1.28997342e-16 0.00000000e+00 5.20470035e+00]
 [4.00000000e+00 1.28997342e-16 0.00000000e+00 1.04094007e+01]
 [4.00000000e+00 1.28997342e-16 0.00000000e+00 2.08188014e+01]
 [4.00000000e+00 1.28997342e-16 0.00000000e+00 4.16376027e+01]
 [4.00000000e+00 1.28997342e-16 0.00000000e+00 0.00000000e+00]
 [4.00000000e+00 1.28997342e-16 0.00000000e+00 0.00000000e+00]]
['Jacques Chirac'] [[6.00000000e+00 1.17366434e-16 0.00000000e+00 3.90079253e-01]
 [6.00000000e+00 1.17366434e-16 0.00000000e+00 7.80158496e-01]
 [6.00000000e+00 1.17366434e-16 0.00000000e+00 1.56031706e+00]
 [6.00000000e+00 1.17366434e-16 0.00000000e+00 3.12063411e+00]
 [6.00000000e+00 1.17366434e-16 0.00000000e+00 6.24126820e+00]
 [6.00000000e+00 1.17366434e-16 0.00000000e+00 1.24825364e+01]
 [6.00000000e+00 1.17366434e-16 0.00000000e+00 2.49650727e+01]
 [6.00000000e+00 1.17366434e-16 0.00000000e+00 4.98912112e+01]
 [6.00000000e+00 1.17366434e-16 0.00000000e+00 0.00000000e+00]
 [6.00000000e+00 1.17366434e-16 0.00000000e+00 0.00000000e+00]]
['Jean Chretien'] [[2.00000000e+00 2.03012210e-16 0.00000000e+00 3.90079253e-01]
 [2.00000000e+00 2.03012210e-16 0.00000000e+00 7.80158496e-01]
 [2.00000000e+00 2.03012210e-16 0.00000000e+00 1.56031706e+00]
 [2.00000000e+00 2.03012210e-16 0.00000000e+00 3.12063411e+00]
 [2.00000000e+00 2.03012210e-16 0.00000000e+00 6.24126820e+00]
 [2.00000000e+00 2.03012210e-16 0.00000000e+00 1.24825364e+01]
 [2.00000000e+00 2.03012210e-16 0.00000000e+00 2.49650728e+01]
 [2.00000000e+00 2.03012210e-16 0.00000000e+00 4.98912112e+01]
 [2.00000000e+00 2.03012210e-16 0.00000000e+00 0.00000000e+00]
 [2.00000000e+00 2.03012210e-16 0.00000000e+00 0.00000000e+00]]
['Junichiro Koizumi'] [[3.00000000e+00 1.24767921e-16 0.00000000e+00 3.68159584e-01]
 [3.00000000e+00 1.24767921e-16 0.00000000e+00 7.36319270e-01]
 [3.00000000e+00 1.24767921e-16 0.00000000e+00 1.47263856e+00]
 [3.00000000e+00 1.24767921e-16 0.00000000e+00 2.94527706e+00]
 [3.00000000e+00 1.24767921e-16 0.00000000e+00 5.89055416e+00]
 [3.00000000e+00 1.24767921e-16 0.00000000e+00 1.17811083e+01]
 [3.00000000e+00 1.24767921e-16 0.00000000e+00 2.35622166e+01]
 [3.00000000e+00 1.24767921e-16 0.00000000e+00 4.71236189e+01]
 [3.00000000e+00 1.24767921e-16 0.00000000e+00 0.00000000e+00]
 [3.00000000e+00 1.24767921e-16 0.00000000e+00 0.00000000e+00]]
['Serena Williams'] [[0.00000000e+00 3.38353684e-17 0.00000000e+00 4.81718722e-01]
 [0.00000000e+00 3.38353684e-17 0.00000000e+00 9.63437489e-01]
 [0.00000000e+00 3.38353684e-17 0.00000000e+00 1.92687495e+00]
 [0.00000000e+00 3.38353684e-17 0.00000000e+00 3.85374993e+00]
 [0.00000000e+00 3.38353684e-17 0.00000000e+00 7.70749982e+00]
 [0.00000000e+00 3.38353684e-17 0.00000000e+00 1.54149997e+01]
 [0.00000000e+00 3.38353684e-17 0.00000000e+00 3.08299993e+01]
 [0.00000000e+00 3.38353684e-17 0.00000000e+00 0.00000000e+00]
 [0.00000000e+00 3.38353684e-17 0.00000000e+00 0.00000000e+00]
 [0.00000000e+00 3.38353684e-17 0.00000000e+00 0.00000000e+00]]
