['S1'] [[1.85000000e+02 2.79903726e-02 0.00000000e+00 7.77580545e-01]
 [1.85000000e+02 2.79903726e-02 0.00000000e+00 1.55516103e+00]
 [1.85000000e+02 2.79903726e-02 0.00000000e+00 3.11032204e+00]
 [1.85000000e+02 2.79903726e-02 0.00000000e+00 6.22064413e+00]
 [1.85000000e+02 2.79903726e-02 0.00000000e+00 1.24412883e+01]
 [1.85000000e+02 2.79903726e-02 0.00000000e+00 2.48825766e+01]
 [1.85000000e+02 2.79903726e-02 0.00000000e+00 4.96543190e+01]
 [1.85000000e+02 2.79903726e-02 0.00000000e+00 0.00000000e+00]
 [1.85000000e+02 2.79903726e-02 0.00000000e+00 0.00000000e+00]
 [1.85000000e+02 2.79903726e-02 0.00000000e+00 0.00000000e+00]]
['S10'] [[6.20000000e+01 2.00397728e-02 0.00000000e+00 6.80901680e-01]
 [6.20000000e+01 2.00397728e-02 0.00000000e+00 1.36180330e+00]
 [6.20000000e+01 2.00397728e-02 0.00000000e+00 2.72360667e+00]
 [6.20000000e+01 2.00397728e-02 0.00000000e+00 5.44721331e+00]
 [6.20000000e+01 2.00397728e-02 0.00000000e+00 1.08944266e+01]
 [6.20000000e+01 2.00397728e-02 0.00000000e+00 2.17888533e+01]
 [6.20000000e+01 2.00397728e-02 0.00000000e+00 4.35777068e+01]
 [6.20000000e+01 2.00397728e-02 0.00000000e+00 0.00000000e+00]
 [6.20000000e+01 2.00397728e-02 0.00000000e+00 0.00000000e+00]
 [6.20000000e+01 2.00397728e-02 0.00000000e+00 0.00000000e+00]]
['S11'] [[1.73000000e+02 3.17306333e-02 0.00000000e+00 8.12655637e-01]
 [1.73000000e+02 3.17306333e-02 0.00000000e+00 1.62531126e+00]
 [1.73000000e+02 3.17306333e-02 0.00000000e+00 3.25062254e+00]
 [1.73000000e+02 3.17306333e-02 0.00000000e+00 6.50124506e+00]
 [1.73000000e+02 3.17306333e-02 0.00000000e+00 1.30024901e+01]
 [1.73000000e+02 3.17306333e-02 0.00000000e+00 2.60049802e+01]
 [1.73000000e+02 3.17306333e-02 0.00000000e+00 0.00000000e+00]
 [1.73000000e+02 3.17306333e-02 0.00000000e+00 0.00000000e+00]
 [1.73000000e+02 3.17306333e-02 0.00000000e+00 0.00000000e+00]
 [1.73000000e+02 3.17306333e-02 0.00000000e+00 0.00000000e+00]]
['S12'] [[2.18000000e+02 3.74880445e-02 0.00000000e+00 6.03412934e-01]
 [2.18000000e+02 3.74880445e-02 0.00000000e+00 1.20682590e+00]
 [2.18000000e+02 3.74880445e-02 0.00000000e+00 2.41365178e+00]
 [2.18000000e+02 3.74880445e-02 0.00000000e+00 4.82730356e+00]
 [2.18000000e+02 3.74880445e-02 0.00000000e+00 9.65460714e+00]
 [2.18000000e+02 3.74880445e-02 0.00000000e+00 1.93092142e+01]
 [2.18000000e+02 3.74880445e-02 0.00000000e+00 3.86184284e+01]
 [2.18000000e+02 3.74880445e-02 0.00000000e+00 0.00000000e+00]
 [2.18000000e+02 3.74880445e-02 0.00000000e+00 0.00000000e+00]
 [2.18000000e+02 3.74880445e-02 0.00000000e+00 0.00000000e+00]]
['S13'] [[4.03800000e+03 2.19886058e-02 0.00000000e+00 6.70831061e-01]
 [4.03800000e+03 2.19886058e-02 0.00000000e+00 1.34166220e+00]
 [4.03800000e+03 2.19886058e-02 0.00000000e+00 2.68332433e+00]
 [4.03800000e+03 2.19886058e-02 0.00000000e+00 5.36664868e+00]
 [4.03800000e+03 2.19886058e-02 0.00000000e+00 1.07332974e+01]
 [4.03800000e+03 2.19886058e-02 0.00000000e+00 2.14665947e+01]
 [4.03800000e+03 2.19886058e-02 0.00000000e+00 4.29331891e+01]
 [4.03800000e+03 2.19886058e-02 0.00000000e+00 0.00000000e+00]
 [4.03800000e+03 2.19886058e-02 0.00000000e+00 0.00000000e+00]
 [4.03800000e+03 2.19886058e-02 0.00000000e+00 0.00000000e+00]]
['S14'] [[3.86900000e+03 1.09287546e-02 0.00000000e+00 7.01411856e-01]
 [3.86900000e+03 1.09287546e-02 0.00000000e+00 1.40282370e+00]
 [3.86900000e+03 1.09287546e-02 0.00000000e+00 2.80564738e+00]
 [3.86900000e+03 1.09287546e-02 0.00000000e+00 5.61129477e+00]
 [3.86900000e+03 1.09287546e-02 0.00000000e+00 1.12225896e+01]
 [3.86900000e+03 1.09287546e-02 0.00000000e+00 2.24451791e+01]
 [3.86900000e+03 1.09287546e-02 0.00000000e+00 4.48903681e+01]
 [3.86900000e+03 1.09287546e-02 0.00000000e+00 0.00000000e+00]
 [3.86900000e+03 1.09287546e-02 0.00000000e+00 0.00000000e+00]
 [3.86900000e+03 1.09287546e-02 0.00000000e+00 0.00000000e+00]]
['S15'] [[4.60000000e+01 2.46882637e-02 0.00000000e+00 7.44038536e-01]
 [4.60000000e+01 2.46882637e-02 0.00000000e+00 1.48807707e+00]
 [4.60000000e+01 2.46882637e-02 0.00000000e+00 2.97615416e+00]
 [4.60000000e+01 2.46882637e-02 0.00000000e+00 5.95230831e+00]
 [4.60000000e+01 2.46882637e-02 0.00000000e+00 1.19046166e+01]
 [4.60000000e+01 2.46882637e-02 0.00000000e+00 2.38092332e+01]
 [4.60000000e+01 2.46882637e-02 0.00000000e+00 4.76141133e+01]
 [4.60000000e+01 2.46882637e-02 0.00000000e+00 0.00000000e+00]
 [4.60000000e+01 2.46882637e-02 0.00000000e+00 0.00000000e+00]
 [4.60000000e+01 2.46882637e-02 0.00000000e+00 0.00000000e+00]]
['S16'] [[3.86900000e+03 1.09287546e-02 0.00000000e+00 6.22162018e-01]
 [3.86900000e+03 1.09287546e-02 0.00000000e+00 1.24432405e+00]
 [3.86900000e+03 1.09287546e-02 0.00000000e+00 2.48864810e+00]
 [3.86900000e+03 1.09287546e-02 0.00000000e+00 4.97729623e+00]
 [3.86900000e+03 1.09287546e-02 0.00000000e+00 9.95459245e+00]
 [3.86900000e+03 1.09287546e-02 0.00000000e+00 1.99091849e+01]
 [3.86900000e+03 1.09287546e-02 0.00000000e+00 3.98183698e+01]
 [3.86900000e+03 1.09287546e-02 0.00000000e+00 0.00000000e+00]
 [3.86900000e+03 1.09287546e-02 0.00000000e+00 0.00000000e+00]
 [3.86900000e+03 1.09287546e-02 0.00000000e+00 0.00000000e+00]]
['S17'] [[3.62900000e+03 1.57853109e-02 0.00000000e+00 7.22444207e-01]
 [3.62900000e+03 1.57853109e-02 0.00000000e+00 1.44488845e+00]
 [3.62900000e+03 1.57853109e-02 0.00000000e+00 2.88977691e+00]
 [3.62900000e+03 1.57853109e-02 0.00000000e+00 5.77955384e+00]
 [3.62900000e+03 1.57853109e-02 0.00000000e+00 1.15591076e+01]
 [3.62900000e+03 1.57853109e-02 0.00000000e+00 2.31182153e+01]
 [3.62900000e+03 1.57853109e-02 0.00000000e+00 4.62366253e+01]
 [3.62900000e+03 1.57853109e-02 0.00000000e+00 0.00000000e+00]
 [3.62900000e+03 1.57853109e-02 0.00000000e+00 0.00000000e+00]
 [3.62900000e+03 1.57853109e-02 0.00000000e+00 0.00000000e+00]]
['S18'] [[3.62100000e+03 1.80122908e-02 0.00000000e+00 6.51038174e-01]
 [3.62100000e+03 1.80122908e-02 0.00000000e+00 1.30207633e+00]
 [3.62100000e+03 1.80122908e-02 0.00000000e+00 2.60415268e+00]
 [3.62100000e+03 1.80122908e-02 0.00000000e+00 5.20830535e+00]
 [3.62100000e+03 1.80122908e-02 0.00000000e+00 1.04166107e+01]
 [3.62100000e+03 1.80122908e-02 0.00000000e+00 2.08332213e+01]
 [3.62100000e+03 1.80122908e-02 0.00000000e+00 4.16664427e+01]
 [3.62100000e+03 1.80122908e-02 0.00000000e+00 0.00000000e+00]
 [3.62100000e+03 1.80122908e-02 0.00000000e+00 0.00000000e+00]
 [3.62100000e+03 1.80122908e-02 0.00000000e+00 0.00000000e+00]]
['S19'] [[1.73000000e+02 3.17306333e-02 0.00000000e+00 7.22444255e-01]
 [1.73000000e+02 3.17306333e-02 0.00000000e+00 1.44488852e+00]
 [1.73000000e+02 3.17306333e-02 0.00000000e+00 2.88977706e+00]
 [1.73000000e+02 3.17306333e-02 0.00000000e+00 5.77955412e+00]
 [1.73000000e+02 3.17306333e-02 0.00000000e+00 1.15591082e+01]
 [1.73000000e+02 3.17306333e-02 0.00000000e+00 2.31182164e+01]
 [1.73000000e+02 3.17306333e-02 0.00000000e+00 4.62366253e+01]
 [1.73000000e+02 3.17306333e-02 0.00000000e+00 0.00000000e+00]
 [1.73000000e+02 3.17306333e-02 0.00000000e+00 0.00000000e+00]
 [1.73000000e+02 3.17306333e-02 0.00000000e+00 0.00000000e+00]]
['S2'] [[1.73000000e+02 3.17306333e-02 0.00000000e+00 6.22162061e-01]
 [1.73000000e+02 3.17306333e-02 0.00000000e+00 1.24432416e+00]
 [1.73000000e+02 3.17306333e-02 0.00000000e+00 2.48864827e+00]
 [1.73000000e+02 3.17306333e-02 0.00000000e+00 4.97729654e+00]
 [1.73000000e+02 3.17306333e-02 0.00000000e+00 9.95459309e+00]
 [1.73000000e+02 3.17306333e-02 0.00000000e+00 1.99091862e+01]
 [1.73000000e+02 3.17306333e-02 0.00000000e+00 3.98183723e+01]
 [1.73000000e+02 3.17306333e-02 0.00000000e+00 0.00000000e+00]
 [1.73000000e+02 3.17306333e-02 0.00000000e+00 0.00000000e+00]
 [1.73000000e+02 3.17306333e-02 0.00000000e+00 0.00000000e+00]]
['S3'] [[2.00400000e+03 9.50315076e-02 0.00000000e+00 6.91093807e-01]
 [2.00400000e+03 9.50315076e-02 0.00000000e+00 1.38218758e+00]
 [2.00400000e+03 9.50315076e-02 0.00000000e+00 2.76437517e+00]
 [2.00400000e+03 9.50315076e-02 0.00000000e+00 5.52875032e+00]
 [2.00400000e+03 9.50315076e-02 0.00000000e+00 1.10575007e+01]
 [2.00400000e+03 9.50315076e-02 0.00000000e+00 2.21150014e+01]
 [2.00400000e+03 9.50315076e-02 0.00000000e+00 4.42300071e+01]
 [2.00400000e+03 9.50315076e-02 0.00000000e+00 0.00000000e+00]
 [2.00400000e+03 9.50315076e-02 0.00000000e+00 0.00000000e+00]
 [2.00400000e+03 9.50315076e-02 0.00000000e+00 0.00000000e+00]]
['S4'] [[6.20000000e+01 2.00397728e-02 0.00000000e+00 7.89092673e-01]
 [6.20000000e+01 2.00397728e-02 0.00000000e+00 1.57818535e+00]
 [6.20000000e+01 2.00397728e-02 0.00000000e+00 3.15637070e+00]
 [6.20000000e+01 2.00397728e-02 0.00000000e+00 6.31274143e+00]
 [6.20000000e+01 2.00397728e-02 0.00000000e+00 1.26254828e+01]
 [6.20000000e+01 2.00397728e-02 0.00000000e+00 2.52509657e+01]
 [6.20000000e+01 2.00397728e-02 0.00000000e+00 0.00000000e+00]
 [6.20000000e+01 2.00397728e-02 0.00000000e+00 0.00000000e+00]
 [6.20000000e+01 2.00397728e-02 0.00000000e+00 0.00000000e+00]
 [6.20000000e+01 2.00397728e-02 0.00000000e+00 0.00000000e+00]]
['S5'] [[4.77000000e+03 1.57378581e-02 0.00000000e+00 6.31683779e-01]
 [4.77000000e+03 1.57378581e-02 0.00000000e+00 1.26336754e+00]
 [4.77000000e+03 1.57378581e-02 0.00000000e+00 2.52673508e+00]
 [4.77000000e+03 1.57378581e-02 0.00000000e+00 5.05347016e+00]
 [4.77000000e+03 1.57378581e-02 0.00000000e+00 1.01069403e+01]
 [4.77000000e+03 1.57378581e-02 0.00000000e+00 2.02138806e+01]
 [4.77000000e+03 1.57378581e-02 0.00000000e+00 4.04277613e+01]
 [4.77000000e+03 1.57378581e-02 0.00000000e+00 0.00000000e+00]
 [4.77000000e+03 1.57378581e-02 0.00000000e+00 0.00000000e+00]
 [4.77000000e+03 1.57378581e-02 0.00000000e+00 0.00000000e+00]]
['S6'] [[3.62900000e+03 1.57853109e-02 0.00000000e+00 6.03412892e-01]
 [3.62900000e+03 1.57853109e-02 0.00000000e+00 1.20682580e+00]
 [3.62900000e+03 1.57853109e-02 0.00000000e+00 2.41365166e+00]
 [3.62900000e+03 1.57853109e-02 0.00000000e+00 4.82730328e+00]
 [3.62900000e+03 1.57853109e-02 0.00000000e+00 9.65460660e+00]
 [3.62900000e+03 1.57853109e-02 0.00000000e+00 1.93092132e+01]
 [3.62900000e+03 1.57853109e-02 0.00000000e+00 3.86184263e+01]
 [3.62900000e+03 1.57853109e-02 0.00000000e+00 0.00000000e+00]
 [3.62900000e+03 1.57853109e-02 0.00000000e+00 0.00000000e+00]
 [3.62900000e+03 1.57853109e-02 0.00000000e+00 0.00000000e+00]]
['S7'] [[3.86900000e+03 1.09287546e-02 0.00000000e+00 6.22162018e-01]
 [3.86900000e+03 1.09287546e-02 0.00000000e+00 1.24432405e+00]
 [3.86900000e+03 1.09287546e-02 0.00000000e+00 2.48864810e+00]
 [3.86900000e+03 1.09287546e-02 0.00000000e+00 4.97729623e+00]
 [3.86900000e+03 1.09287546e-02 0.00000000e+00 9.95459245e+00]
 [3.86900000e+03 1.09287546e-02 0.00000000e+00 1.99091849e+01]
 [3.86900000e+03 1.09287546e-02 0.00000000e+00 3.98183698e+01]
 [3.86900000e+03 1.09287546e-02 0.00000000e+00 0.00000000e+00]
 [3.86900000e+03 1.09287546e-02 0.00000000e+00 0.00000000e+00]
 [3.86900000e+03 1.09287546e-02 0.00000000e+00 0.00000000e+00]]
['S8'] [[7.66000000e+02 3.41434321e-02 0.00000000e+00 7.55059871e-01]
 [7.66000000e+02 3.41434321e-02 0.00000000e+00 1.51011972e+00]
 [7.66000000e+02 3.41434321e-02 0.00000000e+00 3.02023946e+00]
 [7.66000000e+02 3.41434321e-02 0.00000000e+00 6.04047887e+00]
 [7.66000000e+02 3.41434321e-02 0.00000000e+00 1.20809578e+01]
 [7.66000000e+02 3.41434321e-02 0.00000000e+00 2.41619155e+01]
 [7.66000000e+02 3.41434321e-02 0.00000000e+00 4.83162697e+01]
 [7.66000000e+02 3.41434321e-02 0.00000000e+00 0.00000000e+00]
 [7.66000000e+02 3.41434321e-02 0.00000000e+00 0.00000000e+00]
 [7.66000000e+02 3.41434321e-02 0.00000000e+00 0.00000000e+00]]
['S9'] [[4.10100000e+03 1.20713321e-02 0.00000000e+00 6.91093760e-01]
 [4.10100000e+03 1.20713321e-02 0.00000000e+00 1.38218758e+00]
 [4.10100000e+03 1.20713321e-02 0.00000000e+00 2.76437506e+00]
 [4.10100000e+03 1.20713321e-02 0.00000000e+00 5.52875021e+00]
 [4.10100000e+03 1.20713321e-02 0.00000000e+00 1.10575004e+01]
 [4.10100000e+03 1.20713321e-02 0.00000000e+00 2.21150008e+01]
 [4.10100000e+03 1.20713321e-02 0.00000000e+00 4.42300071e+01]
 [4.10100000e+03 1.20713321e-02 0.00000000e+00 0.00000000e+00]
 [4.10100000e+03 1.20713321e-02 0.00000000e+00 0.00000000e+00]
 [4.10100000e+03 1.20713321e-02 0.00000000e+00 0.00000000e+00]]
