['S1'] [[ 2.00000000e+00 -2.30809524e-16  0.00000000e+00  1.59226859e-01]
 [ 2.00000000e+00 -2.30809524e-16  0.00000000e+00  3.18453713e-01]
 [ 2.00000000e+00 -2.30809524e-16  0.00000000e+00  6.36907439e-01]
 [ 2.00000000e+00 -2.30809524e-16  0.00000000e+00  1.27381489e+00]
 [ 2.00000000e+00 -2.30809524e-16  0.00000000e+00  2.54762976e+00]
 [ 2.00000000e+00 -2.30809524e-16  0.00000000e+00  5.09525951e+00]
 [ 2.00000000e+00 -2.30809524e-16  0.00000000e+00  1.01905190e+01]
 [ 2.00000000e+00 -2.30809524e-16  0.00000000e+00  2.03810381e+01]
 [ 2.00000000e+00 -2.30809524e-16  0.00000000e+00  4.07620762e+01]
 [ 2.00000000e+00 -2.30809524e-16  0.00000000e+00  0.00000000e+00]]
['S10'] [[ 3.00000000e+00 -6.28152501e-17  0.00000000e+00  1.65981291e-01]
 [ 3.00000000e+00 -6.28152501e-17  0.00000000e+00  3.31962620e-01]
 [ 3.00000000e+00 -6.28152501e-17  0.00000000e+00  6.63925207e-01]
 [ 3.00000000e+00 -6.28152501e-17  0.00000000e+00  1.32785046e+00]
 [ 3.00000000e+00 -6.28152501e-17  0.00000000e+00  2.65570084e+00]
 [ 3.00000000e+00 -6.28152501e-17  0.00000000e+00  5.31140174e+00]
 [ 3.00000000e+00 -6.28152501e-17  0.00000000e+00  1.06228035e+01]
 [ 3.00000000e+00 -6.28152501e-17  0.00000000e+00  2.12456070e+01]
 [ 3.00000000e+00 -6.28152501e-17  0.00000000e+00  4.24912142e+01]
 [ 3.00000000e+00 -6.28152501e-17  0.00000000e+00  0.00000000e+00]]
['S11'] [[ 3.00000000e+00 -6.28152501e-17  0.00000000e+00  2.48407470e-01]
 [ 3.00000000e+00 -6.28152501e-17  0.00000000e+00  4.96814895e-01]
 [ 3.00000000e+00 -6.28152501e-17  0.00000000e+00  9.93629867e-01]
 [ 3.00000000e+00 -6.28152501e-17  0.00000000e+00  1.98725971e+00]
 [ 3.00000000e+00 -6.28152501e-17  0.00000000e+00  3.97451934e+00]
 [ 3.00000000e+00 -6.28152501e-17  0.00000000e+00  7.94903872e+00]
 [ 3.00000000e+00 -6.28152501e-17  0.00000000e+00  1.58980775e+01]
 [ 3.00000000e+00 -6.28152501e-17  0.00000000e+00  3.17961549e+01]
 [ 3.00000000e+00 -6.28152501e-17  0.00000000e+00  0.00000000e+00]
 [ 3.00000000e+00 -6.28152501e-17  0.00000000e+00  0.00000000e+00]]
['S12'] [[9.00000000e+00 1.22480608e-16 0.00000000e+00 1.45760408e-01]
 [9.00000000e+00 1.22480608e-16 0.00000000e+00 2.91520903e-01]
 [9.00000000e+00 1.22480608e-16 0.00000000e+00 5.83041667e-01]
 [9.00000000e+00 1.22480608e-16 0.00000000e+00 1.16608340e+00]
 [9.00000000e+00 1.22480608e-16 0.00000000e+00 2.33216684e+00]
 [9.00000000e+00 1.22480608e-16 0.00000000e+00 4.66433362e+00]
 [9.00000000e+00 1.22480608e-16 0.00000000e+00 9.32866727e+00]
 [9.00000000e+00 1.22480608e-16 0.00000000e+00 1.86573345e+01]
 [9.00000000e+00 1.22480608e-16 0.00000000e+00 3.73146690e+01]
 [9.00000000e+00 1.22480608e-16 0.00000000e+00 0.00000000e+00]]
['S13'] [[9.00000000e+00 1.22480608e-16 0.00000000e+00 1.72750825e-01]
 [9.00000000e+00 1.22480608e-16 0.00000000e+00 3.45501671e-01]
 [9.00000000e+00 1.22480608e-16 0.00000000e+00 6.91003324e-01]
 [9.00000000e+00 1.22480608e-16 0.00000000e+00 1.38200664e+00]
 [9.00000000e+00 1.22480608e-16 0.00000000e+00 2.76401332e+00]
 [9.00000000e+00 1.22480608e-16 0.00000000e+00 5.52802662e+00]
 [9.00000000e+00 1.22480608e-16 0.00000000e+00 1.10560532e+01]
 [9.00000000e+00 1.22480608e-16 0.00000000e+00 2.21121065e+01]
 [9.00000000e+00 1.22480608e-16 0.00000000e+00 4.42242030e+01]
 [9.00000000e+00 1.22480608e-16 0.00000000e+00 0.00000000e+00]]
['S14'] [[ 1.00000000e+00 -1.22708861e-16  1.00000000e+00  1.72750764e-01]
 [ 6.00000000e+00  3.65204942e-16  1.00000000e+00  1.40747311e-01]
 [ 3.00000000e+00 -6.28152501e-17  0.00000000e+00  1.31476258e-01]
 [ 3.00000000e+00 -6.28152501e-17  0.00000000e+00  2.62952520e-01]
 [ 3.00000000e+00 -6.28152501e-17  0.00000000e+00  5.25905046e-01]
 [ 3.00000000e+00 -6.28152501e-17  0.00000000e+00  1.05181009e+00]
 [ 3.00000000e+00 -6.28152501e-17  0.00000000e+00  2.10362018e+00]
 [ 3.00000000e+00 -6.28152501e-17  0.00000000e+00  4.20724033e+00]
 [ 3.00000000e+00 -6.28152501e-17  0.00000000e+00  8.41448069e+00]
 [ 3.00000000e+00 -6.28152501e-17  0.00000000e+00  1.68289614e+01]]
['S15'] [[ 3.00000000e+00 -6.28152501e-17  0.00000000e+00  2.34467295e-01]
 [ 3.00000000e+00 -6.28152501e-17  0.00000000e+00  4.68934630e-01]
 [ 3.00000000e+00 -6.28152501e-17  0.00000000e+00  9.37869260e-01]
 [ 3.00000000e+00 -6.28152501e-17  0.00000000e+00  1.87573853e+00]
 [ 3.00000000e+00 -6.28152501e-17  0.00000000e+00  3.75147702e+00]
 [ 3.00000000e+00 -6.28152501e-17  0.00000000e+00  7.50295407e+00]
 [ 3.00000000e+00 -6.28152501e-17  0.00000000e+00  1.50059081e+01]
 [ 3.00000000e+00 -6.28152501e-17  0.00000000e+00  3.00118163e+01]
 [ 3.00000000e+00 -6.28152501e-17  0.00000000e+00  0.00000000e+00]
 [ 3.00000000e+00 -6.28152501e-17  0.00000000e+00  0.00000000e+00]]
['S16'] [[ 3.00000000e+00 -6.28152501e-17  0.00000000e+00  1.65981291e-01]
 [ 3.00000000e+00 -6.28152501e-17  0.00000000e+00  3.31962620e-01]
 [ 3.00000000e+00 -6.28152501e-17  0.00000000e+00  6.63925207e-01]
 [ 3.00000000e+00 -6.28152501e-17  0.00000000e+00  1.32785046e+00]
 [ 3.00000000e+00 -6.28152501e-17  0.00000000e+00  2.65570089e+00]
 [ 3.00000000e+00 -6.28152501e-17  0.00000000e+00  5.31140181e+00]
 [ 3.00000000e+00 -6.28152501e-17  0.00000000e+00  1.06228036e+01]
 [ 3.00000000e+00 -6.28152501e-17  0.00000000e+00  2.12456072e+01]
 [ 3.00000000e+00 -6.28152501e-17  0.00000000e+00  4.24912142e+01]
 [ 3.00000000e+00 -6.28152501e-17  0.00000000e+00  0.00000000e+00]]
['S17'] [[6.00000000e+00 3.65204942e-16 1.00000000e+00 1.86337532e-01]
 [8.00000000e+00 5.11286919e-18 1.00000000e+00 1.55176296e-01]
 [4.00000000e+00 1.85021954e-16 1.00000000e+00 1.51633688e-01]
 [7.00000000e+00 5.84327908e-18 0.00000000e+00 1.53278209e-01]
 [7.00000000e+00 5.84327908e-18 0.00000000e+00 3.06556488e-01]
 [7.00000000e+00 5.84327908e-18 0.00000000e+00 6.13112971e-01]
 [7.00000000e+00 5.84327908e-18 0.00000000e+00 1.22622594e+00]
 [7.00000000e+00 5.84327908e-18 0.00000000e+00 2.45245189e+00]
 [7.00000000e+00 5.84327908e-18 0.00000000e+00 4.90490380e+00]
 [7.00000000e+00 5.84327908e-18 0.00000000e+00 9.80980755e+00]]
['S18'] [[8.00000000e+00 5.11286919e-18 1.00000000e+00 1.65981291e-01]
 [9.00000000e+00 1.22480608e-16 0.00000000e+00 1.60307615e-01]
 [9.00000000e+00 1.22480608e-16 0.00000000e+00 3.20615246e-01]
 [9.00000000e+00 1.22480608e-16 0.00000000e+00 6.41230451e-01]
 [9.00000000e+00 1.22480608e-16 0.00000000e+00 1.28246089e+00]
 [9.00000000e+00 1.22480608e-16 0.00000000e+00 2.56492176e+00]
 [9.00000000e+00 1.22480608e-16 0.00000000e+00 5.12984357e+00]
 [9.00000000e+00 1.22480608e-16 0.00000000e+00 1.02596871e+01]
 [9.00000000e+00 1.22480608e-16 0.00000000e+00 2.05193743e+01]
 [9.00000000e+00 1.22480608e-16 0.00000000e+00 4.10387485e+01]]
['S19'] [[ 3.00000000e+00 -6.28152501e-17  0.00000000e+00  1.93156325e-01]
 [ 3.00000000e+00 -6.28152501e-17  0.00000000e+00  3.86312657e-01]
 [ 3.00000000e+00 -6.28152501e-17  0.00000000e+00  7.72625386e-01]
 [ 3.00000000e+00 -6.28152501e-17  0.00000000e+00  1.54525072e+00]
 [ 3.00000000e+00 -6.28152501e-17  0.00000000e+00  3.09050144e+00]
 [ 3.00000000e+00 -6.28152501e-17  0.00000000e+00  6.18100287e+00]
 [ 3.00000000e+00 -6.28152501e-17  0.00000000e+00  1.23620058e+01]
 [ 3.00000000e+00 -6.28152501e-17  0.00000000e+00  2.47240114e+01]
 [ 3.00000000e+00 -6.28152501e-17  0.00000000e+00  4.92333728e+01]
 [ 3.00000000e+00 -6.28152501e-17  0.00000000e+00  0.00000000e+00]]
['S2'] [[ 3.00000000e+00 -6.28152501e-17  0.00000000e+00  1.25657214e-01]
 [ 3.00000000e+00 -6.28152501e-17  0.00000000e+00  2.51314413e-01]
 [ 3.00000000e+00 -6.28152501e-17  0.00000000e+00  5.02628903e-01]
 [ 3.00000000e+00 -6.28152501e-17  0.00000000e+00  1.00525772e+00]
 [ 3.00000000e+00 -6.28152501e-17  0.00000000e+00  2.01051545e+00]
 [ 3.00000000e+00 -6.28152501e-17  0.00000000e+00  4.02103089e+00]
 [ 3.00000000e+00 -6.28152501e-17  0.00000000e+00  8.04206178e+00]
 [ 3.00000000e+00 -6.28152501e-17  0.00000000e+00  1.60841236e+01]
 [ 3.00000000e+00 -6.28152501e-17  0.00000000e+00  3.21682471e+01]
 [ 3.00000000e+00 -6.28152501e-17  0.00000000e+00  0.00000000e+00]]
['S3'] [[ 8.00000000e+00  5.11286919e-18  1.00000000e+00  1.65981291e-01]
 [ 1.00000000e+00 -1.22708861e-16  1.00000000e+00  1.64874857e-01]
 [ 3.00000000e+00 -6.28152501e-17  0.00000000e+00  1.20746014e-01]
 [ 3.00000000e+00 -6.28152501e-17  0.00000000e+00  2.41491992e-01]
 [ 3.00000000e+00 -6.28152501e-17  0.00000000e+00  4.82984003e-01]
 [ 3.00000000e+00 -6.28152501e-17  0.00000000e+00  9.65968023e-01]
 [ 3.00000000e+00 -6.28152501e-17  0.00000000e+00  1.93193601e+00]
 [ 3.00000000e+00 -6.28152501e-17  0.00000000e+00  3.86387206e+00]
 [ 3.00000000e+00 -6.28152501e-17  0.00000000e+00  7.72774408e+00]
 [ 3.00000000e+00 -6.28152501e-17  0.00000000e+00  1.54554882e+01]]
['S4'] [[ 2.00000000e+00 -2.30809524e-16  0.00000000e+00  1.86337656e-01]
 [ 2.00000000e+00 -2.30809524e-16  0.00000000e+00  3.72675311e-01]
 [ 2.00000000e+00 -2.30809524e-16  0.00000000e+00  7.45350590e-01]
 [ 2.00000000e+00 -2.30809524e-16  0.00000000e+00  1.49070124e+00]
 [ 2.00000000e+00 -2.30809524e-16  0.00000000e+00  2.98140244e+00]
 [ 2.00000000e+00 -2.30809524e-16  0.00000000e+00  5.96280486e+00]
 [ 2.00000000e+00 -2.30809524e-16  0.00000000e+00  1.19256098e+01]
 [ 2.00000000e+00 -2.30809524e-16  0.00000000e+00  2.38512196e+01]
 [ 2.00000000e+00 -2.30809524e-16  0.00000000e+00  4.77070630e+01]
 [ 2.00000000e+00 -2.30809524e-16  0.00000000e+00  0.00000000e+00]]
['S5'] [[ 6.00000000e+00  3.65204942e-16  1.00000000e+00  1.72750764e-01]
 [ 3.00000000e+00 -6.28152501e-17  0.00000000e+00  1.58346118e-01]
 [ 3.00000000e+00 -6.28152501e-17  0.00000000e+00  3.16692217e-01]
 [ 3.00000000e+00 -6.28152501e-17  0.00000000e+00  6.33384512e-01]
 [ 3.00000000e+00 -6.28152501e-17  0.00000000e+00  1.26676893e+00]
 [ 3.00000000e+00 -6.28152501e-17  0.00000000e+00  2.53353789e+00]
 [ 3.00000000e+00 -6.28152501e-17  0.00000000e+00  5.06707582e+00]
 [ 3.00000000e+00 -6.28152501e-17  0.00000000e+00  1.01341517e+01]
 [ 3.00000000e+00 -6.28152501e-17  0.00000000e+00  2.02683033e+01]
 [ 3.00000000e+00 -6.28152501e-17  0.00000000e+00  4.05366066e+01]]
['S6'] [[ 3.00000000e+00 -6.28152501e-17  0.00000000e+00  1.52486743e-01]
 [ 3.00000000e+00 -6.28152501e-17  0.00000000e+00  3.04973506e-01]
 [ 3.00000000e+00 -6.28152501e-17  0.00000000e+00  6.09947091e-01]
 [ 3.00000000e+00 -6.28152501e-17  0.00000000e+00  1.21989413e+00]
 [ 3.00000000e+00 -6.28152501e-17  0.00000000e+00  2.43978823e+00]
 [ 3.00000000e+00 -6.28152501e-17  0.00000000e+00  4.87957651e+00]
 [ 3.00000000e+00 -6.28152501e-17  0.00000000e+00  9.75915301e+00]
 [ 3.00000000e+00 -6.28152501e-17  0.00000000e+00  1.95183060e+01]
 [ 3.00000000e+00 -6.28152501e-17  0.00000000e+00  3.90366120e+01]
 [ 3.00000000e+00 -6.28152501e-17  0.00000000e+00  0.00000000e+00]]
['S7'] [[ 1.00000000e+00 -1.22708861e-16  1.00000000e+00  1.72750825e-01]
 [ 9.00000000e+00  1.22480608e-16  0.00000000e+00  1.57340500e-01]
 [ 9.00000000e+00  1.22480608e-16  0.00000000e+00  3.14681087e-01]
 [ 9.00000000e+00  1.22480608e-16  0.00000000e+00  6.29362174e-01]
 [ 9.00000000e+00  1.22480608e-16  0.00000000e+00  1.25872436e+00]
 [ 9.00000000e+00  1.22480608e-16  0.00000000e+00  2.51744868e+00]
 [ 9.00000000e+00  1.22480608e-16  0.00000000e+00  5.03489739e+00]
 [ 9.00000000e+00  1.22480608e-16  0.00000000e+00  1.00697948e+01]
 [ 9.00000000e+00  1.22480608e-16  0.00000000e+00  2.01395895e+01]
 [ 9.00000000e+00  1.22480608e-16  0.00000000e+00  4.02791790e+01]]
['S8'] [[ 2.00000000e+00 -2.30809524e-16  0.00000000e+00  1.86337656e-01]
 [ 2.00000000e+00 -2.30809524e-16  0.00000000e+00  3.72675311e-01]
 [ 2.00000000e+00 -2.30809524e-16  0.00000000e+00  7.45350590e-01]
 [ 2.00000000e+00 -2.30809524e-16  0.00000000e+00  1.49070124e+00]
 [ 2.00000000e+00 -2.30809524e-16  0.00000000e+00  2.98140244e+00]
 [ 2.00000000e+00 -2.30809524e-16  0.00000000e+00  5.96280486e+00]
 [ 2.00000000e+00 -2.30809524e-16  0.00000000e+00  1.19256098e+01]
 [ 2.00000000e+00 -2.30809524e-16  0.00000000e+00  2.38512196e+01]
 [ 2.00000000e+00 -2.30809524e-16  0.00000000e+00  4.77070630e+01]
 [ 2.00000000e+00 -2.30809524e-16  0.00000000e+00  0.00000000e+00]]
['S9'] [[ 3.00000000e+00 -6.28152501e-17  0.00000000e+00  2.62442778e-01]
 [ 3.00000000e+00 -6.28152501e-17  0.00000000e+00  5.24885549e-01]
 [ 3.00000000e+00 -6.28152501e-17  0.00000000e+00  1.04977113e+00]
 [ 3.00000000e+00 -6.28152501e-17  0.00000000e+00  2.09954224e+00]
 [ 3.00000000e+00 -6.28152501e-17  0.00000000e+00  4.19908450e+00]
 [ 3.00000000e+00 -6.28152501e-17  0.00000000e+00  8.39816900e+00]
 [ 3.00000000e+00 -6.28152501e-17  0.00000000e+00  1.67963380e+01]
 [ 3.00000000e+00 -6.28152501e-17  0.00000000e+00  3.35926760e+01]
 [ 3.00000000e+00 -6.28152501e-17  0.00000000e+00  0.00000000e+00]
 [ 3.00000000e+00 -6.28152501e-17  0.00000000e+00  0.00000000e+00]]
