['S1'] [[1.28000000e+02 5.84411448e-01 3.79003965e-01]
 [7.90000000e+01 4.56619782e-01 2.35022010e-01]
 [1.10300000e+03 5.88568587e-01 1.84521864e-01]
 [1.09500000e+03 5.08196913e-01 1.60719729e-01]
 [9.96000000e+02 3.98829856e-01 1.48149379e-01]]
['S10'] [[1.28000000e+02 5.84411448e-01 4.41000791e-01]
 [7.04000000e+02 4.97070212e-01 2.34241911e-01]
 [9.40000000e+02 4.76910187e-01 2.10933846e-01]
 [9.68000000e+02 3.37255370e-01 1.81805477e-01]
 [1.63000000e+03 2.45539227e-01 1.33707528e-01]]
['S11'] [[1.99000000e+02 6.18891237e-01 2.90825831e-01]
 [7.90000000e+01 4.56619782e-01 2.46811951e-01]
 [6.72000000e+02 4.04711079e-01 2.02921483e-01]
 [9.40000000e+02 4.76910187e-01 2.03545905e-01]
 [1.03200000e+03 5.37352477e-01 1.77063227e-01]]
['S12'] [[3.11000000e+02 6.24870355e-01 2.97991682e-01]
 [7.04000000e+02 4.97070212e-01 1.62992804e-01]
 [8.51000000e+02 3.79867457e-01 1.40102049e-01]
 [7.90000000e+01 4.56619782e-01 1.38235605e-01]
 [1.39400000e+03 2.98830913e-01 1.21500967e-01]]
['S13'] [[1.99000000e+02 6.18891237e-01 3.19672251e-01]
 [7.04000000e+02 4.97070212e-01 2.13574418e-01]
 [4.91000000e+02 2.42406980e-01 1.89254721e-01]
 [8.59000000e+02 4.54468681e-01 1.91033657e-01]
 [9.40000000e+02 4.76910187e-01 1.55726538e-01]]
['S14'] [[1.28000000e+02 5.84411448e-01 3.79003965e-01]
 [2.40000000e+02 6.29376761e-01 2.47261563e-01]
 [1.10300000e+03 5.88568587e-01 2.57403933e-01]
 [1.09500000e+03 5.08196913e-01 2.01579643e-01]
 [1.07000000e+02 6.14278150e-01 1.84287268e-01]]
['S15'] [[1.28000000e+02 5.84411448e-01 3.49042766e-01]
 [9.40000000e+02 4.76910187e-01 2.86896863e-01]
 [1.39400000e+03 2.98830913e-01 1.82055016e-01]
 [2.40000000e+02 6.29376761e-01 1.62613129e-01]
 [1.10300000e+03 5.88568587e-01 1.53668246e-01]]
['S16'] [[2.40000000e+02 6.29376761e-01 2.34467295e-01]
 [6.95000000e+02 3.38530381e-01 1.91009305e-01]
 [6.71000000e+02 3.89828321e-01 1.32235862e-01]
 [8.71000000e+02 4.77387402e-01 1.40886652e-01]
 [1.28000000e+02 5.84411448e-01 1.16778117e-01]]
['S17'] [[1.99000000e+02 6.18891237e-01 3.63945043e-01]
 [1.29000000e+03 3.11393724e-01 1.55364767e-01]
 [1.28000000e+02 5.84411448e-01 1.67948068e-01]
 [1.41200000e+03 3.46396157e-01 1.70168935e-01]
 [6.63000000e+02 3.72778877e-01 1.27409939e-01]]
['S18'] [[2.40000000e+02 6.29376761e-01 2.62442778e-01]
 [8.59000000e+02 4.54468681e-01 1.86682262e-01]
 [1.03200000e+03 5.37352477e-01 1.58899227e-01]
 [9.40000000e+02 4.76910187e-01 1.66334364e-01]
 [1.09500000e+03 5.08196913e-01 1.27988981e-01]]
['S19'] [[1.99000000e+02 6.18891237e-01 3.94228680e-01]
 [1.28000000e+02 5.84411448e-01 2.54137265e-01]
 [7.67000000e+02 2.41133391e-01 2.15982059e-01]
 [8.28000000e+02 4.48581663e-01 1.66765299e-01]
 [9.40000000e+02 4.76910187e-01 1.78366130e-01]]
['S2'] [[2.07000000e+02 5.13680403e-01 2.69498196e-01]
 [9.40000000e+02 4.76910187e-01 2.49864989e-01]
 [1.28000000e+02 5.84411448e-01 2.07649891e-01]
 [7.90000000e+01 4.56619782e-01 1.72426338e-01]
 [1.10300000e+03 5.88568587e-01 1.83363692e-01]]
['S3'] [[2.40000000e+02 6.29376761e-01 3.79003965e-01]
 [9.40000000e+02 4.76910187e-01 2.42188322e-01]
 [9.91000000e+02 5.02867730e-01 1.77420031e-01]
 [1.99000000e+02 6.18891237e-01 1.24457399e-01]
 [7.27000000e+02 4.04145189e-01 1.23916999e-01]]
['S4'] [[1.28000000e+02 5.84411448e-01 4.56994591e-01]
 [2.40000000e+02 6.29376761e-01 3.17823325e-01]
 [1.99000000e+02 6.18891237e-01 1.68517186e-01]
 [3.52000000e+02 5.73661540e-01 9.95047084e-02]
 [1.65200000e+03 2.46462232e-01 9.43062835e-02]]
['S5'] [[1.20000000e+01 5.72564478e-01 3.05187451e-01]
 [1.99000000e+02 6.18891237e-01 2.16221110e-01]
 [7.90000000e+01 4.56619782e-01 2.33778568e-01]
 [8.28000000e+02 4.48581663e-01 1.87256129e-01]
 [4.31000000e+02 4.62658469e-01 1.17471567e-01]]
['S6'] [[1.28000000e+02 5.84411448e-01 2.20616173e-01]
 [8.28000000e+02 4.48581663e-01 1.94890236e-01]
 [9.40000000e+02 4.76910187e-01 1.74145764e-01]
 [1.99000000e+02 6.18891237e-01 1.45775811e-01]
 [4.91000000e+02 2.42406980e-01 1.44413457e-01]]
['S7'] [[1.28000000e+02 5.84411448e-01 2.48407470e-01]
 [1.09500000e+03 5.08196913e-01 1.66509292e-01]
 [1.10300000e+03 5.88568587e-01 1.65367754e-01]
 [9.40000000e+02 4.76910187e-01 1.48986922e-01]
 [9.32000000e+02 4.78069144e-01 1.89615454e-01]]
['S8'] [[2.40000000e+02 6.29376761e-01 4.41000791e-01]
 [1.28000000e+02 5.84411448e-01 3.02499332e-01]
 [9.40000000e+02 4.76910187e-01 2.60134652e-01]
 [1.99000000e+02 6.18891237e-01 2.56176215e-01]
 [8.84000000e+02 3.51585766e-01 3.04117085e-01]]
['S9'] [[1.36000000e+02 5.46592452e-01 3.12413944e-01]
 [9.40000000e+02 4.76910187e-01 2.39566956e-01]
 [4.13000000e+02 4.28318161e-01 1.47585405e-01]
 [1.99000000e+02 6.18891237e-01 1.27029167e-01]
 [4.91000000e+02 2.42406980e-01 1.36983865e-01]]
