['s1'] [[ 1.50000000e+01 -2.08166817e-17  2.28916572e-01]
 [ 7.00000000e+00 -8.67361738e-17  8.61241185e-02]
 [ 1.10000000e+01  4.77048956e-19  8.52983989e-02]
 [ 8.00000000e+00 -1.78329573e-16  8.12690160e-02]
 [ 9.00000000e+00  3.05311332e-17  6.96652618e-02]
 [ 1.90000000e+01  3.15719673e-17  6.64784380e-02]
 [ 1.70000000e+01  2.71310752e-16  2.54163621e-02]
 [ 9.00000000e+00  3.05311332e-17  1.84568856e-02]
 [ 8.00000000e+00 -1.78329573e-16  1.11737133e-02]
 [ 7.00000000e+00 -8.67361738e-17  8.66387110e-03]]
['s10'] [[ 6.00000000e+00 -8.32667268e-18  1.38376489e-01]
 [ 1.50000000e+01 -2.08166817e-17  1.44166145e-01]
 [ 2.00000000e+00  5.04804532e-17  9.94085149e-02]
 [ 1.70000000e+01  2.71310752e-16  6.29009952e-02]
 [ 1.10000000e+01  4.77048956e-19  6.02175820e-02]
 [ 9.00000000e+00  3.05311332e-17  4.23356318e-02]
 [ 1.70000000e+01  2.71310752e-16  2.71682807e-02]
 [ 5.00000000e+00  3.10862447e-16  2.50894010e-02]
 [ 1.60000000e+01 -7.91033905e-17  2.34403617e-02]
 [ 1.90000000e+01  3.15719673e-17  1.70621142e-02]]
['s11'] [[ 7.00000000e+00 -8.67361738e-17  1.89744811e-01]
 [ 1.70000000e+01  2.71310752e-16  8.27796215e-02]
 [ 1.30000000e+01  3.40005801e-17  6.18835272e-02]
 [ 1.50000000e+01 -2.08166817e-17  4.91136844e-02]
 [ 1.90000000e+01  3.15719673e-17  3.17420234e-02]
 [ 1.10000000e+01  4.77048956e-19  1.90356117e-02]
 [ 1.70000000e+01  2.71310752e-16  1.81716881e-03]
 [ 1.90000000e+01  3.15719673e-17  7.86781473e-04]
 [ 1.10000000e+01  4.77048956e-19  3.24904930e-04]
 [ 1.70000000e+01  2.71310752e-16  8.48174097e-05]]
['s12'] [[ 1.50000000e+01 -2.08166817e-17  1.00335372e-01]
 [ 7.00000000e+00 -8.67361738e-17  7.46332218e-02]
 [ 2.00000000e+00  5.04804532e-17  5.27129302e-02]
 [ 1.70000000e+01  2.71310752e-16  4.07416787e-02]
 [ 1.90000000e+01  3.15719673e-17  4.17047364e-02]
 [ 6.00000000e+00 -8.32667268e-18  1.43862158e-02]
 [ 1.70000000e+01  2.71310752e-16  3.62606446e-03]
 [ 6.00000000e+00 -8.32667268e-18  5.30839016e-04]
 [ 1.70000000e+01  2.71310752e-16  7.77244569e-05]
 [ 6.00000000e+00 -8.32667268e-18  1.13844872e-05]]
['s13'] [[ 1.50000000e+01 -2.08166817e-17  2.02732542e-01]
 [ 1.90000000e+01  3.15719673e-17  1.36253597e-01]
 [ 7.00000000e+00 -8.67361738e-17  8.68207754e-02]
 [ 1.40000000e+01 -8.04911693e-17  8.48912860e-02]
 [ 1.60000000e+01 -7.91033905e-17  8.30255639e-02]
 [ 8.00000000e+00 -1.78329573e-16  5.60871044e-02]
 [ 1.30000000e+01  3.40005801e-17  4.46175533e-02]
 [ 7.00000000e+00 -8.67361738e-17  1.51604107e-02]
 [ 1.40000000e+01 -8.04911693e-17  8.41548043e-03]
 [ 1.50000000e+01 -2.08166817e-17  6.73399613e-03]]
['s14'] [[ 7.00000000e+00 -8.67361738e-17  1.89744811e-01]
 [ 1.50000000e+01 -2.08166817e-17  1.55906920e-01]
 [ 1.90000000e+01  3.15719673e-17  6.00555284e-02]
 [ 1.90000000e+01  3.15719673e-17  0.00000000e+00]
 [ 1.90000000e+01  3.15719673e-17  0.00000000e+00]
 [ 1.90000000e+01  3.15719673e-17  0.00000000e+00]
 [ 1.90000000e+01  3.15719673e-17  0.00000000e+00]
 [ 1.90000000e+01  3.15719673e-17  0.00000000e+00]
 [ 1.90000000e+01  3.15719673e-17  0.00000000e+00]
 [ 1.90000000e+01  3.15719673e-17  0.00000000e+00]]
['s15'] [[ 7.00000000e+00 -8.67361738e-17  1.89744811e-01]
 [ 6.00000000e+00 -8.32667268e-18  1.30286850e-01]
 [ 1.90000000e+01  3.15719673e-17  1.16341052e-01]
 [ 4.00000000e+00  1.77115267e-16  3.15868363e-02]
 [ 1.30000000e+01  3.40005801e-17  3.06627252e-02]
 [ 1.50000000e+01 -2.08166817e-17  2.50905938e-02]
 [ 7.00000000e+00 -8.67361738e-17  2.01774200e-02]
 [ 6.00000000e+00 -8.32667268e-18  1.01494102e-02]
 [ 1.30000000e+01  3.40005801e-17  4.00485749e-03]
 [ 7.00000000e+00 -8.67361738e-17  2.44141110e-03]]
['s16'] [[ 2.00000000e+00  5.04804532e-17  7.51410895e-02]
 [ 1.50000000e+01 -2.08166817e-17  7.74644837e-02]
 [ 1.70000000e+01  2.71310752e-16  5.32258938e-02]
 [ 9.00000000e+00  3.05311332e-17  5.24494658e-02]
 [ 1.00000000e+01 -7.28583860e-17  4.14773691e-02]
 [ 1.90000000e+01  3.15719673e-17  2.48941335e-02]
 [ 4.00000000e+00  1.77115267e-16  2.51857830e-02]
 [ 1.70000000e+01  2.71310752e-16  1.85235464e-02]
 [ 9.00000000e+00  3.05311332e-17  1.60477823e-02]
 [ 5.00000000e+00  3.10862447e-16  1.16739808e-02]]
['s17'] [[ 7.00000000e+00 -8.67361738e-17  1.89744811e-01]
 [ 6.00000000e+00 -8.32667268e-18  1.83405663e-01]
 [ 2.00000000e+00  5.04804532e-17  9.52253063e-02]
 [ 8.00000000e+00 -1.78329573e-16  8.29722095e-02]
 [ 9.00000000e+00  3.05311332e-17  5.62783224e-02]
 [ 1.90000000e+01  3.15719673e-17  6.32748892e-02]
 [ 1.70000000e+01  2.71310752e-16  3.98898566e-02]
 [ 7.00000000e+00 -8.67361738e-17  2.95497326e-02]
 [ 9.00000000e+00  3.05311332e-17  2.52546701e-02]
 [ 2.00000000e+00  5.04804532e-17  1.39606127e-02]]
['s18'] [[ 6.00000000e+00 -8.32667268e-18  8.77243147e-02]
 [ 1.50000000e+01 -2.08166817e-17  8.57075814e-02]
 [ 1.70000000e+01  2.71310752e-16  6.77600319e-02]
 [ 1.40000000e+01 -8.04911693e-17  6.99960062e-02]
 [ 4.00000000e+00  1.77115267e-16  2.40920296e-02]
 [ 1.90000000e+01  3.15719673e-17  9.58710478e-03]
 [ 1.70000000e+01  2.71310752e-16  9.04721863e-03]
 [ 6.00000000e+00 -8.32667268e-18  7.86672369e-03]
 [ 1.40000000e+01 -8.04911693e-17  2.55179959e-03]
 [ 1.70000000e+01  2.71310752e-16  1.52784705e-03]]
['s19'] [[ 1.50000000e+01 -2.08166817e-17  1.25657214e-01]
 [ 6.00000000e+00 -8.32667268e-18  1.29286956e-01]
 [ 1.90000000e+01  3.15719673e-17  1.10638075e-01]
 [ 1.70000000e+01  2.71310752e-16  1.01046945e-01]
 [ 1.40000000e+01 -8.04911693e-17  3.53641637e-02]
 [ 7.00000000e+00 -8.67361738e-17  4.00620312e-02]
 [ 6.00000000e+00 -8.32667268e-18  1.35765668e-02]
 [ 4.00000000e+00  1.77115267e-16  1.51941547e-02]
 [ 1.40000000e+01 -8.04911693e-17  9.58907191e-03]
 [ 1.70000000e+01  2.71310752e-16  2.78914698e-03]]
['s2'] [[ 6.00000000e+00 -8.32667268e-18  1.38376550e-01]
 [ 8.00000000e+00 -1.78329573e-16  8.94237941e-02]
 [ 9.00000000e+00  3.05311332e-17  4.52453234e-02]
 [ 1.40000000e+01 -8.04911693e-17  4.73508351e-02]
 [ 1.50000000e+01 -2.08166817e-17  4.17220519e-02]
 [ 1.00000000e+01 -7.28583860e-17  2.68459422e-02]
 [ 1.80000000e+01 -5.55111512e-17  2.16622255e-02]
 [ 1.60000000e+01 -7.91033905e-17  1.61313100e-02]
 [ 9.00000000e+00  3.05311332e-17  8.48170592e-03]
 [ 7.00000000e+00 -8.67361738e-17  7.55920503e-03]]
['s20'] [[ 1.50000000e+01 -2.08166817e-17  1.51140412e-01]
 [ 7.00000000e+00 -8.67361738e-17  6.85213695e-02]
 [ 9.00000000e+00  3.05311332e-17  7.25341244e-02]
 [ 1.40000000e+01 -8.04911693e-17  3.41495044e-02]
 [ 6.00000000e+00 -8.32667268e-18  1.89354398e-02]
 [ 7.00000000e+00 -8.67361738e-17  1.89645373e-02]
 [ 6.00000000e+00 -8.32667268e-18  3.76464715e-03]
 [ 7.00000000e+00 -8.67361738e-17  7.47442385e-04]
 [ 6.00000000e+00 -8.32667268e-18  1.48415567e-04]
 [ 7.00000000e+00 -8.67361738e-17  2.95042992e-05]]
['s3'] [[ 1.90000000e+01  3.15719673e-17  1.51140412e-01]
 [ 6.00000000e+00 -8.32667268e-18  1.31832601e-01]
 [ 1.30000000e+01  3.40005801e-17  3.74635391e-02]
 [ 1.40000000e+01 -8.04911693e-17  3.30151417e-02]
 [ 1.50000000e+01 -2.08166817e-17  3.11477740e-02]
 [ 5.00000000e+00  3.10862447e-16  1.40300657e-02]
 [ 1.00000000e+01 -7.28583860e-17  1.04685077e-02]
 [ 7.00000000e+00 -8.67361738e-17  9.98506350e-03]
 [ 6.00000000e+00 -8.32667268e-18  4.48676974e-03]
 [ 1.40000000e+01 -8.04911693e-17  2.11829264e-03]]
['s4'] [[ 1.90000000e+01  3.15719673e-17  1.00335372e-01]
 [ 1.40000000e+01 -8.04911693e-17  6.82878219e-02]
 [ 7.00000000e+00 -8.67361738e-17  7.94204763e-02]
 [ 1.50000000e+01 -2.08166817e-17  6.00156884e-02]
 [ 8.00000000e+00 -1.78329573e-16  4.20110443e-02]
 [ 1.70000000e+01  2.71310752e-16  3.33790712e-02]
 [ 1.40000000e+01 -8.04911693e-17  3.34695328e-02]
 [ 8.00000000e+00 -1.78329573e-16  4.03203765e-03]
 [ 1.70000000e+01  2.71310752e-16  4.19541675e-03]
 [ 1.40000000e+01 -8.04911693e-17  7.06315158e-04]]
['s5'] [[ 8.00000000e+00 -1.78329573e-16  8.77243147e-02]
 [ 2.00000000e+00  5.04804532e-17  8.79286579e-02]
 [ 7.00000000e+00 -8.67361738e-17  4.78959022e-02]
 [ 9.00000000e+00  3.05311332e-17  2.32126673e-02]
 [ 1.30000000e+01  3.40005801e-17  2.41774928e-02]
 [ 1.50000000e+01 -2.08166817e-17  1.94532372e-02]
 [ 1.10000000e+01  4.77048956e-19  1.38181898e-02]
 [ 8.00000000e+00 -1.78329573e-16  1.06184301e-02]
 [ 1.30000000e+01  3.40005801e-17  4.04372035e-03]
 [ 7.00000000e+00 -8.67361738e-17  2.04086587e-03]]
['s6'] [[ 1.50000000e+01 -2.08166817e-17  2.28916509e-01]
 [ 7.00000000e+00 -8.67361738e-17  1.12719828e-01]
 [ 6.00000000e+00 -8.32667268e-18  1.18170024e-01]
 [ 1.70000000e+01  2.71310752e-16  1.00453499e-01]
 [ 8.00000000e+00 -1.78329573e-16  7.93762101e-02]
 [ 1.60000000e+01 -7.91033905e-17  6.07175813e-02]
 [ 2.00000000e+00  5.04804532e-17  3.85148119e-02]
 [ 4.00000000e+00  1.77115267e-16  2.79462946e-02]
 [ 5.00000000e+00  3.10862447e-16  2.42606901e-02]
 [ 6.00000000e+00 -8.32667268e-18  1.35871784e-02]]
['s7'] [[ 1.90000000e+01  3.15719673e-17  1.25657214e-01]
 [ 2.00000000e+00  5.04804532e-17  1.05147698e-01]
 [ 1.50000000e+01 -2.08166817e-17  9.04574298e-02]
 [ 1.10000000e+01  4.77048956e-19  7.30218207e-02]
 [ 1.40000000e+01 -8.04911693e-17  5.61891705e-02]
 [ 4.00000000e+00  1.77115267e-16  2.82799270e-02]
 [ 1.00000000e+01 -7.28583860e-17  1.87802337e-02]
 [ 2.00000000e+00  5.04804532e-17  1.64435424e-02]
 [ 1.50000000e+01 -2.08166817e-17  1.19400334e-02]
 [ 1.10000000e+01  4.77048956e-19  4.55525688e-03]]
['s8'] [[ 1.50000000e+01 -2.08166817e-17  2.02732542e-01]
 [ 6.00000000e+00 -8.32667268e-18  1.68236077e-01]
 [ 7.00000000e+00 -8.67361738e-17  2.13918635e-01]
 [ 1.40000000e+01 -8.04911693e-17  1.23523850e-01]
 [ 2.00000000e+00  5.04804532e-17  1.16551544e-01]
 [ 9.00000000e+00  3.05311332e-17  7.16261745e-02]
 [ 1.90000000e+01  3.15719673e-17  5.39060830e-02]
 [ 7.00000000e+00 -8.67361738e-17  4.64858585e-02]
 [ 1.40000000e+01 -8.04911693e-17  3.27394108e-02]
 [ 4.00000000e+00  1.77115267e-16  3.28539152e-02]]
['s9'] [[ 1.50000000e+01 -2.08166817e-17  1.76819971e-01]
 [ 6.00000000e+00 -8.32667268e-18  1.11027749e-01]
 [ 1.90000000e+01  3.15719673e-17  8.19037200e-02]
 [ 1.30000000e+01  3.40005801e-17  6.70180517e-02]
 [ 1.70000000e+01  2.71310752e-16  6.74436394e-02]
 [ 2.00000000e+00  5.04804532e-17  4.42581438e-02]
 [ 8.00000000e+00 -1.78329573e-16  1.56751595e-02]
 [ 6.00000000e+00 -8.32667268e-18  1.25694934e-02]
 [ 1.50000000e+01 -2.08166817e-17  1.03243681e-02]
 [ 1.30000000e+01  3.40005801e-17  2.22778689e-03]]
