['s1'] [[6.71000000e+03 7.19852932e-02 4.53778468e-01]
 [6.70600000e+03 6.67952984e-02 4.07946505e-01]
 [6.22400000e+03 5.05103898e-01 3.34279670e-01]
 [5.77600000e+03 5.30663897e-01 3.52905737e-01]
 [5.32800000e+03 5.21001627e-01 2.68376427e-01]
 [6.71000000e+03 7.19852932e-02 3.08127742e-01]
 [6.63200000e+03 5.24656577e-01 2.56600680e-01]
 [6.31800000e+03 7.28973885e-02 2.81339164e-01]
 [3.01600000e+03 7.38365203e-02 3.28895725e-01]
 [5.83900000e+03 5.75407918e-01 2.82112707e-01]]
['s10'] [[6.70600000e+03 6.67952984e-02 4.23648902e-01]
 [6.71000000e+03 7.19852932e-02 4.58145335e-01]
 [3.59900000e+03 5.27866992e-01 3.70199987e-01]
 [4.70000000e+01 6.47701888e-01 3.40407519e-01]
 [6.63200000e+03 5.24656577e-01 3.05812258e-01]
 [6.31800000e+03 7.28973885e-02 2.83172866e-01]
 [5.32800000e+03 5.21001627e-01 2.62452859e-01]
 [5.39100000e+03 5.26483495e-01 2.98178338e-01]
 [6.71000000e+03 7.19852932e-02 2.50967439e-01]
 [6.69600000e+03 5.25178274e-01 2.63160271e-01]]
['s11'] [[6.70600000e+03 6.67952984e-02 3.09519552e-01]
 [6.71000000e+03 7.19852932e-02 3.83086115e-01]
 [6.58400000e+03 5.99787674e-01 3.09164516e-01]
 [1.80700000e+03 5.26592376e-01 2.87059587e-01]
 [5.32800000e+03 5.21001627e-01 2.62474106e-01]
 [6.52000000e+03 5.13372021e-01 2.52403746e-01]
 [1.83900000e+03 5.51621775e-01 2.73038409e-01]
 [6.31800000e+03 7.28973885e-02 2.52795730e-01]
 [5.77600000e+03 5.30663897e-01 2.23516214e-01]
 [5.44000000e+02 2.56047526e-01 2.49349833e-01]]
['s12'] [[6.71000000e+03 7.19852932e-02 3.65443781e-01]
 [6.70600000e+03 6.67952984e-02 3.83908383e-01]
 [6.22400000e+03 5.05103898e-01 3.72757378e-01]
 [2.25500000e+03 5.30171618e-01 2.91289787e-01]
 [6.63200000e+03 5.24656577e-01 2.46689957e-01]
 [3.15100000e+03 5.45849307e-01 2.61976801e-01]
 [1.80700000e+03 5.26592376e-01 2.75891327e-01]
 [6.25600000e+03 5.79006675e-01 2.71692051e-01]
 [4.52700000e+03 5.70113967e-01 2.93421793e-01]
 [4.97500000e+03 5.67331313e-01 2.81289539e-01]]
['s13'] [[6.70600000e+03 6.67952984e-02 3.09519552e-01]
 [6.71000000e+03 7.19852932e-02 3.83086184e-01]
 [4.97500000e+03 5.67331313e-01 2.69625831e-01]
 [5.32800000e+03 5.21001627e-01 3.16202981e-01]
 [5.36000000e+03 5.27948611e-01 3.17741302e-01]
 [6.31800000e+03 7.28973885e-02 2.52946664e-01]
 [6.22400000e+03 5.05103898e-01 2.43994235e-01]
 [6.25600000e+03 5.79006675e-01 3.11550493e-01]
 [2.38400000e+03 1.70089796e-01 2.22271235e-01]
 [4.52700000e+03 5.70113967e-01 2.48374524e-01]]
['s14'] [[6.71000000e+03 7.19852932e-02 3.94228680e-01]
 [6.70600000e+03 6.67952984e-02 4.02186400e-01]
 [4.70000000e+01 6.47701888e-01 2.35039512e-01]
 [5.32800000e+03 5.21001627e-01 2.19673565e-01]
 [5.36000000e+03 5.27948611e-01 2.93583236e-01]
 [5.39100000e+03 5.26483495e-01 2.00546066e-01]
 [2.54300000e+03 3.82298920e-01 1.94242004e-01]
 [6.71000000e+03 7.19852932e-02 2.40993301e-01]
 [5.42300000e+03 6.39894138e-01 2.12173425e-01]
 [6.71200000e+03 4.49826735e-01 2.15881051e-01]]
['s15'] [[6.71000000e+03 7.19852932e-02 3.09519617e-01]
 [6.31800000e+03 7.28973885e-02 4.54784876e-01]
 [5.83900000e+03 5.75407918e-01 2.69052598e-01]
 [5.39100000e+03 5.26483495e-01 2.88407715e-01]
 [5.32800000e+03 5.21001627e-01 2.94968565e-01]
 [6.71000000e+03 7.19852932e-02 3.31610778e-01]
 [3.59900000e+03 5.27866992e-01 2.81853791e-01]
 [6.25600000e+03 5.79006675e-01 2.61747554e-01]
 [6.22400000e+03 5.05103898e-01 3.47789840e-01]
 [2.95900000e+03 3.53788557e-01 2.31472186e-01]]
['s16'] [[6.71000000e+03 7.19852932e-02 4.23648902e-01]
 [6.70600000e+03 6.67952984e-02 3.87320134e-01]
 [6.69600000e+03 5.25178274e-01 3.71204790e-01]
 [6.63200000e+03 5.24656577e-01 2.66752687e-01]
 [4.70000000e+01 6.47701888e-01 2.81429845e-01]
 [3.59900000e+03 5.27866992e-01 3.09913448e-01]
 [6.71000000e+03 7.19852932e-02 3.44228265e-01]
 [6.71200000e+03 4.49826735e-01 3.21465296e-01]
 [6.25600000e+03 5.79006675e-01 2.81584857e-01]
 [9.61000000e+02 3.99893067e-01 2.97573878e-01]]
['s17'] [[6.71000000e+03 7.19852932e-02 4.84700264e-01]
 [6.70600000e+03 6.67952984e-02 4.30759801e-01]
 [5.36000000e+03 5.27948611e-01 3.42721686e-01]
 [5.80800000e+03 4.97279531e-01 3.13356823e-01]
 [2.67200000e+03 4.69224372e-01 2.94023254e-01]
 [3.17000000e+02 2.27269207e-01 2.86725622e-01]
 [6.71000000e+03 7.19852932e-02 3.10629485e-01]
 [5.83900000e+03 5.75407918e-01 3.13822949e-01]
 [5.39100000e+03 5.26483495e-01 3.31076790e-01]
 [4.94300000e+03 5.88545528e-01 3.42567258e-01]]
['s18'] [[6.70600000e+03 6.67952984e-02 2.82264876e-01]
 [6.71000000e+03 7.19852932e-02 3.99253877e-01]
 [6.31800000e+03 7.28973885e-02 3.08562288e-01]
 [4.70000000e+01 6.47701888e-01 2.94230192e-01]
 [6.28700000e+03 3.80151495e-01 2.84477666e-01]
 [5.36000000e+03 5.27948611e-01 3.03357939e-01]
 [3.18300000e+03 4.38119982e-01 2.37301284e-01]
 [6.71000000e+03 7.19852932e-02 3.18899161e-01]
 [2.04600000e+03 2.73009088e-01 2.71707566e-01]
 [1.80700000e+03 5.26592376e-01 2.66278320e-01]]
['s19'] [[6.71000000e+03 7.19852932e-02 3.94228680e-01]
 [6.31800000e+03 7.28973885e-02 4.19327429e-01]
 [6.64800000e+03 6.11408805e-01 2.65495443e-01]
 [6.71000000e+03 7.19852932e-02 2.55534568e-01]
 [6.71200000e+03 4.49826735e-01 2.62264259e-01]
 [4.70000000e+01 6.47701888e-01 2.57010856e-01]
 [3.59900000e+03 5.27866992e-01 2.97086859e-01]
 [5.80800000e+03 4.97279531e-01 2.39154252e-01]
 [6.70600000e+03 6.67952984e-02 2.65988347e-01]
 [6.25600000e+03 5.79006675e-01 2.74931948e-01]]
['s2'] [[6.71000000e+03 7.19852932e-02 4.84700264e-01]
 [6.70600000e+03 6.67952984e-02 4.30759872e-01]
 [4.70000000e+01 6.47701888e-01 4.10894633e-01]
 [5.39100000e+03 5.26483495e-01 3.20186004e-01]
 [5.80800000e+03 4.97279531e-01 2.57413415e-01]
 [6.25600000e+03 5.79006675e-01 2.59583083e-01]
 [3.59900000e+03 5.27866992e-01 3.34691597e-01]
 [6.71000000e+03 7.19852932e-02 2.63322275e-01]
 [6.31800000e+03 7.28973885e-02 2.96328999e-01]
 [4.32000000e+02 4.88140217e-01 2.40806244e-01]]
['s20'] [[6.58400000e+03 5.99787674e-01 2.55412812e-01]
 [5.32800000e+03 5.21001627e-01 2.91302619e-01]
 [6.71000000e+03 7.19852932e-02 3.29051643e-01]
 [6.31800000e+03 7.28973885e-02 2.95207961e-01]
 [5.36000000e+03 5.27948611e-01 2.58950333e-01]
 [5.83900000e+03 5.75407918e-01 2.57859597e-01]
 [2.19200000e+03 3.90638455e-01 2.79558102e-01]
 [6.28700000e+03 3.80151495e-01 2.40401062e-01]
 [6.71000000e+03 7.19852932e-02 2.17507810e-01]
 [3.59900000e+03 5.27866992e-01 2.54009749e-01]]
['s3'] [[5.39100000e+03 5.26483495e-01 2.95838886e-01]
 [6.70600000e+03 6.67952984e-02 3.04977425e-01]
 [6.71000000e+03 7.19852932e-02 3.64246077e-01]
 [6.64800000e+03 6.11408805e-01 3.34216214e-01]
 [6.71200000e+03 4.49826735e-01 3.26842992e-01]
 [6.71100000e+03 3.81750184e-01 3.29689725e-01]
 [4.70000000e+01 6.47701888e-01 3.11570167e-01]
 [6.63200000e+03 5.24656577e-01 2.54249731e-01]
 [6.71200000e+03 4.49826735e-01 2.47670105e-01]
 [6.52000000e+03 5.13372021e-01 2.36641644e-01]]
['s4'] [[6.70600000e+03 6.67952984e-02 3.37227510e-01]
 [6.71000000e+03 7.19852932e-02 4.32498713e-01]
 [6.31800000e+03 7.28973885e-02 2.83487267e-01]
 [6.64800000e+03 6.11408805e-01 2.63644216e-01]
 [5.39100000e+03 5.26483495e-01 2.35477621e-01]
 [6.25600000e+03 5.79006675e-01 2.15804331e-01]
 [3.59900000e+03 5.27866992e-01 2.39465759e-01]
 [6.22400000e+03 5.05103898e-01 2.65001771e-01]
 [6.71000000e+03 7.19852932e-02 2.00241187e-01]
 [2.04500000e+03 1.32643520e-01 2.33985843e-01]]
['s5'] [[6.70600000e+03 6.67952984e-02 3.94228680e-01]
 [6.71000000e+03 7.19852932e-02 4.36704461e-01]
 [5.87100000e+03 5.98522766e-01 3.62136979e-01]
 [5.83900000e+03 5.75407918e-01 3.15202139e-01]
 [6.31800000e+03 7.28973885e-02 3.24561129e-01]
 [6.71000000e+03 7.19852932e-02 2.83662459e-01]
 [2.19200000e+03 3.90638455e-01 2.92635300e-01]
 [5.32800000e+03 5.21001627e-01 3.07547410e-01]
 [4.52700000e+03 5.70113967e-01 2.55216619e-01]
 [6.71200000e+03 4.49826735e-01 2.42354212e-01]]
['s6'] [[6.70600000e+03 6.67952984e-02 3.94228680e-01]
 [6.71000000e+03 7.19852932e-02 5.08904166e-01]
 [5.32800000e+03 5.21001627e-01 3.04047488e-01]
 [6.22400000e+03 5.05103898e-01 2.84138888e-01]
 [3.59900000e+03 5.27866992e-01 2.83078873e-01]
 [6.25600000e+03 5.79006675e-01 2.71325291e-01]
 [6.31800000e+03 7.28973885e-02 2.40300015e-01]
 [6.71000000e+03 7.19852932e-02 2.46713063e-01]
 [6.50400000e+03 4.86989783e-01 2.61412278e-01]
 [2.95900000e+03 3.53788557e-01 2.45853535e-01]]
['s7'] [[6.31800000e+03 7.28973885e-02 3.37227444e-01]
 [6.71000000e+03 7.19852932e-02 4.42594927e-01]
 [4.70000000e+01 6.47701888e-01 3.37898228e-01]
 [6.70600000e+03 6.67952984e-02 3.37685889e-01]
 [6.64800000e+03 6.11408805e-01 3.56279699e-01]
 [2.67200000e+03 4.69224372e-01 2.74146196e-01]
 [1.77600000e+03 4.00669560e-01 2.73279793e-01]
 [3.59900000e+03 5.27866992e-01 2.87144478e-01]
 [6.22400000e+03 5.05103898e-01 2.80846265e-01]
 [6.71000000e+03 7.19852932e-02 2.62378336e-01]]
['s8'] [[4.70000000e+01 6.47701888e-01 2.95838886e-01]
 [3.59900000e+03 5.27866992e-01 3.07405842e-01]
 [6.71000000e+03 7.19852932e-02 3.77145069e-01]
 [6.70600000e+03 6.67952984e-02 3.20098455e-01]
 [6.22400000e+03 5.05103898e-01 3.25611783e-01]
 [6.25600000e+03 5.79006675e-01 2.96631375e-01]
 [6.71200000e+03 4.49826735e-01 2.16606490e-01]
 [5.36000000e+03 5.27948611e-01 2.31588660e-01]
 [5.32800000e+03 5.21001627e-01 2.82261974e-01]
 [2.04500000e+03 1.32643520e-01 2.12270347e-01]]
['s9'] [[6.70600000e+03 6.67952984e-02 3.65443781e-01]
 [6.71000000e+03 7.19852932e-02 4.86666828e-01]
 [6.71200000e+03 4.49826735e-01 3.36769069e-01]
 [3.18300000e+03 4.38119982e-01 2.67981577e-01]
 [6.22400000e+03 5.05103898e-01 2.75556831e-01]
 [6.52000000e+03 5.13372021e-01 2.70562447e-01]
 [5.32800000e+03 5.21001627e-01 2.42459780e-01]
 [5.36000000e+03 5.27948611e-01 3.14879460e-01]
 [1.80700000e+03 5.26592376e-01 2.36220369e-01]
 [3.15100000e+03 5.45849307e-01 2.74171490e-01]]
