['S1'] [[ 1.00000000e+00 -3.02389692e-16  1.45760347e-01]
 [ 1.10000000e+01  3.17728300e-17  1.11601642e-01]
 [ 1.20000000e+01 -1.13943942e-16  7.86543202e-02]
 [ 8.00000000e+00 -6.61020946e-17  7.05327049e-02]
 [ 1.10000000e+01  3.17728300e-17  3.43943998e-03]
 [ 1.20000000e+01 -1.13943942e-16  1.05947296e-03]
 [ 8.00000000e+00 -6.61020946e-17  6.03199006e-05]
 [ 1.10000000e+01  3.17728300e-17  4.50611115e-05]
 [ 1.20000000e+01 -1.13943942e-16  2.62260437e-06]
 [ 8.00000000e+00 -6.61020946e-17  7.15255737e-07]]
['S10'] [[ 1.40000000e+01 -6.04414180e-17  7.24951174e-02]
 [ 1.00000000e+00 -3.02389692e-16  7.82606021e-02]
 [ 3.00000000e+00  4.78418474e-17  6.12837215e-02]
 [ 5.00000000e+00 -2.77555756e-17  4.24030463e-02]
 [ 8.00000000e+00 -6.61020946e-17  3.47629680e-02]
 [ 9.00000000e+00  2.20948990e-17  3.06259146e-02]
 [ 7.00000000e+00  5.77023809e-17  1.14258731e-02]
 [ 1.00000000e+00 -3.02389692e-16  6.18024588e-03]
 [ 1.40000000e+01 -6.04414180e-17  7.14749348e-03]
 [ 8.00000000e+00 -6.61020946e-17  5.28507385e-03]]
['S11'] [[ 1.10000000e+01  3.17728300e-17  1.65981291e-01]
 [ 1.40000000e+01 -6.04414180e-17  6.79902093e-02]
 [ 9.00000000e+00  2.20948990e-17  6.26055069e-02]
 [ 3.00000000e+00  4.78418474e-17  4.58416514e-02]
 [ 7.00000000e+00  5.77023809e-17  3.73870786e-02]
 [ 1.20000000e+01 -1.13943942e-16  3.40842807e-02]
 [ 3.00000000e+00  4.78418474e-17  5.52058276e-04]
 [ 3.00000000e+00  4.78418474e-17  0.00000000e+00]
 [ 3.00000000e+00  4.78418474e-17  0.00000000e+00]
 [ 3.00000000e+00  4.78418474e-17  0.00000000e+00]]
['S12'] [[ 1.10000000e+01  3.17728300e-17  1.65981291e-01]
 [ 4.00000000e+00 -5.02156796e-17  1.37022732e-01]
 [ 1.00000000e+00 -3.02389692e-16  1.23679629e-01]
 [ 7.00000000e+00  5.77023809e-17  6.38890282e-02]
 [ 1.40000000e+01 -6.04414180e-17  5.54926089e-02]
 [ 1.00000000e+00 -3.02389692e-16  1.25750375e-02]
 [ 4.00000000e+00 -5.02156796e-17  5.41930736e-03]
 [ 1.40000000e+01 -6.04414180e-17  2.13605490e-03]
 [ 1.00000000e+00 -3.02389692e-16  7.03096506e-04]
 [ 1.40000000e+01 -6.04414180e-17  1.35958196e-04]]
['S13'] [[ 1.10000000e+01  3.17728300e-17  8.57357419e-02]
 [ 4.00000000e+00 -5.02156796e-17  7.37764131e-02]
 [ 1.20000000e+01 -1.13943942e-16  7.37542991e-02]
 [ 7.00000000e+00  5.77023809e-17  1.17774090e-02]
 [ 1.40000000e+01 -6.04414180e-17  1.04283298e-02]
 [ 1.10000000e+01  3.17728300e-17  8.90171198e-03]
 [ 4.00000000e+00 -5.02156796e-17  4.69598646e-03]
 [ 1.10000000e+01  3.17728300e-17  4.45485145e-04]
 [ 7.00000000e+00  5.77023809e-17  1.74522402e-04]
 [ 4.00000000e+00 -5.02156796e-17  4.45842743e-05]]
['S14'] [[ 4.00000000e+00 -5.02156796e-17  1.18979344e-01]
 [ 1.20000000e+01 -1.13943942e-16  4.63896879e-02]
 [ 6.00000000e+00 -4.01725437e-17  2.75004670e-02]
 [ 1.00000000e+00 -3.02389692e-16  6.02347983e-03]
 [ 4.00000000e+00 -5.02156796e-17  4.28512335e-03]
 [ 6.00000000e+00 -4.01725437e-17  3.37362302e-04]
 [ 1.00000000e+00 -3.02389692e-16  1.39236451e-04]
 [ 4.00000000e+00 -5.02156796e-17  2.19345093e-05]
 [ 6.00000000e+00 -4.01725437e-17  3.81469727e-06]
 [ 1.00000000e+00 -3.02389692e-16  7.74860382e-07]]
['S15'] [[ 1.00000000e+00 -3.02389692e-16  1.05654502e-01]
 [ 8.00000000e+00 -6.61020946e-17  8.14119357e-02]
 [ 7.00000000e+00  5.77023809e-17  3.28474113e-02]
 [ 1.00000000e+01 -1.30012959e-16  3.82139159e-03]
 [ 1.00000000e+00 -3.02389692e-16  2.20519662e-03]
 [ 8.00000000e+00 -6.61020946e-17  1.69789954e-03]
 [ 7.00000000e+00  5.77023809e-17  2.92003163e-04]
 [ 1.00000000e+00 -3.02389692e-16  3.56435776e-05]
 [ 8.00000000e+00 -6.61020946e-17  1.80602074e-05]
 [ 7.00000000e+00  5.77023809e-17  1.43051147e-06]]
['S16'] [[ 1.20000000e+01 -1.13943942e-16  6.58845663e-02]
 [ 8.00000000e+00 -6.61020946e-17  3.96661047e-02]
 [ 9.00000000e+00  2.20948990e-17  3.68370649e-02]
 [ 4.00000000e+00 -5.02156796e-17  2.43672069e-02]
 [ 8.00000000e+00 -6.61020946e-17  7.56111249e-03]
 [ 1.00000000e+00 -3.02389692e-16  4.15011643e-03]
 [ 9.00000000e+00  2.20948990e-17  2.73621765e-03]
 [ 4.00000000e+00 -5.02156796e-17  1.20461045e-03]
 [ 1.20000000e+01 -1.13943942e-16  1.04117431e-03]
 [ 8.00000000e+00 -6.61020946e-17  5.00857872e-04]]
['S17'] [[ 4.00000000e+00 -5.02156796e-17  1.32346252e-01]
 [ 3.00000000e+00  4.78418474e-17  7.76752572e-02]
 [ 7.00000000e+00  5.77023809e-17  6.46484798e-02]
 [ 9.00000000e+00  2.20948990e-17  4.45217574e-02]
 [ 4.00000000e+00 -5.02156796e-17  1.24551538e-02]
 [ 3.00000000e+00  4.78418474e-17  9.24178446e-03]
 [ 6.00000000e+00 -4.01725437e-17  7.23601096e-03]
 [ 1.00000000e+00 -3.02389692e-16  3.18605786e-03]
 [ 4.00000000e+00 -5.02156796e-17  1.36023844e-03]
 [ 9.00000000e+00  2.20948990e-17  3.49640861e-04]]
['S18'] [[ 1.00000000e+00 -3.02389692e-16  1.59226859e-01]
 [ 4.00000000e+00 -5.02156796e-17  1.26378802e-01]
 [ 1.00000000e+00 -3.02389692e-16  5.89663664e-03]
 [ 4.00000000e+00 -5.02156796e-17  2.76625163e-04]
 [ 1.00000000e+00 -3.02389692e-16  1.29938126e-05]
 [ 4.00000000e+00 -5.02156796e-17  5.36441803e-07]
 [ 1.00000000e+00 -3.02389692e-16  0.00000000e+00]
 [ 1.00000000e+00 -3.02389692e-16  0.00000000e+00]
 [ 1.00000000e+00 -3.02389692e-16  0.00000000e+00]
 [ 1.00000000e+00 -3.02389692e-16  0.00000000e+00]]
['S19'] [[ 1.00000000e+00 -3.02389692e-16  1.59226859e-01]
 [ 1.40000000e+01 -6.04414180e-17  1.28544233e-01]
 [ 1.10000000e+01  3.17728300e-17  1.13378098e-01]
 [ 5.00000000e+00 -2.77555756e-17  4.78868215e-02]
 [ 1.00000000e+00 -3.02389692e-16  2.22402518e-02]
 [ 5.00000000e+00 -2.77555756e-17  3.13378406e-03]
 [ 1.00000000e+00 -3.02389692e-16  4.41670447e-04]
 [ 5.00000000e+00 -2.77555756e-17  6.22272492e-05]
 [ 1.00000000e+00 -3.02389692e-16  8.76188278e-06]
 [ 5.00000000e+00 -2.77555756e-17  1.19209290e-06]]
['S2'] [[ 1.00000000e+00 -3.02389692e-16  7.91119395e-02]
 [ 1.40000000e+01 -6.04414180e-17  7.27763204e-02]
 [ 3.00000000e+00  4.78418474e-17  2.13442069e-02]
 [ 8.00000000e+00 -6.61020946e-17  1.46475776e-02]
 [ 1.00000000e+00 -3.02389692e-16  1.27372477e-02]
 [ 1.40000000e+01 -6.04414180e-17  1.08146710e-03]
 [ 8.00000000e+00 -6.61020946e-17  2.50935560e-04]
 [ 1.00000000e+00 -3.02389692e-16  1.90734866e-04]
 [ 1.40000000e+01 -6.04414180e-17  3.99351120e-05]
 [ 1.00000000e+00 -3.02389692e-16  6.91413879e-06]]
['S3'] [[ 9.00000000e+00  2.20948990e-17  5.92798800e-02]
 [ 1.10000000e+01  3.17728300e-17  4.85983663e-02]
 [ 1.00000000e+00 -3.02389692e-16  2.07711522e-02]
 [ 9.00000000e+00  2.20948990e-17  2.00391084e-03]
 [ 1.20000000e+01 -1.13943942e-16  1.77502819e-03]
 [ 1.00000000e+00 -3.02389692e-16  8.57710840e-05]
 [ 1.20000000e+01 -1.13943942e-16  4.41074371e-06]
 [ 1.00000000e+00 -3.02389692e-16  2.38418579e-07]
 [ 1.00000000e+00 -3.02389692e-16  0.00000000e+00]
 [ 1.00000000e+00 -3.02389692e-16  0.00000000e+00]]
['S4'] [[ 1.10000000e+01  3.17728300e-17  1.65981291e-01]
 [ 1.00000000e+00 -3.02389692e-16  1.30591913e-01]
 [ 9.00000000e+00  2.20948990e-17  8.49862024e-02]
 [ 4.00000000e+00 -5.02156796e-17  3.48027724e-02]
 [ 5.00000000e+00 -2.77555756e-17  3.44687051e-02]
 [ 1.00000000e+01 -1.30012959e-16  1.74772651e-02]
 [ 1.00000000e+00 -3.02389692e-16  8.32183497e-03]
 [ 9.00000000e+00  2.20948990e-17  4.68305197e-03]
 [ 4.00000000e+00 -5.02156796e-17  1.44708258e-03]
 [ 1.00000000e+01 -1.30012959e-16  6.87718500e-04]]
['S5'] [[ 1.00000000e+00 -3.02389692e-16  6.58846262e-02]
 [ 1.10000000e+01  3.17728300e-17  5.21251062e-02]
 [ 9.00000000e+00  2.20948990e-17  4.83684681e-02]
 [ 4.00000000e+00 -5.02156796e-17  4.91248574e-02]
 [ 8.00000000e+00 -6.61020946e-17  3.88169222e-02]
 [ 1.20000000e+01 -1.13943942e-16  3.42850251e-02]
 [ 3.00000000e+00  4.78418474e-17  9.05210662e-03]
 [ 9.00000000e+00  2.20948990e-17  8.30788652e-03]
 [ 4.00000000e+00 -5.02156796e-17  8.78213571e-03]
 [ 1.10000000e+01  3.17728300e-17  7.66983766e-03]]
['S6'] [[ 1.20000000e+01 -1.13943942e-16  6.58846262e-02]
 [ 7.00000000e+00  5.77023809e-17  4.94230073e-02]
 [ 4.00000000e+00 -5.02156796e-17  4.39538670e-02]
 [ 5.00000000e+00 -2.77555756e-17  1.26749508e-02]
 [ 8.00000000e+00 -6.61020946e-17  7.86374327e-03]
 [ 7.00000000e+00  5.77023809e-17  3.15995076e-03]
 [ 4.00000000e+00 -5.02156796e-17  7.47084757e-04]
 [ 8.00000000e+00 -6.61020946e-17  3.26156628e-04]
 [ 4.00000000e+00 -5.02156796e-17  4.33325768e-05]
 [ 7.00000000e+00  5.77023809e-17  3.88622284e-05]]
['S7'] [[ 1.10000000e+01  3.17728300e-17  1.52486804e-01]
 [ 8.00000000e+00 -6.61020946e-17  7.58483207e-02]
 [ 4.00000000e+00 -5.02156796e-17  6.29701116e-02]
 [ 1.40000000e+01 -6.04414180e-17  1.29196679e-02]
 [ 8.00000000e+00 -6.61020946e-17  8.10938968e-03]
 [ 1.10000000e+01  3.17728300e-17  2.21699839e-03]
 [ 4.00000000e+00 -5.02156796e-17  8.95261767e-05]
 [ 1.10000000e+01  3.17728300e-17  7.68899918e-06]
 [ 4.00000000e+00 -5.02156796e-17  7.15255737e-07]
 [ 1.10000000e+01  3.17728300e-17  0.00000000e+00]]
['S8'] [[ 4.00000000e+00 -5.02156796e-17  6.58845663e-02]
 [ 1.40000000e+01 -6.04414180e-17  1.50420089e-02]
 [ 1.00000000e+00 -3.02389692e-16  4.15244105e-03]
 [ 1.40000000e+01 -6.04414180e-17  6.66380027e-04]
 [ 1.00000000e+00 -3.02389692e-16  1.06930733e-04]
 [ 1.40000000e+01 -6.04414180e-17  1.71065331e-05]
 [ 1.00000000e+00 -3.02389692e-16  2.74181366e-06]
 [ 1.40000000e+01 -6.04414180e-17  4.76837158e-07]
 [ 1.00000000e+00 -3.02389692e-16  5.96046448e-08]
 [ 1.00000000e+00 -3.02389692e-16  0.00000000e+00]]
['S9'] [[ 1.10000000e+01  3.17728300e-17  1.52486804e-01]
 [ 8.00000000e+00 -6.61020946e-17  6.23175689e-02]
 [ 4.00000000e+00 -5.02156796e-17  4.77010273e-02]
 [ 6.00000000e+00 -4.01725437e-17  3.15634479e-02]
 [ 1.40000000e+01 -6.04414180e-17  3.20183929e-02]
 [ 3.00000000e+00  4.78418474e-17  1.41774377e-02]
 [ 5.00000000e+00 -2.77555756e-17  6.32604454e-03]
 [ 8.00000000e+00 -6.61020946e-17  3.07107937e-03]
 [ 6.00000000e+00 -4.01725437e-17  1.33073408e-03]
 [ 4.00000000e+00 -5.02156796e-17  1.32644254e-03]]
