['Gerhard Schroeder'] [[5.62000000e+02 1.02998413e-02 0.00000000e+00 5.05800420e-01]
 [5.62000000e+02 1.02998413e-02 0.00000000e+00 1.01160088e+00]
 [5.62000000e+02 1.02998413e-02 0.00000000e+00 2.02320174e+00]
 [5.62000000e+02 1.02998413e-02 0.00000000e+00 4.04640354e+00]
 [5.62000000e+02 1.02998413e-02 0.00000000e+00 8.09280706e+00]
 [5.62000000e+02 1.02998413e-02 0.00000000e+00 1.61856141e+01]
 [5.62000000e+02 1.02998413e-02 0.00000000e+00 3.23712282e+01]
 [5.62000000e+02 1.02998413e-02 0.00000000e+00 0.00000000e+00]
 [5.62000000e+02 1.02998413e-02 0.00000000e+00 0.00000000e+00]
 [5.62000000e+02 1.02998413e-02 0.00000000e+00 0.00000000e+00]]
['Jacques Chirac'] [[3.06000000e+02 9.45786362e-02 0.00000000e+00 6.93147125e-01]
 [3.06000000e+02 9.45786362e-02 0.00000000e+00 1.38629429e+00]
 [3.06000000e+02 9.45786362e-02 0.00000000e+00 2.77258857e+00]
 [3.06000000e+02 9.45786362e-02 0.00000000e+00 5.54517718e+00]
 [3.06000000e+02 9.45786362e-02 0.00000000e+00 1.10903544e+01]
 [3.06000000e+02 9.45786362e-02 0.00000000e+00 2.21807087e+01]
 [3.06000000e+02 9.45786362e-02 0.00000000e+00 4.43614165e+01]
 [3.06000000e+02 9.45786362e-02 0.00000000e+00 0.00000000e+00]
 [3.06000000e+02 9.45786362e-02 0.00000000e+00 0.00000000e+00]
 [3.06000000e+02 9.45786362e-02 0.00000000e+00 0.00000000e+00]]
['Jean Chretien'] [[5.30000000e+02 1.32314848e-01 0.00000000e+00 7.87768111e-01]
 [5.30000000e+02 1.32314848e-01 0.00000000e+00 1.57553628e+00]
 [5.30000000e+02 1.32314848e-01 0.00000000e+00 3.15107259e+00]
 [5.30000000e+02 1.32314848e-01 0.00000000e+00 6.30214516e+00]
 [5.30000000e+02 1.32314848e-01 0.00000000e+00 1.26042903e+01]
 [5.30000000e+02 1.32314848e-01 0.00000000e+00 2.52085807e+01]
 [5.30000000e+02 1.32314848e-01 0.00000000e+00 5.01942791e+01]
 [5.30000000e+02 1.32314848e-01 0.00000000e+00 0.00000000e+00]
 [5.30000000e+02 1.32314848e-01 0.00000000e+00 0.00000000e+00]
 [5.30000000e+02 1.32314848e-01 0.00000000e+00 0.00000000e+00]]
['Junichiro Koizumi'] [[4.95000000e+02 1.89694612e-01 0.00000000e+00 5.30435942e-01]
 [4.95000000e+02 1.89694612e-01 0.00000000e+00 1.06087189e+00]
 [4.95000000e+02 1.89694612e-01 0.00000000e+00 2.12174379e+00]
 [4.95000000e+02 1.89694612e-01 0.00000000e+00 4.24348762e+00]
 [4.95000000e+02 1.89694612e-01 0.00000000e+00 8.48697522e+00]
 [4.95000000e+02 1.89694612e-01 0.00000000e+00 1.69739505e+01]
 [4.95000000e+02 1.89694612e-01 0.00000000e+00 3.39479009e+01]
 [4.95000000e+02 1.89694612e-01 0.00000000e+00 0.00000000e+00]
 [4.95000000e+02 1.89694612e-01 0.00000000e+00 0.00000000e+00]
 [4.95000000e+02 1.89694612e-01 0.00000000e+00 0.00000000e+00]]
['Serena Williams'] [[ 1.          0.11959497  0.          0.8580238 ]
 [ 1.          0.11959497  0.          1.7160476 ]
 [ 1.          0.11959497  0.          3.4320952 ]
 [ 1.          0.11959497  0.          6.86419042]
 [ 1.          0.11959497  0.         13.72838085]
 [ 1.          0.11959497  0.         27.45676169]
 [ 1.          0.11959497  0.          0.        ]
 [ 1.          0.11959497  0.          0.        ]
 [ 1.          0.11959497  0.          0.        ]
 [ 1.          0.11959497  0.          0.        ]]
