['Gerhard Schroeder'] [[5.00000000e+00 5.88153864e-17 0.00000000e+00 3.90079253e-01]
 [5.00000000e+00 5.88153864e-17 0.00000000e+00 7.80158548e-01]
 [5.00000000e+00 5.88153864e-17 0.00000000e+00 1.56031706e+00]
 [5.00000000e+00 5.88153864e-17 0.00000000e+00 3.12063414e+00]
 [5.00000000e+00 5.88153864e-17 0.00000000e+00 6.24126829e+00]
 [5.00000000e+00 5.88153864e-17 0.00000000e+00 1.24825366e+01]
 [5.00000000e+00 5.88153864e-17 0.00000000e+00 2.49650732e+01]
 [5.00000000e+00 5.88153864e-17 0.00000000e+00 4.98912112e+01]
 [5.00000000e+00 5.88153864e-17 0.00000000e+00 0.00000000e+00]
 [5.00000000e+00 5.88153864e-17 0.00000000e+00 0.00000000e+00]]
['Jacques Chirac'] [[ 4.00000000e+00  3.25665421e-16  1.00000000e+00  2.83553147e-01]
 [ 6.00000000e+00 -1.37456184e-16  0.00000000e+00  3.01424726e-01]
 [ 6.00000000e+00 -1.37456184e-16  0.00000000e+00  6.02849400e-01]
 [ 6.00000000e+00 -1.37456184e-16  0.00000000e+00  1.20569882e+00]
 [ 6.00000000e+00 -1.37456184e-16  0.00000000e+00  2.41139765e+00]
 [ 6.00000000e+00 -1.37456184e-16  0.00000000e+00  4.82279534e+00]
 [ 6.00000000e+00 -1.37456184e-16  0.00000000e+00  9.64559060e+00]
 [ 6.00000000e+00 -1.37456184e-16  0.00000000e+00  1.92911812e+01]
 [ 6.00000000e+00 -1.37456184e-16  0.00000000e+00  3.85823625e+01]
 [ 6.00000000e+00 -1.37456184e-16  0.00000000e+00  0.00000000e+00]]
['Jean Chretien'] [[ 1.00000000e+00 -2.05126921e-16  0.00000000e+00  5.30435942e-01]
 [ 1.00000000e+00 -2.05126921e-16  0.00000000e+00  1.06087189e+00]
 [ 1.00000000e+00 -2.05126921e-16  0.00000000e+00  2.12174376e+00]
 [ 1.00000000e+00 -2.05126921e-16  0.00000000e+00  4.24348751e+00]
 [ 1.00000000e+00 -2.05126921e-16  0.00000000e+00  8.48697510e+00]
 [ 1.00000000e+00 -2.05126921e-16  0.00000000e+00  1.69739502e+01]
 [ 1.00000000e+00 -2.05126921e-16  0.00000000e+00  3.39479004e+01]
 [ 1.00000000e+00 -2.05126921e-16  0.00000000e+00  0.00000000e+00]
 [ 1.00000000e+00 -2.05126921e-16  0.00000000e+00  0.00000000e+00]
 [ 1.00000000e+00 -2.05126921e-16  0.00000000e+00  0.00000000e+00]]
['Junichiro Koizumi'] [[ 0.00000000e+00  2.33675513e-16  1.00000000e+00  3.25293762e-01]
 [ 7.00000000e+00 -1.69176842e-16  1.00000000e+00  3.75388117e-01]
 [ 6.00000000e+00 -1.37456184e-16  1.00000000e+00  3.03215352e-01]
 [ 1.00000000e+00 -2.05126921e-16  1.00000000e+00  2.11081119e-01]
 [ 5.00000000e+00  5.88153864e-17  1.00000000e+00  2.10171088e-01]
 [ 8.00000000e+00 -1.13665691e-17  0.00000000e+00  1.97806379e-01]
 [ 8.00000000e+00 -1.13665691e-17  0.00000000e+00  3.95612678e-01]
 [ 8.00000000e+00 -1.13665691e-17  0.00000000e+00  7.91225429e-01]
 [ 8.00000000e+00 -1.13665691e-17  0.00000000e+00  1.58245088e+00]
 [ 8.00000000e+00 -1.13665691e-17  0.00000000e+00  3.16490175e+00]]
['Serena Williams'] [[0.00000000e+00 2.33675513e-16 0.00000000e+00 3.46573568e-01]
 [0.00000000e+00 2.33675513e-16 0.00000000e+00 6.93147125e-01]
 [0.00000000e+00 2.33675513e-16 0.00000000e+00 1.38629426e+00]
 [0.00000000e+00 2.33675513e-16 0.00000000e+00 2.77258851e+00]
 [0.00000000e+00 2.33675513e-16 0.00000000e+00 5.54517703e+00]
 [0.00000000e+00 2.33675513e-16 0.00000000e+00 1.10903541e+01]
 [0.00000000e+00 2.33675513e-16 0.00000000e+00 2.21807082e+01]
 [0.00000000e+00 2.33675513e-16 0.00000000e+00 4.43614165e+01]
 [0.00000000e+00 2.33675513e-16 0.00000000e+00 0.00000000e+00]
 [0.00000000e+00 2.33675513e-16 0.00000000e+00 0.00000000e+00]]
