['Gerhard Schroeder'] [[3.53000000e+03 1.59496864e-02 0.00000000e+00 6.63899025e-01]
 [3.53000000e+03 1.59496864e-02 0.00000000e+00 1.32779816e+00]
 [3.53000000e+03 1.59496864e-02 0.00000000e+00 2.65559632e+00]
 [3.53000000e+03 1.59496864e-02 0.00000000e+00 5.31119257e+00]
 [3.53000000e+03 1.59496864e-02 0.00000000e+00 1.06223851e+01]
 [3.53000000e+03 1.59496864e-02 0.00000000e+00 2.12447703e+01]
 [3.53000000e+03 1.59496864e-02 0.00000000e+00 4.24895405e+01]
 [3.53000000e+03 1.59496864e-02 0.00000000e+00 0.00000000e+00]
 [3.53000000e+03 1.59496864e-02 0.00000000e+00 0.00000000e+00]
 [3.53000000e+03 1.59496864e-02 0.00000000e+00 0.00000000e+00]
 [3.53000000e+03 1.59496864e-02 0.00000000e+00 0.00000000e+00]
 [3.53000000e+03 1.59496864e-02 0.00000000e+00 0.00000000e+00]
 [3.53000000e+03 1.59496864e-02 0.00000000e+00 0.00000000e+00]
 [3.53000000e+03 1.59496864e-02 0.00000000e+00 0.00000000e+00]
 [3.53000000e+03 1.59496864e-02 0.00000000e+00 0.00000000e+00]]
['Jacques Chirac'] [[8.55000000e+02 7.85633440e-02 0.00000000e+00 7.54954094e-01]
 [8.55000000e+02 7.85633440e-02 0.00000000e+00 1.50990819e+00]
 [8.55000000e+02 7.85633440e-02 0.00000000e+00 3.01981645e+00]
 [8.55000000e+02 7.85633440e-02 0.00000000e+00 6.03963287e+00]
 [8.55000000e+02 7.85633440e-02 0.00000000e+00 1.20792658e+01]
 [8.55000000e+02 7.85633440e-02 0.00000000e+00 2.41585316e+01]
 [8.55000000e+02 7.85633440e-02 0.00000000e+00 4.83228057e+01]
 [8.55000000e+02 7.85633440e-02 0.00000000e+00 0.00000000e+00]
 [8.55000000e+02 7.85633440e-02 0.00000000e+00 0.00000000e+00]
 [8.55000000e+02 7.85633440e-02 0.00000000e+00 0.00000000e+00]
 [8.55000000e+02 7.85633440e-02 0.00000000e+00 0.00000000e+00]
 [8.55000000e+02 7.85633440e-02 0.00000000e+00 0.00000000e+00]
 [8.55000000e+02 7.85633440e-02 0.00000000e+00 0.00000000e+00]
 [8.55000000e+02 7.85633440e-02 0.00000000e+00 0.00000000e+00]
 [8.55000000e+02 7.85633440e-02 0.00000000e+00 0.00000000e+00]]
['Jean Chretien'] [[3.60100000e+03 2.68547494e-02 0.00000000e+00 9.35901058e-01]
 [3.60100000e+03 2.68547494e-02 0.00000000e+00 1.87180219e+00]
 [3.60100000e+03 2.68547494e-02 0.00000000e+00 3.74360431e+00]
 [3.60100000e+03 2.68547494e-02 0.00000000e+00 7.48720865e+00]
 [3.60100000e+03 2.68547494e-02 0.00000000e+00 1.49744173e+01]
 [3.60100000e+03 2.68547494e-02 0.00000000e+00 2.99488345e+01]
 [3.60100000e+03 2.68547494e-02 0.00000000e+00 0.00000000e+00]
 [3.60100000e+03 2.68547494e-02 0.00000000e+00 0.00000000e+00]
 [3.60100000e+03 2.68547494e-02 0.00000000e+00 0.00000000e+00]
 [3.60100000e+03 2.68547494e-02 0.00000000e+00 0.00000000e+00]
 [3.60100000e+03 2.68547494e-02 0.00000000e+00 0.00000000e+00]
 [3.60100000e+03 2.68547494e-02 0.00000000e+00 0.00000000e+00]
 [3.60100000e+03 2.68547494e-02 0.00000000e+00 0.00000000e+00]
 [3.60100000e+03 2.68547494e-02 0.00000000e+00 0.00000000e+00]
 [3.60100000e+03 2.68547494e-02 0.00000000e+00 0.00000000e+00]]
['Junichiro Koizumi'] [[2.74000000e+02 5.70338201e-03 0.00000000e+00 7.87768111e-01]
 [2.74000000e+02 5.70338201e-03 0.00000000e+00 1.57553623e+00]
 [2.74000000e+02 5.70338201e-03 0.00000000e+00 3.15107253e+00]
 [2.74000000e+02 5.70338201e-03 0.00000000e+00 6.30214502e+00]
 [2.74000000e+02 5.70338201e-03 0.00000000e+00 1.26042901e+01]
 [2.74000000e+02 5.70338201e-03 0.00000000e+00 2.52085802e+01]
 [2.74000000e+02 5.70338201e-03 0.00000000e+00 5.01942791e+01]
 [2.74000000e+02 5.70338201e-03 0.00000000e+00 0.00000000e+00]
 [2.74000000e+02 5.70338201e-03 0.00000000e+00 0.00000000e+00]
 [2.74000000e+02 5.70338201e-03 0.00000000e+00 0.00000000e+00]
 [2.74000000e+02 5.70338201e-03 0.00000000e+00 0.00000000e+00]
 [2.74000000e+02 5.70338201e-03 0.00000000e+00 0.00000000e+00]
 [2.74000000e+02 5.70338201e-03 0.00000000e+00 0.00000000e+00]
 [2.74000000e+02 5.70338201e-03 0.00000000e+00 0.00000000e+00]
 [2.74000000e+02 5.70338201e-03 0.00000000e+00 0.00000000e+00]]
['Serena Williams'] [[2.07300000e+03 2.90052489e-02 0.00000000e+00 9.78419575e-01]
 [2.07300000e+03 2.90052489e-02 0.00000000e+00 1.95683919e+00]
 [2.07300000e+03 2.90052489e-02 0.00000000e+00 3.91367834e+00]
 [2.07300000e+03 2.90052489e-02 0.00000000e+00 7.82735672e+00]
 [2.07300000e+03 2.90052489e-02 0.00000000e+00 1.56547134e+01]
 [2.07300000e+03 2.90052489e-02 0.00000000e+00 3.13094268e+01]
 [2.07300000e+03 2.90052489e-02 0.00000000e+00 0.00000000e+00]
 [2.07300000e+03 2.90052489e-02 0.00000000e+00 0.00000000e+00]
 [2.07300000e+03 2.90052489e-02 0.00000000e+00 0.00000000e+00]
 [2.07300000e+03 2.90052489e-02 0.00000000e+00 0.00000000e+00]
 [2.07300000e+03 2.90052489e-02 0.00000000e+00 0.00000000e+00]
 [2.07300000e+03 2.90052489e-02 0.00000000e+00 0.00000000e+00]
 [2.07300000e+03 2.90052489e-02 0.00000000e+00 0.00000000e+00]
 [2.07300000e+03 2.90052489e-02 0.00000000e+00 0.00000000e+00]
 [2.07300000e+03 2.90052489e-02 0.00000000e+00 0.00000000e+00]]
