['S1'] [[32.          0.09736494  0.          0.4650739 ]
 [32.          0.09736494  0.          0.93014779]
 [32.          0.09736494  0.          1.86029556]
 [32.          0.09736494  0.          3.72059111]
 [32.          0.09736494  0.          7.44118222]
 [32.          0.09736494  0.         14.88236442]
 [32.          0.09736494  0.         29.76472886]
 [32.          0.09736494  0.          0.        ]
 [32.          0.09736494  0.          0.        ]
 [32.          0.09736494  0.          0.        ]]
['S10'] [[ 4.          0.12440099  0.          0.52332622]
 [ 4.          0.12440099  0.          1.04665251]
 [ 4.          0.12440099  0.          2.09330501]
 [ 4.          0.12440099  0.          4.18660999]
 [ 4.          0.12440099  0.          8.37321994]
 [ 4.          0.12440099  0.         16.74643991]
 [ 4.          0.12440099  0.         33.49287979]
 [ 4.          0.12440099  0.          0.        ]
 [ 4.          0.12440099  0.          0.        ]
 [ 4.          0.12440099  0.          0.        ]]
['S11'] [[32.          0.09736494  0.          0.51480968]
 [32.          0.09736494  0.          1.02961938]
 [32.          0.09736494  0.          2.05923878]
 [32.          0.09736494  0.          4.11847757]
 [32.          0.09736494  0.          8.23695512]
 [32.          0.09736494  0.         16.47391021]
 [32.          0.09736494  0.         32.94782044]
 [32.          0.09736494  0.          0.        ]
 [32.          0.09736494  0.          0.        ]
 [32.          0.09736494  0.          0.        ]]
['S12'] [[15.          0.07735013  0.          0.48966104]
 [15.          0.07735013  0.          0.97932211]
 [15.          0.07735013  0.          1.95864418]
 [15.          0.07735013  0.          3.91728839]
 [15.          0.07735013  0.          7.83457675]
 [15.          0.07735013  0.         15.66915353]
 [15.          0.07735013  0.         31.33830702]
 [15.          0.07735013  0.          0.        ]
 [15.          0.07735013  0.          0.        ]
 [15.          0.07735013  0.          0.        ]]
['S13'] [[12.          0.09897042  0.          0.48966112]
 [12.          0.09897042  0.          0.97932218]
 [12.          0.09897042  0.          1.95864437]
 [12.          0.09897042  0.          3.91728873]
 [12.          0.09897042  0.          7.83457743]
 [12.          0.09897042  0.         15.66915488]
 [12.          0.09897042  0.         31.33830974]
 [12.          0.09897042  0.          0.        ]
 [12.          0.09897042  0.          0.        ]
 [12.          0.09897042  0.          0.        ]]
['S14'] [[12.          0.09897042  0.          0.50636132]
 [12.          0.09897042  0.          1.01272262]
 [12.          0.09897042  0.          2.02544521]
 [12.          0.09897042  0.          4.05089047]
 [12.          0.09897042  0.          8.10178092]
 [12.          0.09897042  0.         16.20356183]
 [12.          0.09897042  0.         32.40712365]
 [12.          0.09897042  0.          0.        ]
 [12.          0.09897042  0.          0.        ]
 [12.          0.09897042  0.          0.        ]]
['S15'] [[40.          0.09806547  0.          0.4650739 ]
 [40.          0.09806547  0.          0.93014779]
 [40.          0.09806547  0.          1.8602956 ]
 [40.          0.09806547  0.          3.72059121]
 [40.          0.09806547  0.          7.44118238]
 [40.          0.09806547  0.         14.88236477]
 [40.          0.09806547  0.         29.76472952]
 [40.          0.09806547  0.          0.        ]
 [40.          0.09806547  0.          0.        ]
 [40.          0.09806547  0.          0.        ]]
['S16'] [[55.          0.09487063  0.          0.50636132]
 [55.          0.09487063  0.          1.01272259]
 [55.          0.09487063  0.          2.02544521]
 [55.          0.09487063  0.          4.05089042]
 [55.          0.09487063  0.          8.10178084]
 [55.          0.09487063  0.         16.20356163]
 [55.          0.09487063  0.         32.40712327]
 [55.          0.09487063  0.          0.        ]
 [55.          0.09487063  0.          0.        ]
 [55.          0.09487063  0.          0.        ]]
['S17'] [[2.86000000e+02 7.60575443e-02 0.00000000e+00 4.48970728e-01]
 [2.86000000e+02 7.60575443e-02 0.00000000e+00 8.97941481e-01]
 [2.86000000e+02 7.60575443e-02 0.00000000e+00 1.79588296e+00]
 [2.86000000e+02 7.60575443e-02 0.00000000e+00 3.59176596e+00]
 [2.86000000e+02 7.60575443e-02 0.00000000e+00 7.18353193e+00]
 [2.86000000e+02 7.60575443e-02 0.00000000e+00 1.43670639e+01]
 [2.86000000e+02 7.60575443e-02 0.00000000e+00 2.87341277e+01]
 [2.86000000e+02 7.60575443e-02 0.00000000e+00 0.00000000e+00]
 [2.86000000e+02 7.60575443e-02 0.00000000e+00 0.00000000e+00]
 [2.86000000e+02 7.60575443e-02 0.00000000e+00 0.00000000e+00]]
['S18'] [[12.          0.09897042  0.          0.44100079]
 [12.          0.09897042  0.          0.88200166]
 [12.          0.09897042  0.          1.76400326]
 [12.          0.09897042  0.          3.52800654]
 [12.          0.09897042  0.          7.05601305]
 [12.          0.09897042  0.         14.1120261 ]
 [12.          0.09897042  0.         28.22405224]
 [12.          0.09897042  0.          0.        ]
 [12.          0.09897042  0.          0.        ]
 [12.          0.09897042  0.          0.        ]]
['S19'] [[12.          0.09897042  0.          0.67083111]
 [12.          0.09897042  0.          1.34166226]
 [12.          0.09897042  0.          2.68332453]
 [12.          0.09897042  0.          5.36664897]
 [12.          0.09897042  0.         10.73329796]
 [12.          0.09897042  0.         21.46659592]
 [12.          0.09897042  0.         42.93319175]
 [12.          0.09897042  0.          0.        ]
 [12.          0.09897042  0.          0.        ]
 [12.          0.09897042  0.          0.        ]]
['S2'] [[12.          0.09897042  0.          0.44100079]
 [12.          0.09897042  0.          0.88200166]
 [12.          0.09897042  0.          1.76400326]
 [12.          0.09897042  0.          3.52800654]
 [12.          0.09897042  0.          7.05601305]
 [12.          0.09897042  0.         14.11202615]
 [12.          0.09897042  0.         28.22405232]
 [12.          0.09897042  0.          0.        ]
 [12.          0.09897042  0.          0.        ]
 [12.          0.09897042  0.          0.        ]]
['S3'] [[12.          0.09897042  0.          0.48966104]
 [12.          0.09897042  0.          0.97932207]
 [12.          0.09897042  0.          1.95864418]
 [12.          0.09897042  0.          3.91728832]
 [12.          0.09897042  0.          7.83457665]
 [12.          0.09897042  0.         15.66915332]
 [12.          0.09897042  0.         31.33830663]
 [12.          0.09897042  0.          0.        ]
 [12.          0.09897042  0.          0.        ]
 [12.          0.09897042  0.          0.        ]]
['S4'] [[12.          0.09897042  0.          0.71186042]
 [12.          0.09897042  0.          1.42372078]
 [12.          0.09897042  0.          2.84744157]
 [12.          0.09897042  0.          5.69488316]
 [12.          0.09897042  0.         11.38976628]
 [12.          0.09897042  0.         22.77953259]
 [12.          0.09897042  0.         45.55903193]
 [12.          0.09897042  0.          0.        ]
 [12.          0.09897042  0.          0.        ]
 [12.          0.09897042  0.          0.        ]]
['S5'] [[32.          0.09736494  0.          0.53191307]
 [32.          0.09736494  0.          1.06382616]
 [32.          0.09736494  0.          2.12765227]
 [32.          0.09736494  0.          4.2553046 ]
 [32.          0.09736494  0.          8.51060922]
 [32.          0.09736494  0.         17.02121842]
 [32.          0.09736494  0.         34.04243683]
 [32.          0.09736494  0.          0.        ]
 [32.          0.09736494  0.          0.        ]
 [32.          0.09736494  0.          0.        ]]
['S6'] [[12.          0.09897042  0.          0.65103813]
 [12.          0.09897042  0.          1.30207627]
 [12.          0.09897042  0.          2.60415251]
 [12.          0.09897042  0.          5.20830508]
 [12.          0.09897042  0.         10.41661012]
 [12.          0.09897042  0.         20.83322027]
 [12.          0.09897042  0.         41.66644051]
 [12.          0.09897042  0.          0.        ]
 [12.          0.09897042  0.          0.        ]
 [12.          0.09897042  0.          0.        ]]
['S7'] [[12.          0.09897042  0.          0.44100079]
 [12.          0.09897042  0.          0.88200166]
 [12.          0.09897042  0.          1.76400326]
 [12.          0.09897042  0.          3.52800654]
 [12.          0.09897042  0.          7.05601305]
 [12.          0.09897042  0.         14.11202615]
 [12.          0.09897042  0.         28.22405232]
 [12.          0.09897042  0.          0.        ]
 [12.          0.09897042  0.          0.        ]
 [12.          0.09897042  0.          0.        ]]
['S8'] [[12.          0.09897042  0.          0.73316853]
 [12.          0.09897042  0.          1.46633712]
 [12.          0.09897042  0.          2.93267418]
 [12.          0.09897042  0.          5.86534838]
 [12.          0.09897042  0.         11.73069676]
 [12.          0.09897042  0.         23.46139351]
 [12.          0.09897042  0.         46.92340345]
 [12.          0.09897042  0.          0.        ]
 [12.          0.09897042  0.          0.        ]
 [12.          0.09897042  0.          0.        ]]
['S9'] [[12.          0.09897042  0.          0.44100079]
 [12.          0.09897042  0.          0.88200166]
 [12.          0.09897042  0.          1.76400326]
 [12.          0.09897042  0.          3.52800654]
 [12.          0.09897042  0.          7.05601305]
 [12.          0.09897042  0.         14.11202615]
 [12.          0.09897042  0.         28.22405232]
 [12.          0.09897042  0.          0.        ]
 [12.          0.09897042  0.          0.        ]
 [12.          0.09897042  0.          0.        ]]
