['S1'] [[0.00000000e+00 1.81506856e-16 0.00000000e+00 2.41425939e-01]
 [0.00000000e+00 1.81506856e-16 0.00000000e+00 4.82851777e-01]
 [0.00000000e+00 1.81506856e-16 0.00000000e+00 9.65703556e-01]
 [0.00000000e+00 1.81506856e-16 0.00000000e+00 1.93140712e+00]
 [0.00000000e+00 1.81506856e-16 0.00000000e+00 3.86281428e+00]
 [0.00000000e+00 1.81506856e-16 0.00000000e+00 7.72562856e+00]
 [0.00000000e+00 1.81506856e-16 0.00000000e+00 1.54512572e+01]
 [0.00000000e+00 1.81506856e-16 0.00000000e+00 3.09025143e+01]
 [0.00000000e+00 1.81506856e-16 0.00000000e+00 0.00000000e+00]
 [0.00000000e+00 1.81506856e-16 0.00000000e+00 0.00000000e+00]]
['S10'] [[0.00000000e+00 1.81506856e-16 0.00000000e+00 1.45760469e-01]
 [0.00000000e+00 1.81506856e-16 0.00000000e+00 2.91520903e-01]
 [0.00000000e+00 1.81506856e-16 0.00000000e+00 5.83041749e-01]
 [0.00000000e+00 1.81506856e-16 0.00000000e+00 1.16608354e+00]
 [0.00000000e+00 1.81506856e-16 0.00000000e+00 2.33216709e+00]
 [0.00000000e+00 1.81506856e-16 0.00000000e+00 4.66433416e+00]
 [0.00000000e+00 1.81506856e-16 0.00000000e+00 9.32866834e+00]
 [0.00000000e+00 1.81506856e-16 0.00000000e+00 1.86573367e+01]
 [0.00000000e+00 1.81506856e-16 0.00000000e+00 3.73146734e+01]
 [0.00000000e+00 1.81506856e-16 0.00000000e+00 0.00000000e+00]]
['S11'] [[ 1.00000000e+00 -2.59295509e-16  0.00000000e+00  1.79536012e-01]
 [ 1.00000000e+00 -2.59295509e-16  0.00000000e+00  3.59071986e-01]
 [ 1.00000000e+00 -2.59295509e-16  0.00000000e+00  7.18144035e-01]
 [ 1.00000000e+00 -2.59295509e-16  0.00000000e+00  1.43628807e+00]
 [ 1.00000000e+00 -2.59295509e-16  0.00000000e+00  2.87257614e+00]
 [ 1.00000000e+00 -2.59295509e-16  0.00000000e+00  5.74515229e+00]
 [ 1.00000000e+00 -2.59295509e-16  0.00000000e+00  1.14903046e+01]
 [ 1.00000000e+00 -2.59295509e-16  0.00000000e+00  2.29806092e+01]
 [ 1.00000000e+00 -2.59295509e-16  0.00000000e+00  4.59613291e+01]
 [ 1.00000000e+00 -2.59295509e-16  0.00000000e+00  0.00000000e+00]]
['S12'] [[0.00000000e+00 1.81506856e-16 0.00000000e+00 2.41425876e-01]
 [0.00000000e+00 1.81506856e-16 0.00000000e+00 4.82851777e-01]
 [0.00000000e+00 1.81506856e-16 0.00000000e+00 9.65703556e-01]
 [0.00000000e+00 1.81506856e-16 0.00000000e+00 1.93140712e+00]
 [0.00000000e+00 1.81506856e-16 0.00000000e+00 3.86281421e+00]
 [0.00000000e+00 1.81506856e-16 0.00000000e+00 7.72562841e+00]
 [0.00000000e+00 1.81506856e-16 0.00000000e+00 1.54512568e+01]
 [0.00000000e+00 1.81506856e-16 0.00000000e+00 3.09025137e+01]
 [0.00000000e+00 1.81506856e-16 0.00000000e+00 0.00000000e+00]
 [0.00000000e+00 1.81506856e-16 0.00000000e+00 0.00000000e+00]]
['S13'] [[ 3.00000000e+00 -1.00796564e-16  0.00000000e+00  1.65981291e-01]
 [ 3.00000000e+00 -1.00796564e-16  0.00000000e+00  3.31962620e-01]
 [ 3.00000000e+00 -1.00796564e-16  0.00000000e+00  6.63925207e-01]
 [ 3.00000000e+00 -1.00796564e-16  0.00000000e+00  1.32785046e+00]
 [ 3.00000000e+00 -1.00796564e-16  0.00000000e+00  2.65570094e+00]
 [ 3.00000000e+00 -1.00796564e-16  0.00000000e+00  5.31140181e+00]
 [ 3.00000000e+00 -1.00796564e-16  0.00000000e+00  1.06228037e+01]
 [ 3.00000000e+00 -1.00796564e-16  0.00000000e+00  2.12456073e+01]
 [ 3.00000000e+00 -1.00796564e-16  0.00000000e+00  4.24912149e+01]
 [ 3.00000000e+00 -1.00796564e-16  0.00000000e+00  0.00000000e+00]]
['S14'] [[2.00000000e+00 7.52322181e-17 0.00000000e+00 1.05654502e-01]
 [2.00000000e+00 7.52322181e-17 0.00000000e+00 2.11309086e-01]
 [2.00000000e+00 7.52322181e-17 0.00000000e+00 4.22618166e-01]
 [2.00000000e+00 7.52322181e-17 0.00000000e+00 8.45236324e-01]
 [2.00000000e+00 7.52322181e-17 0.00000000e+00 1.69047261e+00]
 [2.00000000e+00 7.52322181e-17 0.00000000e+00 3.38094526e+00]
 [2.00000000e+00 7.52322181e-17 0.00000000e+00 6.76189049e+00]
 [2.00000000e+00 7.52322181e-17 0.00000000e+00 1.35237810e+01]
 [2.00000000e+00 7.52322181e-17 0.00000000e+00 2.70475619e+01]
 [2.00000000e+00 7.52322181e-17 0.00000000e+00 0.00000000e+00]]
['S15'] [[0.00000000e+00 1.81506856e-16 0.00000000e+00 2.69498196e-01]
 [0.00000000e+00 1.81506856e-16 0.00000000e+00 5.38996412e-01]
 [0.00000000e+00 1.81506856e-16 0.00000000e+00 1.07799284e+00]
 [0.00000000e+00 1.81506856e-16 0.00000000e+00 2.15598568e+00]
 [0.00000000e+00 1.81506856e-16 0.00000000e+00 4.31197138e+00]
 [0.00000000e+00 1.81506856e-16 0.00000000e+00 8.62394273e+00]
 [0.00000000e+00 1.81506856e-16 0.00000000e+00 1.72478855e+01]
 [0.00000000e+00 1.81506856e-16 0.00000000e+00 3.44957710e+01]
 [0.00000000e+00 1.81506856e-16 0.00000000e+00 0.00000000e+00]
 [0.00000000e+00 1.81506856e-16 0.00000000e+00 0.00000000e+00]]
['S16'] [[0.00000000e+00 1.81506856e-16 0.00000000e+00 2.97991682e-01]
 [0.00000000e+00 1.81506856e-16 0.00000000e+00 5.95983414e-01]
 [0.00000000e+00 1.81506856e-16 0.00000000e+00 1.19196687e+00]
 [0.00000000e+00 1.81506856e-16 0.00000000e+00 2.38393369e+00]
 [0.00000000e+00 1.81506856e-16 0.00000000e+00 4.76786737e+00]
 [0.00000000e+00 1.81506856e-16 0.00000000e+00 9.53573472e+00]
 [0.00000000e+00 1.81506856e-16 0.00000000e+00 1.90714694e+01]
 [0.00000000e+00 1.81506856e-16 0.00000000e+00 3.81429389e+01]
 [0.00000000e+00 1.81506856e-16 0.00000000e+00 0.00000000e+00]
 [0.00000000e+00 1.81506856e-16 0.00000000e+00 0.00000000e+00]]
['S17'] [[ 5.00000000e+00 -1.11798363e-16  0.00000000e+00  1.45760408e-01]
 [ 5.00000000e+00 -1.11798363e-16  0.00000000e+00  2.91520838e-01]
 [ 5.00000000e+00 -1.11798363e-16  0.00000000e+00  5.83041667e-01]
 [ 5.00000000e+00 -1.11798363e-16  0.00000000e+00  1.16608336e+00]
 [ 5.00000000e+00 -1.11798363e-16  0.00000000e+00  2.33216669e+00]
 [ 5.00000000e+00 -1.11798363e-16  0.00000000e+00  4.66433338e+00]
 [ 5.00000000e+00 -1.11798363e-16  0.00000000e+00  9.32866677e+00]
 [ 5.00000000e+00 -1.11798363e-16  0.00000000e+00  1.86573335e+01]
 [ 5.00000000e+00 -1.11798363e-16  0.00000000e+00  3.73146670e+01]
 [ 5.00000000e+00 -1.11798363e-16  0.00000000e+00  0.00000000e+00]]
['S18'] [[ 4.00000000e+00 -1.00431359e-16  0.00000000e+00  1.59226798e-01]
 [ 4.00000000e+00 -1.00431359e-16  0.00000000e+00  3.18453581e-01]
 [ 4.00000000e+00 -1.00431359e-16  0.00000000e+00  6.36907308e-01]
 [ 4.00000000e+00 -1.00431359e-16  0.00000000e+00  1.27381450e+00]
 [ 4.00000000e+00 -1.00431359e-16  0.00000000e+00  2.54762907e+00]
 [ 4.00000000e+00 -1.00431359e-16  0.00000000e+00  5.09525811e+00]
 [ 4.00000000e+00 -1.00431359e-16  0.00000000e+00  1.01905162e+01]
 [ 4.00000000e+00 -1.00431359e-16  0.00000000e+00  2.03810325e+01]
 [ 4.00000000e+00 -1.00431359e-16  0.00000000e+00  4.07620650e+01]
 [ 4.00000000e+00 -1.00431359e-16  0.00000000e+00  0.00000000e+00]]
['S19'] [[0.00000000e+00 1.81506856e-16 0.00000000e+00 2.83688852e-01]
 [0.00000000e+00 1.81506856e-16 0.00000000e+00 5.67377723e-01]
 [0.00000000e+00 1.81506856e-16 0.00000000e+00 1.13475548e+00]
 [0.00000000e+00 1.81506856e-16 0.00000000e+00 2.26951098e+00]
 [0.00000000e+00 1.81506856e-16 0.00000000e+00 4.53902189e+00]
 [0.00000000e+00 1.81506856e-16 0.00000000e+00 9.07804381e+00]
 [0.00000000e+00 1.81506856e-16 0.00000000e+00 1.81560876e+01]
 [0.00000000e+00 1.81506856e-16 0.00000000e+00 3.63121753e+01]
 [0.00000000e+00 1.81506856e-16 0.00000000e+00 0.00000000e+00]
 [0.00000000e+00 1.81506856e-16 0.00000000e+00 0.00000000e+00]]
['S2'] [[ 3.00000000e+00 -1.00796564e-16  0.00000000e+00  2.06847738e-01]
 [ 3.00000000e+00 -1.00796564e-16  0.00000000e+00  4.13695497e-01]
 [ 3.00000000e+00 -1.00796564e-16  0.00000000e+00  8.27391018e-01]
 [ 3.00000000e+00 -1.00796564e-16  0.00000000e+00  1.65478208e+00]
 [ 3.00000000e+00 -1.00796564e-16  0.00000000e+00  3.30956415e+00]
 [ 3.00000000e+00 -1.00796564e-16  0.00000000e+00  6.61912826e+00]
 [ 3.00000000e+00 -1.00796564e-16  0.00000000e+00  1.32382565e+01]
 [ 3.00000000e+00 -1.00796564e-16  0.00000000e+00  2.64765130e+01]
 [ 3.00000000e+00 -1.00796564e-16  0.00000000e+00  0.00000000e+00]
 [ 3.00000000e+00 -1.00796564e-16  0.00000000e+00  0.00000000e+00]]
['S3'] [[2.00000000e+00 7.52322181e-17 0.00000000e+00 1.18979284e-01]
 [2.00000000e+00 7.52322181e-17 0.00000000e+00 2.37958605e-01]
 [2.00000000e+00 7.52322181e-17 0.00000000e+00 4.75917212e-01]
 [2.00000000e+00 7.52322181e-17 0.00000000e+00 9.51834447e-01]
 [2.00000000e+00 7.52322181e-17 0.00000000e+00 1.90366886e+00]
 [2.00000000e+00 7.52322181e-17 0.00000000e+00 3.80733768e+00]
 [2.00000000e+00 7.52322181e-17 0.00000000e+00 7.61467543e+00]
 [2.00000000e+00 7.52322181e-17 0.00000000e+00 1.52293508e+01]
 [2.00000000e+00 7.52322181e-17 0.00000000e+00 3.04587017e+01]
 [2.00000000e+00 7.52322181e-17 0.00000000e+00 0.00000000e+00]]
['S4'] [[0.00000000e+00 1.81506856e-16 0.00000000e+00 2.83688852e-01]
 [0.00000000e+00 1.81506856e-16 0.00000000e+00 5.67377723e-01]
 [0.00000000e+00 1.81506856e-16 0.00000000e+00 1.13475548e+00]
 [0.00000000e+00 1.81506856e-16 0.00000000e+00 2.26951098e+00]
 [0.00000000e+00 1.81506856e-16 0.00000000e+00 4.53902189e+00]
 [0.00000000e+00 1.81506856e-16 0.00000000e+00 9.07804381e+00]
 [0.00000000e+00 1.81506856e-16 0.00000000e+00 1.81560876e+01]
 [0.00000000e+00 1.81506856e-16 0.00000000e+00 3.63121753e+01]
 [0.00000000e+00 1.81506856e-16 0.00000000e+00 0.00000000e+00]
 [0.00000000e+00 1.81506856e-16 0.00000000e+00 0.00000000e+00]]
['S5'] [[ 1.00000000e+00 -2.59295509e-16  0.00000000e+00  1.12311898e-01]
 [ 1.00000000e+00 -2.59295509e-16  0.00000000e+00  2.24623825e-01]
 [ 1.00000000e+00 -2.59295509e-16  0.00000000e+00  4.49247804e-01]
 [ 1.00000000e+00 -2.59295509e-16  0.00000000e+00  8.98495451e-01]
 [ 1.00000000e+00 -2.59295509e-16  0.00000000e+00  1.79699090e+00]
 [ 1.00000000e+00 -2.59295509e-16  0.00000000e+00  3.59398185e+00]
 [ 1.00000000e+00 -2.59295509e-16  0.00000000e+00  7.18796367e+00]
 [ 1.00000000e+00 -2.59295509e-16  0.00000000e+00  1.43759274e+01]
 [ 1.00000000e+00 -2.59295509e-16  0.00000000e+00  2.87518547e+01]
 [ 1.00000000e+00 -2.59295509e-16  0.00000000e+00  0.00000000e+00]]
['S6'] [[0.00000000e+00 1.81506856e-16 0.00000000e+00 2.97991682e-01]
 [0.00000000e+00 1.81506856e-16 0.00000000e+00 5.95983372e-01]
 [0.00000000e+00 1.81506856e-16 0.00000000e+00 1.19196677e+00]
 [0.00000000e+00 1.81506856e-16 0.00000000e+00 2.38393352e+00]
 [0.00000000e+00 1.81506856e-16 0.00000000e+00 4.76786707e+00]
 [0.00000000e+00 1.81506856e-16 0.00000000e+00 9.53573412e+00]
 [0.00000000e+00 1.81506856e-16 0.00000000e+00 1.90714683e+01]
 [0.00000000e+00 1.81506856e-16 0.00000000e+00 3.81429365e+01]
 [0.00000000e+00 1.81506856e-16 0.00000000e+00 0.00000000e+00]
 [0.00000000e+00 1.81506856e-16 0.00000000e+00 0.00000000e+00]]
['S7'] [[2.00000000e+00 7.52322181e-17 0.00000000e+00 1.99992844e-01]
 [2.00000000e+00 7.52322181e-17 0.00000000e+00 3.99985663e-01]
 [2.00000000e+00 7.52322181e-17 0.00000000e+00 7.99971339e-01]
 [2.00000000e+00 7.52322181e-17 0.00000000e+00 1.59994267e+00]
 [2.00000000e+00 7.52322181e-17 0.00000000e+00 3.19988532e+00]
 [2.00000000e+00 7.52322181e-17 0.00000000e+00 6.39977063e+00]
 [2.00000000e+00 7.52322181e-17 0.00000000e+00 1.27995413e+01]
 [2.00000000e+00 7.52322181e-17 0.00000000e+00 2.55990826e+01]
 [2.00000000e+00 7.52322181e-17 0.00000000e+00 0.00000000e+00]
 [2.00000000e+00 7.52322181e-17 0.00000000e+00 0.00000000e+00]]
['S8'] [[0.00000000e+00 1.81506856e-16 0.00000000e+00 2.97991682e-01]
 [0.00000000e+00 1.81506856e-16 0.00000000e+00 5.95983372e-01]
 [0.00000000e+00 1.81506856e-16 0.00000000e+00 1.19196677e+00]
 [0.00000000e+00 1.81506856e-16 0.00000000e+00 2.38393352e+00]
 [0.00000000e+00 1.81506856e-16 0.00000000e+00 4.76786707e+00]
 [0.00000000e+00 1.81506856e-16 0.00000000e+00 9.53573412e+00]
 [0.00000000e+00 1.81506856e-16 0.00000000e+00 1.90714683e+01]
 [0.00000000e+00 1.81506856e-16 0.00000000e+00 3.81429365e+01]
 [0.00000000e+00 1.81506856e-16 0.00000000e+00 0.00000000e+00]
 [0.00000000e+00 1.81506856e-16 0.00000000e+00 0.00000000e+00]]
['S9'] [[2.00000000e+00 7.52322181e-17 0.00000000e+00 1.99992844e-01]
 [2.00000000e+00 7.52322181e-17 0.00000000e+00 3.99985663e-01]
 [2.00000000e+00 7.52322181e-17 0.00000000e+00 7.99971339e-01]
 [2.00000000e+00 7.52322181e-17 0.00000000e+00 1.59994267e+00]
 [2.00000000e+00 7.52322181e-17 0.00000000e+00 3.19988532e+00]
 [2.00000000e+00 7.52322181e-17 0.00000000e+00 6.39977063e+00]
 [2.00000000e+00 7.52322181e-17 0.00000000e+00 1.27995413e+01]
 [2.00000000e+00 7.52322181e-17 0.00000000e+00 2.55990826e+01]
 [2.00000000e+00 7.52322181e-17 0.00000000e+00 0.00000000e+00]
 [2.00000000e+00 7.52322181e-17 0.00000000e+00 0.00000000e+00]]
