['S1'] [[ 6.00000000e+00 -7.59626280e-17  4.60851733e-02]
 [ 1.00000000e+00  2.92163954e-18  3.74497511e-02]
 [ 8.00000000e+00 -2.67330018e-16  1.46794133e-02]
 [ 9.00000000e+00 -1.68724683e-16  9.19177192e-03]
 [ 9.00000000e+00 -1.68724683e-16  0.00000000e+00]
 [ 9.00000000e+00 -1.68724683e-16  0.00000000e+00]
 [ 9.00000000e+00 -1.68724683e-16  0.00000000e+00]
 [ 9.00000000e+00 -1.68724683e-16  0.00000000e+00]
 [ 9.00000000e+00 -1.68724683e-16  0.00000000e+00]
 [ 9.00000000e+00 -1.68724683e-16  0.00000000e+00]
 [ 9.00000000e+00 -1.68724683e-16  0.00000000e+00]
 [ 9.00000000e+00 -1.68724683e-16  0.00000000e+00]
 [ 9.00000000e+00 -1.68724683e-16  0.00000000e+00]
 [ 9.00000000e+00 -1.68724683e-16  0.00000000e+00]
 [ 9.00000000e+00 -1.68724683e-16  0.00000000e+00]]
['S10'] [[ 3.00000000e+00  9.00230183e-17  5.26801760e-02]
 [ 7.00000000e+00  5.67893685e-17  1.38897291e-02]
 [ 8.00000000e+00 -2.67330018e-16  1.85221645e-03]
 [ 3.00000000e+00  9.00230183e-17  5.55515290e-05]
 [ 3.00000000e+00  9.00230183e-17  5.96046448e-08]
 [ 3.00000000e+00  9.00230183e-17 -1.19209290e-07]
 [ 3.00000000e+00  9.00230183e-17  1.19209290e-07]
 [ 3.00000000e+00  9.00230183e-17 -1.19209290e-07]
 [ 3.00000000e+00  9.00230183e-17  1.19209290e-07]
 [ 3.00000000e+00  9.00230183e-17 -1.19209290e-07]
 [ 3.00000000e+00  9.00230183e-17  1.19209290e-07]
 [ 3.00000000e+00  9.00230183e-17 -1.19209290e-07]
 [ 3.00000000e+00  9.00230183e-17  1.19209290e-07]
 [ 3.00000000e+00  9.00230183e-17 -1.19209290e-07]
 [ 3.00000000e+00  9.00230183e-17  1.19209290e-07]]
['S11'] [[ 6.00000000e+00 -7.59626280e-17  5.92798800e-02]
 [ 3.00000000e+00  9.00230183e-17  2.91530202e-02]
 [ 6.00000000e+00 -7.59626280e-17  1.39361710e-03]
 [ 3.00000000e+00  9.00230183e-17  6.65783883e-05]
 [ 6.00000000e+00 -7.59626280e-17  3.21865082e-06]
 [ 3.00000000e+00  9.00230183e-17  1.78813934e-07]
 [ 6.00000000e+00 -7.59626280e-17  5.96046448e-08]
 [ 3.00000000e+00  9.00230183e-17  0.00000000e+00]
 [ 3.00000000e+00  9.00230183e-17  0.00000000e+00]
 [ 3.00000000e+00  9.00230183e-17  0.00000000e+00]
 [ 3.00000000e+00  9.00230183e-17  0.00000000e+00]
 [ 3.00000000e+00  9.00230183e-17  0.00000000e+00]
 [ 3.00000000e+00  9.00230183e-17  0.00000000e+00]
 [ 3.00000000e+00  9.00230183e-17  0.00000000e+00]
 [ 3.00000000e+00  9.00230183e-17  0.00000000e+00]]
['S12'] [[ 5.00000000e+00 -2.73903707e-18  2.63218856e-02]
 [ 1.00000000e+00  2.92163954e-18  1.00488469e-02]
 [ 1.00000000e+00  2.92163954e-18  0.00000000e+00]
 [ 1.00000000e+00  2.92163954e-18  0.00000000e+00]
 [ 1.00000000e+00  2.92163954e-18  0.00000000e+00]
 [ 1.00000000e+00  2.92163954e-18  0.00000000e+00]
 [ 1.00000000e+00  2.92163954e-18  0.00000000e+00]
 [ 1.00000000e+00  2.92163954e-18  0.00000000e+00]
 [ 1.00000000e+00  2.92163954e-18  0.00000000e+00]
 [ 1.00000000e+00  2.92163954e-18  0.00000000e+00]
 [ 1.00000000e+00  2.92163954e-18  0.00000000e+00]
 [ 1.00000000e+00  2.92163954e-18  0.00000000e+00]
 [ 1.00000000e+00  2.92163954e-18  0.00000000e+00]
 [ 1.00000000e+00  2.92163954e-18  0.00000000e+00]
 [ 1.00000000e+00  2.92163954e-18  0.00000000e+00]]
['S13'] [[ 4.00000000e+00 -1.63977019e-16  1.97393898e-02]
 [ 4.00000000e+00 -1.63977019e-16  0.00000000e+00]
 [ 4.00000000e+00 -1.63977019e-16  0.00000000e+00]
 [ 4.00000000e+00 -1.63977019e-16  0.00000000e+00]
 [ 4.00000000e+00 -1.63977019e-16  0.00000000e+00]
 [ 4.00000000e+00 -1.63977019e-16  0.00000000e+00]
 [ 4.00000000e+00 -1.63977019e-16  0.00000000e+00]
 [ 4.00000000e+00 -1.63977019e-16  0.00000000e+00]
 [ 4.00000000e+00 -1.63977019e-16  0.00000000e+00]
 [ 4.00000000e+00 -1.63977019e-16  0.00000000e+00]
 [ 4.00000000e+00 -1.63977019e-16  0.00000000e+00]
 [ 4.00000000e+00 -1.63977019e-16  0.00000000e+00]
 [ 4.00000000e+00 -1.63977019e-16  0.00000000e+00]
 [ 4.00000000e+00 -1.63977019e-16  0.00000000e+00]
 [ 4.00000000e+00 -1.63977019e-16  0.00000000e+00]]
['S14'] [[ 6.00000000e+00 -7.59626280e-17  7.24951174e-02]
 [ 4.00000000e+00 -1.63977019e-16  1.98433214e-02]
 [ 6.00000000e+00 -7.59626280e-17  2.84910202e-05]
 [ 4.00000000e+00 -1.63977019e-16  5.96046448e-08]
 [ 4.00000000e+00 -1.63977019e-16  5.96046448e-08]
 [ 6.00000000e+00 -7.59626280e-17  1.19209290e-07]
 [ 4.00000000e+00 -1.63977019e-16 -1.19209290e-07]
 [ 4.00000000e+00 -1.63977019e-16  1.19209290e-07]
 [ 4.00000000e+00 -1.63977019e-16 -1.19209290e-07]
 [ 4.00000000e+00 -1.63977019e-16  1.19209290e-07]
 [ 4.00000000e+00 -1.63977019e-16 -1.19209290e-07]
 [ 4.00000000e+00 -1.63977019e-16  1.19209290e-07]
 [ 4.00000000e+00 -1.63977019e-16 -1.19209290e-07]
 [ 4.00000000e+00 -1.63977019e-16  1.19209290e-07]
 [ 4.00000000e+00 -1.63977019e-16 -1.19209290e-07]]
['S15'] [[ 5.00000000e+00 -2.73903707e-18  3.94941742e-02]
 [ 3.00000000e+00  9.00230183e-17  2.21989254e-02]
 [ 9.00000000e+00 -1.68724683e-16  2.23085926e-02]
 [ 3.00000000e+00  9.00230183e-17  1.24347274e-03]
 [ 9.00000000e+00 -1.68724683e-16  6.93202020e-05]
 [ 3.00000000e+00  9.00230183e-17  3.81469727e-06]
 [ 9.00000000e+00 -1.68724683e-16  2.38418579e-07]
 [ 3.00000000e+00  9.00230183e-17  5.96046448e-08]
 [ 3.00000000e+00  9.00230183e-17  0.00000000e+00]
 [ 3.00000000e+00  9.00230183e-17  0.00000000e+00]
 [ 3.00000000e+00  9.00230183e-17  0.00000000e+00]
 [ 3.00000000e+00  9.00230183e-17  0.00000000e+00]
 [ 3.00000000e+00  9.00230183e-17  0.00000000e+00]
 [ 3.00000000e+00  9.00230183e-17  0.00000000e+00]
 [ 3.00000000e+00  9.00230183e-17  0.00000000e+00]]
['S16'] [[ 6.00000000e+00 -7.59626280e-17  5.92798800e-02]
 [ 6.00000000e+00 -7.59626280e-17  5.96046448e-08]
 [ 6.00000000e+00 -7.59626280e-17  0.00000000e+00]
 [ 6.00000000e+00 -7.59626280e-17  0.00000000e+00]
 [ 6.00000000e+00 -7.59626280e-17  0.00000000e+00]
 [ 6.00000000e+00 -7.59626280e-17  0.00000000e+00]
 [ 6.00000000e+00 -7.59626280e-17  0.00000000e+00]
 [ 6.00000000e+00 -7.59626280e-17  0.00000000e+00]
 [ 6.00000000e+00 -7.59626280e-17  0.00000000e+00]
 [ 6.00000000e+00 -7.59626280e-17  0.00000000e+00]
 [ 6.00000000e+00 -7.59626280e-17  0.00000000e+00]
 [ 6.00000000e+00 -7.59626280e-17  0.00000000e+00]
 [ 6.00000000e+00 -7.59626280e-17  0.00000000e+00]
 [ 6.00000000e+00 -7.59626280e-17  0.00000000e+00]
 [ 6.00000000e+00 -7.59626280e-17  0.00000000e+00]]
['S17'] [[ 3.00000000e+00  9.00230183e-17  5.26802358e-02]
 [ 4.00000000e+00 -1.63977019e-16  3.47361731e-02]
 [ 3.00000000e+00  9.00230183e-17  1.20711385e-03]
 [ 4.00000000e+00 -1.63977019e-16  4.20212746e-05]
 [ 3.00000000e+00  9.00230183e-17  1.43051147e-06]
 [ 4.00000000e+00 -1.63977019e-16  5.96046448e-08]
 [ 3.00000000e+00  9.00230183e-17  1.19209290e-07]
 [ 4.00000000e+00 -1.63977019e-16  0.00000000e+00]
 [ 4.00000000e+00 -1.63977019e-16  0.00000000e+00]
 [ 4.00000000e+00 -1.63977019e-16  0.00000000e+00]
 [ 4.00000000e+00 -1.63977019e-16  0.00000000e+00]
 [ 4.00000000e+00 -1.63977019e-16  0.00000000e+00]
 [ 4.00000000e+00 -1.63977019e-16  0.00000000e+00]
 [ 4.00000000e+00 -1.63977019e-16  0.00000000e+00]
 [ 4.00000000e+00 -1.63977019e-16  0.00000000e+00]]
['S18'] [[ 5.00000000e+00 -2.73903707e-18  3.94941742e-02]
 [ 7.00000000e+00  5.67893685e-17  2.68835202e-02]
 [ 1.00000000e+00  2.92163954e-18  7.96191827e-03]
 [ 2.00000000e+00 -2.70251657e-16  1.55687333e-04]
 [ 2.00000000e+00 -2.70251657e-16 -1.19209290e-07]
 [ 2.00000000e+00 -2.70251657e-16  0.00000000e+00]
 [ 2.00000000e+00 -2.70251657e-16  0.00000000e+00]
 [ 2.00000000e+00 -2.70251657e-16  0.00000000e+00]
 [ 2.00000000e+00 -2.70251657e-16  0.00000000e+00]
 [ 2.00000000e+00 -2.70251657e-16  0.00000000e+00]
 [ 2.00000000e+00 -2.70251657e-16  0.00000000e+00]
 [ 2.00000000e+00 -2.70251657e-16  0.00000000e+00]
 [ 2.00000000e+00 -2.70251657e-16  0.00000000e+00]
 [ 2.00000000e+00 -2.70251657e-16  0.00000000e+00]
 [ 2.00000000e+00 -2.70251657e-16  0.00000000e+00]]
['S19'] [[ 6.00000000e+00 -7.59626280e-17  9.90064243e-02]
 [ 1.00000000e+00  2.92163954e-18  3.52871180e-02]
 [ 2.00000000e+00 -2.70251657e-16  6.44996766e-03]
 [ 2.00000000e+00 -2.70251657e-16  0.00000000e+00]
 [ 2.00000000e+00 -2.70251657e-16  0.00000000e+00]
 [ 2.00000000e+00 -2.70251657e-16  0.00000000e+00]
 [ 2.00000000e+00 -2.70251657e-16  0.00000000e+00]
 [ 2.00000000e+00 -2.70251657e-16  0.00000000e+00]
 [ 2.00000000e+00 -2.70251657e-16  0.00000000e+00]
 [ 2.00000000e+00 -2.70251657e-16  0.00000000e+00]
 [ 2.00000000e+00 -2.70251657e-16  0.00000000e+00]
 [ 2.00000000e+00 -2.70251657e-16  0.00000000e+00]
 [ 2.00000000e+00 -2.70251657e-16  0.00000000e+00]
 [ 2.00000000e+00 -2.70251657e-16  0.00000000e+00]
 [ 2.00000000e+00 -2.70251657e-16  0.00000000e+00]]
['S2'] [[ 5.00000000e+00 -2.73903707e-18  3.94941742e-02]
 [ 3.00000000e+00  9.00230183e-17  2.21988657e-02]
 [ 8.00000000e+00 -2.67330018e-16  5.76949561e-03]
 [ 7.00000000e+00  5.67893685e-17  6.74724681e-04]
 [ 7.00000000e+00  5.67893685e-17  5.96046448e-08]
 [ 7.00000000e+00  5.67893685e-17  0.00000000e+00]
 [ 7.00000000e+00  5.67893685e-17  0.00000000e+00]
 [ 7.00000000e+00  5.67893685e-17  0.00000000e+00]
 [ 7.00000000e+00  5.67893685e-17  0.00000000e+00]
 [ 7.00000000e+00  5.67893685e-17  0.00000000e+00]
 [ 7.00000000e+00  5.67893685e-17  0.00000000e+00]
 [ 7.00000000e+00  5.67893685e-17  0.00000000e+00]
 [ 7.00000000e+00  5.67893685e-17  0.00000000e+00]
 [ 7.00000000e+00  5.67893685e-17  0.00000000e+00]
 [ 7.00000000e+00  5.67893685e-17  0.00000000e+00]]
['S3'] [[ 5.00000000e+00 -2.73903707e-18  3.94941742e-02]
 [ 6.00000000e+00 -7.59626280e-17  2.05508191e-02]
 [ 7.00000000e+00  5.67893685e-17  1.35965380e-02]
 [ 5.00000000e+00 -2.73903707e-18  6.18040640e-04]
 [ 7.00000000e+00  5.67893685e-17  8.94069672e-06]
 [ 5.00000000e+00 -2.73903707e-18  1.19209290e-07]
 [ 5.00000000e+00 -2.73903707e-18  0.00000000e+00]
 [ 5.00000000e+00 -2.73903707e-18  0.00000000e+00]
 [ 5.00000000e+00 -2.73903707e-18  0.00000000e+00]
 [ 5.00000000e+00 -2.73903707e-18  0.00000000e+00]
 [ 5.00000000e+00 -2.73903707e-18  0.00000000e+00]
 [ 5.00000000e+00 -2.73903707e-18  0.00000000e+00]
 [ 5.00000000e+00 -2.73903707e-18  0.00000000e+00]
 [ 5.00000000e+00 -2.73903707e-18  0.00000000e+00]
 [ 5.00000000e+00 -2.73903707e-18  0.00000000e+00]]
['S4'] [[1.00000000e+00 2.92163954e-18 3.94941742e-02]
 [1.00000000e+00 2.92163954e-18 0.00000000e+00]
 [1.00000000e+00 2.92163954e-18 0.00000000e+00]
 [1.00000000e+00 2.92163954e-18 0.00000000e+00]
 [1.00000000e+00 2.92163954e-18 0.00000000e+00]
 [1.00000000e+00 2.92163954e-18 0.00000000e+00]
 [1.00000000e+00 2.92163954e-18 0.00000000e+00]
 [1.00000000e+00 2.92163954e-18 0.00000000e+00]
 [1.00000000e+00 2.92163954e-18 0.00000000e+00]
 [1.00000000e+00 2.92163954e-18 0.00000000e+00]
 [1.00000000e+00 2.92163954e-18 0.00000000e+00]
 [1.00000000e+00 2.92163954e-18 0.00000000e+00]
 [1.00000000e+00 2.92163954e-18 0.00000000e+00]
 [1.00000000e+00 2.92163954e-18 0.00000000e+00]
 [1.00000000e+00 2.92163954e-18 0.00000000e+00]]
['S5'] [[ 6.00000000e+00 -7.59626280e-17  5.92798201e-02]
 [ 3.00000000e+00  9.00230183e-17  1.59418974e-02]
 [ 6.00000000e+00 -7.59626280e-17  7.49468944e-04]
 [ 3.00000000e+00  9.00230183e-17  3.52859497e-05]
 [ 6.00000000e+00 -7.59626280e-17  1.60932541e-06]
 [ 3.00000000e+00  9.00230183e-17  5.96046448e-08]
 [ 3.00000000e+00  9.00230183e-17  0.00000000e+00]
 [ 3.00000000e+00  9.00230183e-17  0.00000000e+00]
 [ 3.00000000e+00  9.00230183e-17  0.00000000e+00]
 [ 3.00000000e+00  9.00230183e-17  0.00000000e+00]
 [ 3.00000000e+00  9.00230183e-17  0.00000000e+00]
 [ 3.00000000e+00  9.00230183e-17  0.00000000e+00]
 [ 3.00000000e+00  9.00230183e-17  0.00000000e+00]
 [ 3.00000000e+00  9.00230183e-17  0.00000000e+00]
 [ 3.00000000e+00  9.00230183e-17  0.00000000e+00]]
['S6'] [[ 6.00000000e+00 -7.59626280e-17  3.29065433e-02]
 [ 6.00000000e+00 -7.59626280e-17  1.19209290e-07]
 [ 6.00000000e+00 -7.59626280e-17  0.00000000e+00]
 [ 6.00000000e+00 -7.59626280e-17  0.00000000e+00]
 [ 6.00000000e+00 -7.59626280e-17  0.00000000e+00]
 [ 6.00000000e+00 -7.59626280e-17  0.00000000e+00]
 [ 6.00000000e+00 -7.59626280e-17  0.00000000e+00]
 [ 6.00000000e+00 -7.59626280e-17  0.00000000e+00]
 [ 6.00000000e+00 -7.59626280e-17  0.00000000e+00]
 [ 6.00000000e+00 -7.59626280e-17  0.00000000e+00]
 [ 6.00000000e+00 -7.59626280e-17  0.00000000e+00]
 [ 6.00000000e+00 -7.59626280e-17  0.00000000e+00]
 [ 6.00000000e+00 -7.59626280e-17  0.00000000e+00]
 [ 6.00000000e+00 -7.59626280e-17  0.00000000e+00]
 [ 6.00000000e+00 -7.59626280e-17  0.00000000e+00]]
['S7'] [[ 8.00000000e+00 -2.67330018e-16  1.97393898e-02]
 [ 8.00000000e+00 -2.67330018e-16  0.00000000e+00]
 [ 8.00000000e+00 -2.67330018e-16  0.00000000e+00]
 [ 8.00000000e+00 -2.67330018e-16  0.00000000e+00]
 [ 8.00000000e+00 -2.67330018e-16  0.00000000e+00]
 [ 8.00000000e+00 -2.67330018e-16  0.00000000e+00]
 [ 8.00000000e+00 -2.67330018e-16  0.00000000e+00]
 [ 8.00000000e+00 -2.67330018e-16  0.00000000e+00]
 [ 8.00000000e+00 -2.67330018e-16  0.00000000e+00]
 [ 8.00000000e+00 -2.67330018e-16  0.00000000e+00]
 [ 8.00000000e+00 -2.67330018e-16  0.00000000e+00]
 [ 8.00000000e+00 -2.67330018e-16  0.00000000e+00]
 [ 8.00000000e+00 -2.67330018e-16  0.00000000e+00]
 [ 8.00000000e+00 -2.67330018e-16  0.00000000e+00]
 [ 8.00000000e+00 -2.67330018e-16  0.00000000e+00]]
['S8'] [[ 5.00000000e+00 -2.73903707e-18  2.63218856e-02]
 [ 1.00000000e+00  2.92163954e-18  2.32197044e-02]
 [ 1.00000000e+00  2.92163954e-18  0.00000000e+00]
 [ 1.00000000e+00  2.92163954e-18  0.00000000e+00]
 [ 1.00000000e+00  2.92163954e-18  0.00000000e+00]
 [ 1.00000000e+00  2.92163954e-18  0.00000000e+00]
 [ 1.00000000e+00  2.92163954e-18  0.00000000e+00]
 [ 1.00000000e+00  2.92163954e-18  0.00000000e+00]
 [ 1.00000000e+00  2.92163954e-18  0.00000000e+00]
 [ 1.00000000e+00  2.92163954e-18  0.00000000e+00]
 [ 1.00000000e+00  2.92163954e-18  0.00000000e+00]
 [ 1.00000000e+00  2.92163954e-18  0.00000000e+00]
 [ 1.00000000e+00  2.92163954e-18  0.00000000e+00]
 [ 1.00000000e+00  2.92163954e-18  0.00000000e+00]
 [ 1.00000000e+00  2.92163954e-18  0.00000000e+00]]
['S9'] [[ 6.00000000e+00 -7.59626280e-17  9.90064243e-02]
 [ 8.00000000e+00 -2.67330018e-16  1.46869848e-02]
 [ 4.00000000e+00 -1.63977019e-16  7.06702315e-03]
 [ 8.00000000e+00 -2.67330018e-16  2.03728679e-04]
 [ 4.00000000e+00 -1.63977019e-16  5.90085983e-06]
 [ 8.00000000e+00 -2.67330018e-16  1.19209290e-07]
 [ 8.00000000e+00 -2.67330018e-16  5.96046448e-08]
 [ 4.00000000e+00 -1.63977019e-16  0.00000000e+00]
 [ 4.00000000e+00 -1.63977019e-16  0.00000000e+00]
 [ 4.00000000e+00 -1.63977019e-16  0.00000000e+00]
 [ 4.00000000e+00 -1.63977019e-16  0.00000000e+00]
 [ 4.00000000e+00 -1.63977019e-16  0.00000000e+00]
 [ 4.00000000e+00 -1.63977019e-16  0.00000000e+00]
 [ 4.00000000e+00 -1.63977019e-16  0.00000000e+00]
 [ 4.00000000e+00 -1.63977019e-16  0.00000000e+00]]
