['S1'] [[0.00000000e+00 1.37317058e-16 0.00000000e+00 1.72750764e-01]
 [0.00000000e+00 1.37317058e-16 0.00000000e+00 3.45501537e-01]
 [0.00000000e+00 1.37317058e-16 0.00000000e+00 6.91003092e-01]
 [0.00000000e+00 1.37317058e-16 0.00000000e+00 1.38200624e+00]
 [0.00000000e+00 1.37317058e-16 0.00000000e+00 2.76401243e+00]]
['S10'] [[7.00000000e+00 2.05610383e-16 0.00000000e+00 1.25657214e-01]
 [7.00000000e+00 2.05610383e-16 0.00000000e+00 2.51314413e-01]
 [7.00000000e+00 2.05610383e-16 0.00000000e+00 5.02628903e-01]
 [7.00000000e+00 2.05610383e-16 0.00000000e+00 1.00525776e+00]
 [7.00000000e+00 2.05610383e-16 0.00000000e+00 2.01051551e+00]]
['S11'] [[1.00000000e+00 3.35988547e-17 0.00000000e+00 2.48407470e-01]
 [1.00000000e+00 3.35988547e-17 0.00000000e+00 4.96814895e-01]
 [1.00000000e+00 3.35988547e-17 0.00000000e+00 9.93629832e-01]
 [1.00000000e+00 3.35988547e-17 0.00000000e+00 1.98725966e+00]
 [1.00000000e+00 3.35988547e-17 0.00000000e+00 3.97451934e+00]]
['S12'] [[ 6.00000000e+00 -7.97972799e-17  0.00000000e+00  1.12312019e-01]
 [ 6.00000000e+00 -7.97972799e-17  0.00000000e+00  2.24624013e-01]
 [ 6.00000000e+00 -7.97972799e-17  0.00000000e+00  4.49247949e-01]
 [ 6.00000000e+00 -7.97972799e-17  0.00000000e+00  8.98496001e-01]
 [ 6.00000000e+00 -7.97972799e-17  0.00000000e+00  1.79699198e+00]]
['S13'] [[0.00000000e+00 1.37317058e-16 0.00000000e+00 1.59226859e-01]
 [0.00000000e+00 1.37317058e-16 0.00000000e+00 3.18453713e-01]
 [0.00000000e+00 1.37317058e-16 0.00000000e+00 6.36907439e-01]
 [0.00000000e+00 1.37317058e-16 0.00000000e+00 1.27381489e+00]
 [0.00000000e+00 1.37317058e-16 0.00000000e+00 2.54762976e+00]]
['S14'] [[0.00000000e+00 1.37317058e-16 0.00000000e+00 1.72750764e-01]
 [0.00000000e+00 1.37317058e-16 0.00000000e+00 3.45501604e-01]
 [0.00000000e+00 1.37317058e-16 0.00000000e+00 6.91003184e-01]
 [0.00000000e+00 1.37317058e-16 0.00000000e+00 1.38200637e+00]
 [0.00000000e+00 1.37317058e-16 0.00000000e+00 2.76401273e+00]]
['S15'] [[ 3.00000000e+00 -3.50596745e-17  0.00000000e+00  2.27531005e-01]
 [ 3.00000000e+00 -3.50596745e-17  0.00000000e+00  4.55062009e-01]
 [ 3.00000000e+00 -3.50596745e-17  0.00000000e+00  9.10124060e-01]
 [ 3.00000000e+00 -3.50596745e-17  0.00000000e+00  1.82024812e+00]
 [ 3.00000000e+00 -3.50596745e-17  0.00000000e+00  3.64049621e+00]]
['S16'] [[1.00000000e+00 3.35988547e-17 0.00000000e+00 2.20616173e-01]
 [1.00000000e+00 3.35988547e-17 0.00000000e+00 4.41232262e-01]
 [1.00000000e+00 3.35988547e-17 0.00000000e+00 8.82464573e-01]
 [1.00000000e+00 3.35988547e-17 0.00000000e+00 1.76492918e+00]
 [1.00000000e+00 3.35988547e-17 0.00000000e+00 3.52985832e+00]]
['S17'] [[ 9.00000000e+00  1.40603903e-17  1.00000000e+00  8.57358020e-02]
 [ 5.00000000e+00  4.80609704e-16  1.00000000e+00  8.75128915e-02]
 [ 4.00000000e+00  2.52539218e-16  1.00000000e+00  8.13749154e-02]
 [ 3.00000000e+00 -3.50596745e-17  0.00000000e+00  7.33070602e-02]
 [ 3.00000000e+00 -3.50596745e-17  0.00000000e+00  1.46614113e-01]]
['S18'] [[ 6.00000000e+00 -7.97972799e-17  0.00000000e+00  1.65981291e-01]
 [ 6.00000000e+00 -7.97972799e-17  0.00000000e+00  3.31962620e-01]
 [ 6.00000000e+00 -7.97972799e-17  0.00000000e+00  6.63925207e-01]
 [ 6.00000000e+00 -7.97972799e-17  0.00000000e+00  1.32785046e+00]
 [ 6.00000000e+00 -7.97972799e-17  0.00000000e+00  2.65570089e+00]]
['S19'] [[1.00000000e+00 3.35988547e-17 0.00000000e+00 1.93156325e-01]
 [1.00000000e+00 3.35988547e-17 0.00000000e+00 3.86312657e-01]
 [1.00000000e+00 3.35988547e-17 0.00000000e+00 7.72625386e-01]
 [1.00000000e+00 3.35988547e-17 0.00000000e+00 1.54525072e+00]
 [1.00000000e+00 3.35988547e-17 0.00000000e+00 3.09050144e+00]]
['S2'] [[0.00000000e+00 1.37317058e-16 0.00000000e+00 1.72750764e-01]
 [0.00000000e+00 1.37317058e-16 0.00000000e+00 3.45501604e-01]
 [0.00000000e+00 1.37317058e-16 0.00000000e+00 6.91003184e-01]
 [0.00000000e+00 1.37317058e-16 0.00000000e+00 1.38200640e+00]
 [0.00000000e+00 1.37317058e-16 0.00000000e+00 2.76401279e+00]]
['S3'] [[2.00000000e+00 3.22841169e-16 0.00000000e+00 1.86337594e-01]
 [2.00000000e+00 3.22841169e-16 0.00000000e+00 3.72675243e-01]
 [2.00000000e+00 3.22841169e-16 0.00000000e+00 7.45350441e-01]
 [2.00000000e+00 3.22841169e-16 0.00000000e+00 1.49070092e+00]
 [2.00000000e+00 3.22841169e-16 0.00000000e+00 2.98140180e+00]]
['S4'] [[1.00000000e+00 3.35988547e-17 0.00000000e+00 2.48407407e-01]
 [1.00000000e+00 3.35988547e-17 0.00000000e+00 4.96814744e-01]
 [1.00000000e+00 3.35988547e-17 0.00000000e+00 9.93629586e-01]
 [1.00000000e+00 3.35988547e-17 0.00000000e+00 1.98725920e+00]
 [1.00000000e+00 3.35988547e-17 0.00000000e+00 3.97451839e+00]]
['S5'] [[0.00000000e+00 1.37317058e-16 0.00000000e+00 1.86337594e-01]
 [0.00000000e+00 1.37317058e-16 0.00000000e+00 3.72675311e-01]
 [0.00000000e+00 1.37317058e-16 0.00000000e+00 7.45350540e-01]
 [0.00000000e+00 1.37317058e-16 0.00000000e+00 1.49070108e+00]
 [0.00000000e+00 1.37317058e-16 0.00000000e+00 2.98140221e+00]]
['S6'] [[4.00000000e+00 2.52539218e-16 0.00000000e+00 1.32346252e-01]
 [4.00000000e+00 2.52539218e-16 0.00000000e+00 2.64692572e-01]
 [4.00000000e+00 2.52539218e-16 0.00000000e+00 5.29385084e-01]
 [4.00000000e+00 2.52539218e-16 0.00000000e+00 1.05877022e+00]
 [4.00000000e+00 2.52539218e-16 0.00000000e+00 2.11754042e+00]]
['S7'] [[2.00000000e+00 3.22841169e-16 0.00000000e+00 1.86337594e-01]
 [2.00000000e+00 3.22841169e-16 0.00000000e+00 3.72675243e-01]
 [2.00000000e+00 3.22841169e-16 0.00000000e+00 7.45350441e-01]
 [2.00000000e+00 3.22841169e-16 0.00000000e+00 1.49070092e+00]
 [2.00000000e+00 3.22841169e-16 0.00000000e+00 2.98140180e+00]]
['S8'] [[1.00000000e+00 3.35988547e-17 0.00000000e+00 2.48407470e-01]
 [1.00000000e+00 3.35988547e-17 0.00000000e+00 4.96814895e-01]
 [1.00000000e+00 3.35988547e-17 0.00000000e+00 9.93629867e-01]
 [1.00000000e+00 3.35988547e-17 0.00000000e+00 1.98725971e+00]
 [1.00000000e+00 3.35988547e-17 0.00000000e+00 3.97451938e+00]]
['S9'] [[ 3.00000000e+00 -3.50596745e-17  0.00000000e+00  1.86337656e-01]
 [ 3.00000000e+00 -3.50596745e-17  0.00000000e+00  3.72675311e-01]
 [ 3.00000000e+00 -3.50596745e-17  0.00000000e+00  7.45350590e-01]
 [ 3.00000000e+00 -3.50596745e-17  0.00000000e+00  1.49070124e+00]
 [ 3.00000000e+00 -3.50596745e-17  0.00000000e+00  2.98140249e+00]]
