['S1'] [[2.00000000e+00 4.96678722e-17 0.00000000e+00 1.79536073e-01]
 [2.00000000e+00 4.96678722e-17 0.00000000e+00 3.59072122e-01]
 [2.00000000e+00 4.96678722e-17 0.00000000e+00 7.18144227e-01]
 [2.00000000e+00 4.96678722e-17 0.00000000e+00 1.43628844e+00]
 [2.00000000e+00 4.96678722e-17 0.00000000e+00 2.87257688e+00]]
['S10'] [[1.40000000e+01 8.03450873e-17 0.00000000e+00 2.41425813e-01]
 [1.40000000e+01 8.03450873e-17 0.00000000e+00 4.82851628e-01]
 [1.40000000e+01 8.03450873e-17 0.00000000e+00 9.65703353e-01]
 [1.40000000e+01 8.03450873e-17 0.00000000e+00 1.93140670e+00]
 [1.40000000e+01 8.03450873e-17 0.00000000e+00 3.86281336e+00]]
['S11'] [[ 1.20000000e+01 -2.48339361e-17  0.00000000e+00  2.06847800e-01]
 [ 1.20000000e+01 -2.48339361e-17  0.00000000e+00  4.13695637e-01]
 [ 1.20000000e+01 -2.48339361e-17  0.00000000e+00  8.27391239e-01]
 [ 1.20000000e+01 -2.48339361e-17  0.00000000e+00  1.65478247e+00]
 [ 1.20000000e+01 -2.48339361e-17  0.00000000e+00  3.30956494e+00]]
['S12'] [[1.40000000e+01 8.03450873e-17 0.00000000e+00 2.13721978e-01]
 [1.40000000e+01 8.03450873e-17 0.00000000e+00 4.27444038e-01]
 [1.40000000e+01 8.03450873e-17 0.00000000e+00 8.54888051e-01]
 [1.40000000e+01 8.03450873e-17 0.00000000e+00 1.70977608e+00]
 [1.40000000e+01 8.03450873e-17 0.00000000e+00 3.41955213e+00]]
['S13'] [[1.40000000e+01 8.03450873e-17 0.00000000e+00 1.86337656e-01]
 [1.40000000e+01 8.03450873e-17 0.00000000e+00 3.72675311e-01]
 [1.40000000e+01 8.03450873e-17 0.00000000e+00 7.45350640e-01]
 [1.40000000e+01 8.03450873e-17 0.00000000e+00 1.49070124e+00]
 [1.40000000e+01 8.03450873e-17 0.00000000e+00 2.98140249e+00]]
['S14'] [[1.00000000e+00 7.30409885e-17 0.00000000e+00 1.72750764e-01]
 [1.00000000e+00 7.30409885e-17 0.00000000e+00 3.45501604e-01]
 [1.00000000e+00 7.30409885e-17 0.00000000e+00 6.91003184e-01]
 [1.00000000e+00 7.30409885e-17 0.00000000e+00 1.38200634e+00]
 [1.00000000e+00 7.30409885e-17 0.00000000e+00 2.76401273e+00]]
['S15'] [[ 3.00000000e+00 -2.97276823e-16  0.00000000e+00  2.06847800e-01]
 [ 3.00000000e+00 -2.97276823e-16  0.00000000e+00  4.13695637e-01]
 [ 3.00000000e+00 -2.97276823e-16  0.00000000e+00  8.27391239e-01]
 [ 3.00000000e+00 -2.97276823e-16  0.00000000e+00  1.65478247e+00]
 [ 3.00000000e+00 -2.97276823e-16  0.00000000e+00  3.30956494e+00]]
['S16'] [[2.00000000e+00 4.96678722e-17 0.00000000e+00 1.93156325e-01]
 [2.00000000e+00 4.96678722e-17 0.00000000e+00 3.86312588e-01]
 [2.00000000e+00 4.96678722e-17 0.00000000e+00 7.72625180e-01]
 [2.00000000e+00 4.96678722e-17 0.00000000e+00 1.54525045e+00]
 [2.00000000e+00 4.96678722e-17 0.00000000e+00 3.09050088e+00]]
['S17'] [[ 4.00000000e+00 -3.11337213e-16  0.00000000e+00  1.93156325e-01]
 [ 4.00000000e+00 -3.11337213e-16  0.00000000e+00  3.86312588e-01]
 [ 4.00000000e+00 -3.11337213e-16  0.00000000e+00  7.72625180e-01]
 [ 4.00000000e+00 -3.11337213e-16  0.00000000e+00  1.54525045e+00]
 [ 4.00000000e+00 -3.11337213e-16  0.00000000e+00  3.09050088e+00]]
['S18'] [[ 1.00000000e+01 -2.92163954e-17  1.00000000e+00  1.52486804e-01]
 [ 1.30000000e+01 -4.06404625e-17  0.00000000e+00  1.35304695e-01]
 [ 1.30000000e+01 -4.06404625e-17  0.00000000e+00  2.70609415e-01]
 [ 1.30000000e+01 -4.06404625e-17  0.00000000e+00  5.41218900e-01]
 [ 1.30000000e+01 -4.06404625e-17  0.00000000e+00  1.08243776e+00]]
['S19'] [[2.00000000e+00 4.96678722e-17 0.00000000e+00 2.06847800e-01]
 [2.00000000e+00 4.96678722e-17 0.00000000e+00 4.13695637e-01]
 [2.00000000e+00 4.96678722e-17 0.00000000e+00 8.27391239e-01]
 [2.00000000e+00 4.96678722e-17 0.00000000e+00 1.65478247e+00]
 [2.00000000e+00 4.96678722e-17 0.00000000e+00 3.30956494e+00]]
['S2'] [[ 5.00000000e+00 -3.03850512e-16  0.00000000e+00  1.52486804e-01]
 [ 5.00000000e+00 -3.03850512e-16  0.00000000e+00  3.04973571e-01]
 [ 5.00000000e+00 -3.03850512e-16  0.00000000e+00  6.09947133e-01]
 [ 5.00000000e+00 -3.03850512e-16  0.00000000e+00  1.21989429e+00]
 [ 5.00000000e+00 -3.03850512e-16  0.00000000e+00  2.43978861e+00]]
['S3'] [[ 5.00000000e+00 -3.03850512e-16  0.00000000e+00  1.52486804e-01]
 [ 5.00000000e+00 -3.03850512e-16  0.00000000e+00  3.04973571e-01]
 [ 5.00000000e+00 -3.03850512e-16  0.00000000e+00  6.09947133e-01]
 [ 5.00000000e+00 -3.03850512e-16  0.00000000e+00  1.21989424e+00]
 [ 5.00000000e+00 -3.03850512e-16  0.00000000e+00  2.43978851e+00]]
['S4'] [[2.00000000e+00 4.96678722e-17 0.00000000e+00 2.20616173e-01]
 [2.00000000e+00 4.96678722e-17 0.00000000e+00 4.41232262e-01]
 [2.00000000e+00 4.96678722e-17 0.00000000e+00 8.82464573e-01]
 [2.00000000e+00 4.96678722e-17 0.00000000e+00 1.76492918e+00]
 [2.00000000e+00 4.96678722e-17 0.00000000e+00 3.52985832e+00]]
['S5'] [[ 1.20000000e+01 -2.48339361e-17  0.00000000e+00  1.93156325e-01]
 [ 1.20000000e+01 -2.48339361e-17  0.00000000e+00  3.86312588e-01]
 [ 1.20000000e+01 -2.48339361e-17  0.00000000e+00  7.72625180e-01]
 [ 1.20000000e+01 -2.48339361e-17  0.00000000e+00  1.54525045e+00]
 [ 1.20000000e+01 -2.48339361e-17  0.00000000e+00  3.09050088e+00]]
['S6'] [[ 0.00000000e+00 -2.90703134e-16  0.00000000e+00  1.79536073e-01]
 [ 0.00000000e+00 -2.90703134e-16  0.00000000e+00  3.59072122e-01]
 [ 0.00000000e+00 -2.90703134e-16  0.00000000e+00  7.18144227e-01]
 [ 0.00000000e+00 -2.90703134e-16  0.00000000e+00  1.43628848e+00]
 [ 0.00000000e+00 -2.90703134e-16  0.00000000e+00  2.87257695e+00]]
['S7'] [[ 1.20000000e+01 -2.48339361e-17  0.00000000e+00  1.93156325e-01]
 [ 1.20000000e+01 -2.48339361e-17  0.00000000e+00  3.86312588e-01]
 [ 1.20000000e+01 -2.48339361e-17  0.00000000e+00  7.72625180e-01]
 [ 1.20000000e+01 -2.48339361e-17  0.00000000e+00  1.54525045e+00]
 [ 1.20000000e+01 -2.48339361e-17  0.00000000e+00  3.09050088e+00]]
['S8'] [[2.00000000e+00 4.96678722e-17 0.00000000e+00 2.20616173e-01]
 [2.00000000e+00 4.96678722e-17 0.00000000e+00 4.41232262e-01]
 [2.00000000e+00 4.96678722e-17 0.00000000e+00 8.82464573e-01]
 [2.00000000e+00 4.96678722e-17 0.00000000e+00 1.76492918e+00]
 [2.00000000e+00 4.96678722e-17 0.00000000e+00 3.52985832e+00]]
['S9'] [[1.40000000e+01 8.03450873e-17 0.00000000e+00 2.41425876e-01]
 [1.40000000e+01 8.03450873e-17 0.00000000e+00 4.82851777e-01]
 [1.40000000e+01 8.03450873e-17 0.00000000e+00 9.65703488e-01]
 [1.40000000e+01 8.03450873e-17 0.00000000e+00 1.93140703e+00]
 [1.40000000e+01 8.03450873e-17 0.00000000e+00 3.86281405e+00]]
