['Gerhard Schroeder'] [[1.15000000e+02 1.52340091e-02 0.00000000e+00 7.87768111e-01]
 [1.15000000e+02 1.52340091e-02 0.00000000e+00 1.57553633e+00]
 [1.15000000e+02 1.52340091e-02 0.00000000e+00 3.15107266e+00]
 [1.15000000e+02 1.52340091e-02 0.00000000e+00 6.30214526e+00]
 [1.15000000e+02 1.52340091e-02 0.00000000e+00 1.26042905e+01]
 [1.15000000e+02 1.52340091e-02 0.00000000e+00 2.52085811e+01]
 [1.15000000e+02 1.52340091e-02 0.00000000e+00 5.01942791e+01]
 [1.15000000e+02 1.52340091e-02 0.00000000e+00 0.00000000e+00]
 [1.15000000e+02 1.52340091e-02 0.00000000e+00 0.00000000e+00]
 [1.15000000e+02 1.52340091e-02 0.00000000e+00 0.00000000e+00]]
['Jacques Chirac'] [[5.07700000e+03 3.04679155e-02 0.00000000e+00 9.35901058e-01]
 [5.07700000e+03 3.04679155e-02 0.00000000e+00 1.87180219e+00]
 [5.07700000e+03 3.04679155e-02 0.00000000e+00 3.74360431e+00]
 [5.07700000e+03 3.04679155e-02 0.00000000e+00 7.48720865e+00]
 [5.07700000e+03 3.04679155e-02 0.00000000e+00 1.49744173e+01]
 [5.07700000e+03 3.04679155e-02 0.00000000e+00 2.99488345e+01]
 [5.07700000e+03 3.04679155e-02 0.00000000e+00 0.00000000e+00]
 [5.07700000e+03 3.04679155e-02 0.00000000e+00 0.00000000e+00]
 [5.07700000e+03 3.04679155e-02 0.00000000e+00 0.00000000e+00]
 [5.07700000e+03 3.04679155e-02 0.00000000e+00 0.00000000e+00]]
['Jean Chretien'] [[2.76700000e+03 1.14686993e-02 0.00000000e+00 9.78419575e-01]
 [2.76700000e+03 1.14686993e-02 0.00000000e+00 1.95683919e+00]
 [2.76700000e+03 1.14686993e-02 0.00000000e+00 3.91367841e+00]
 [2.76700000e+03 1.14686993e-02 0.00000000e+00 7.82735681e+00]
 [2.76700000e+03 1.14686993e-02 0.00000000e+00 1.56547136e+01]
 [2.76700000e+03 1.14686993e-02 0.00000000e+00 3.13094272e+01]
 [2.76700000e+03 1.14686993e-02 0.00000000e+00 0.00000000e+00]
 [2.76700000e+03 1.14686993e-02 0.00000000e+00 0.00000000e+00]
 [2.76700000e+03 1.14686993e-02 0.00000000e+00 0.00000000e+00]
 [2.76700000e+03 1.14686993e-02 0.00000000e+00 0.00000000e+00]]
['Junichiro Koizumi'] [[4.33900000e+03 8.40869298e-03 0.00000000e+00 8.95879709e-01]
 [4.33900000e+03 8.40869298e-03 0.00000000e+00 1.79175946e+00]
 [4.33900000e+03 8.40869298e-03 0.00000000e+00 3.58351888e+00]
 [4.33900000e+03 8.40869298e-03 0.00000000e+00 7.16703779e+00]
 [4.33900000e+03 8.40869298e-03 0.00000000e+00 1.43340755e+01]
 [4.33900000e+03 8.40869298e-03 0.00000000e+00 2.86681511e+01]
 [4.33900000e+03 8.40869298e-03 0.00000000e+00 0.00000000e+00]
 [4.33900000e+03 8.40869298e-03 0.00000000e+00 0.00000000e+00]
 [4.33900000e+03 8.40869298e-03 0.00000000e+00 0.00000000e+00]
 [4.33900000e+03 8.40869298e-03 0.00000000e+00 0.00000000e+00]]
['Serena Williams'] [[1.00720000e+04 5.26513182e-02 0.00000000e+00 1.07269971e+00]
 [1.00720000e+04 5.26513182e-02 0.00000000e+00 2.14539947e+00]
 [1.00720000e+04 5.26513182e-02 0.00000000e+00 4.29079895e+00]
 [1.00720000e+04 5.26513182e-02 0.00000000e+00 8.58159790e+00]
 [1.00720000e+04 5.26513182e-02 0.00000000e+00 1.71631958e+01]
 [1.00720000e+04 5.26513182e-02 0.00000000e+00 3.43263916e+01]
 [1.00720000e+04 5.26513182e-02 0.00000000e+00 0.00000000e+00]
 [1.00720000e+04 5.26513182e-02 0.00000000e+00 0.00000000e+00]
 [1.00720000e+04 5.26513182e-02 0.00000000e+00 0.00000000e+00]
 [1.00720000e+04 5.26513182e-02 0.00000000e+00 0.00000000e+00]]
