['Gerhard Schroeder'] [[ 7.00000000e+00  6.34413157e-17  1.00000000e+00  5.05800420e-01]
 [ 0.00000000e+00 -1.79750394e-17  0.00000000e+00  2.83318930e-01]
 [ 0.00000000e+00 -1.79750394e-17  0.00000000e+00  5.66637791e-01]
 [ 0.00000000e+00 -1.79750394e-17  0.00000000e+00  1.13327563e+00]
 [ 0.00000000e+00 -1.79750394e-17  0.00000000e+00  2.26655130e+00]
 [ 0.00000000e+00 -1.79750394e-17  0.00000000e+00  4.53310259e+00]
 [ 0.00000000e+00 -1.79750394e-17  0.00000000e+00  9.06620514e+00]
 [ 0.00000000e+00 -1.79750394e-17  0.00000000e+00  1.81324103e+01]
 [ 0.00000000e+00 -1.79750394e-17  0.00000000e+00  3.62648206e+01]
 [ 0.00000000e+00 -1.79750394e-17  0.00000000e+00  0.00000000e+00]]
['Jacques Chirac'] [[ 9.00000000e+00 -1.37456184e-17  0.00000000e+00  3.25293762e-01]
 [ 9.00000000e+00 -1.37456184e-17  0.00000000e+00  6.50587528e-01]
 [ 9.00000000e+00 -1.37456184e-17  0.00000000e+00  1.30117511e+00]
 [ 9.00000000e+00 -1.37456184e-17  0.00000000e+00  2.60235020e+00]
 [ 9.00000000e+00 -1.37456184e-17  0.00000000e+00  5.20470035e+00]
 [ 9.00000000e+00 -1.37456184e-17  0.00000000e+00  1.04094007e+01]
 [ 9.00000000e+00 -1.37456184e-17  0.00000000e+00  2.08188015e+01]
 [ 9.00000000e+00 -1.37456184e-17  0.00000000e+00  4.16376029e+01]
 [ 9.00000000e+00 -1.37456184e-17  0.00000000e+00  0.00000000e+00]
 [ 9.00000000e+00 -1.37456184e-17  0.00000000e+00  0.00000000e+00]]
['Jean Chretien'] [[ 1.00000000e+00 -2.74912368e-17  0.00000000e+00  4.12361742e-01]
 [ 1.00000000e+00 -2.74912368e-17  0.00000000e+00  8.24723512e-01]
 [ 1.00000000e+00 -2.74912368e-17  0.00000000e+00  1.64944704e+00]
 [ 1.00000000e+00 -2.74912368e-17  0.00000000e+00  3.29889405e+00]
 [ 1.00000000e+00 -2.74912368e-17  0.00000000e+00  6.59778811e+00]
 [ 1.00000000e+00 -2.74912368e-17  0.00000000e+00  1.31955762e+01]
 [ 1.00000000e+00 -2.74912368e-17  0.00000000e+00  2.63911524e+01]
 [ 1.00000000e+00 -2.74912368e-17  0.00000000e+00  0.00000000e+00]
 [ 1.00000000e+00 -2.74912368e-17  0.00000000e+00  0.00000000e+00]
 [ 1.00000000e+00 -2.74912368e-17  0.00000000e+00  0.00000000e+00]]
['Junichiro Koizumi'] [[ 5.00000000e+00 -2.11471052e-17  0.00000000e+00  3.04294812e-01]
 [ 5.00000000e+00 -2.11471052e-17  0.00000000e+00  6.08589694e-01]
 [ 5.00000000e+00 -2.11471052e-17  0.00000000e+00  1.21717938e+00]
 [ 5.00000000e+00 -2.11471052e-17  0.00000000e+00  2.43435879e+00]
 [ 5.00000000e+00 -2.11471052e-17  0.00000000e+00  4.86871756e+00]
 [ 5.00000000e+00 -2.11471052e-17  0.00000000e+00  9.73743511e+00]
 [ 5.00000000e+00 -2.11471052e-17  0.00000000e+00  1.94748702e+01]
 [ 5.00000000e+00 -2.11471052e-17  0.00000000e+00  3.89497405e+01]
 [ 5.00000000e+00 -2.11471052e-17  0.00000000e+00  0.00000000e+00]
 [ 5.00000000e+00 -2.11471052e-17  0.00000000e+00  0.00000000e+00]]
['Serena Williams'] [[ 0.00000000e+00 -1.79750394e-17  0.00000000e+00  1.02384638e+00]
 [ 0.00000000e+00 -1.79750394e-17  0.00000000e+00  2.04769279e+00]
 [ 0.00000000e+00 -1.79750394e-17  0.00000000e+00  4.09538559e+00]
 [ 0.00000000e+00 -1.79750394e-17  0.00000000e+00  8.19077116e+00]
 [ 0.00000000e+00 -1.79750394e-17  0.00000000e+00  1.63815423e+01]
 [ 0.00000000e+00 -1.79750394e-17  0.00000000e+00  3.27630847e+01]
 [ 0.00000000e+00 -1.79750394e-17  0.00000000e+00  0.00000000e+00]
 [ 0.00000000e+00 -1.79750394e-17  0.00000000e+00  0.00000000e+00]
 [ 0.00000000e+00 -1.79750394e-17  0.00000000e+00  0.00000000e+00]
 [ 0.00000000e+00 -1.79750394e-17  0.00000000e+00  0.00000000e+00]]
