['S1'] [[ 1.00000000e+00 -6.06240204e-16  1.45760347e-01]
 [ 1.10000000e+01  3.21380349e-17  1.03819678e-01]
 [ 1.20000000e+01 -6.50064797e-17  7.75342211e-02]
 [ 8.00000000e+00 -4.45550030e-17  6.94776151e-02]
 [ 1.70000000e+01  1.07370253e-16  6.82282386e-02]]
['S10'] [[ 1.90000000e+01  2.51991410e-17  9.90064243e-02]
 [ 3.00000000e+00  1.33299804e-16  7.11455853e-02]
 [ 1.00000000e+00 -6.06240204e-16  6.54985148e-02]
 [ 1.40000000e+01 -5.01243783e-17  5.88684271e-02]
 [ 1.80000000e+01 -5.29547166e-17  6.01361061e-02]]
['S11'] [[ 1.10000000e+01  3.21380349e-17  1.59226859e-01]
 [ 1.60000000e+01  1.18691606e-16  7.61411742e-02]
 [ 9.00000000e+00  5.19504030e-17  6.33708789e-02]
 [ 1.40000000e+01 -5.01243783e-17  4.69966521e-02]
 [ 7.00000000e+00  7.01193489e-17  4.07591122e-02]]
['S12'] [[ 1.10000000e+01  3.21380349e-17  1.59226859e-01]
 [ 4.00000000e+00 -1.57038125e-17  1.35047993e-01]
 [ 1.00000000e+00 -6.06240204e-16  1.22776210e-01]
 [ 1.90000000e+01  2.51991410e-17  8.04227254e-02]
 [ 7.00000000e+00  7.01193489e-17  6.66937879e-02]]
['S13'] [[ 1.10000000e+01  3.21380349e-17  7.91119395e-02]
 [ 4.00000000e+00 -1.57038125e-17  7.26011738e-02]
 [ 1.20000000e+01 -6.50064797e-17  7.27925590e-02]
 [ 1.90000000e+01  2.51991410e-17  3.92707279e-02]
 [ 7.00000000e+00  7.01193489e-17  1.17031314e-02]]
['S14'] [[ 4.00000000e+00 -1.57038125e-17  1.18979344e-01]
 [ 1.20000000e+01 -6.50064797e-17  4.63896879e-02]
 [ 6.00000000e+00 -3.65204942e-17  2.75004670e-02]
 [ 1.90000000e+01  2.51991410e-17  2.58105477e-02]
 [ 1.00000000e+00 -6.06240204e-16  5.02411778e-03]]
['S15'] [[ 1.00000000e+00 -6.06240204e-16  1.05654502e-01]
 [ 8.00000000e+00 -4.45550030e-17  8.14119357e-02]
 [ 7.00000000e+00  7.01193489e-17  3.28474113e-02]
 [ 1.60000000e+01  1.18691606e-16  2.89356376e-02]
 [ 7.00000000e+00  7.01193489e-17  2.64269729e-03]]
['S16'] [[ 1.20000000e+01 -6.50064797e-17  6.58845663e-02]
 [ 8.00000000e+00 -4.45550030e-17  3.96661047e-02]
 [ 9.00000000e+00  5.19504030e-17  3.68370649e-02]
 [ 4.00000000e+00 -1.57038125e-17  2.43672069e-02]
 [ 1.90000000e+01  2.51991410e-17  1.97055808e-02]]
['S17'] [[ 4.00000000e+00 -1.57038125e-17  1.32346252e-01]
 [ 3.00000000e+00  1.33299804e-16  7.76752572e-02]
 [ 7.00000000e+00  7.01193489e-17  6.46484798e-02]
 [ 1.70000000e+01  1.07370253e-16  5.89195660e-02]
 [ 1.50000000e+01  3.54248794e-17  5.61817562e-02]]
['S18'] [[ 1.00000000e+00 -6.06240204e-16  1.59226859e-01]
 [ 4.00000000e+00 -1.57038125e-17  1.26378802e-01]
 [ 1.60000000e+01  1.18691606e-16  8.01152192e-02]
 [ 1.80000000e+01 -5.29547166e-17  3.46462408e-02]
 [ 1.90000000e+01  2.51991410e-17  2.62304486e-02]]
['S19'] [[ 1.00000000e+00 -6.06240204e-16  1.59226859e-01]
 [ 1.40000000e+01 -5.01243783e-17  1.24214428e-01]
 [ 1.10000000e+01  3.21380349e-17  1.03220957e-01]
 [ 1.70000000e+01  1.07370253e-16  6.19907490e-02]
 [ 5.00000000e+00 -1.09561483e-18  5.44695678e-02]]
['S2'] [[ 1.00000000e+00 -6.06240204e-16  7.91119395e-02]
 [ 1.40000000e+01 -5.01243783e-17  7.06749129e-02]
 [ 1.70000000e+01  1.07370253e-16  5.57555620e-02]
 [ 1.90000000e+01  2.51991410e-17  4.32868751e-02]
 [ 1.50000000e+01  3.54248794e-17  3.64971002e-02]]
['S3'] [[ 1.90000000e+01  2.51991410e-17  9.90064243e-02]
 [ 9.00000000e+00  5.19504030e-17  4.80284097e-02]
 [ 1.80000000e+01 -5.29547166e-17  4.51114766e-02]
 [ 1.10000000e+01  3.21380349e-17  4.44339054e-02]
 [ 1.00000000e+00 -6.06240204e-16  1.91554607e-02]]
['S4'] [[ 1.10000000e+01  3.21380349e-17  1.59226859e-01]
 [ 1.00000000e+00 -6.06240204e-16  1.29988600e-01]
 [ 9.00000000e+00  5.19504030e-17  8.31422371e-02]
 [ 1.90000000e+01  2.51991410e-17  4.51115961e-02]
 [ 5.00000000e+00 -1.09561483e-18  3.62350299e-02]]
['S5'] [[ 1.00000000e+00 -6.06240204e-16  6.58846262e-02]
 [ 1.10000000e+01  3.21380349e-17  5.83167442e-02]
 [ 9.00000000e+00  5.19504030e-17  4.83238990e-02]
 [ 4.00000000e+00 -1.57038125e-17  4.93139038e-02]
 [ 8.00000000e+00 -4.45550030e-17  3.83562083e-02]]
['S6'] [[ 1.20000000e+01 -6.50064797e-17  6.58846262e-02]
 [ 1.90000000e+01  2.51991410e-17  5.56128441e-02]
 [ 1.60000000e+01  1.18691606e-16  5.12422723e-02]
 [ 7.00000000e+00  7.01193489e-17  5.41689307e-02]
 [ 4.00000000e+00 -1.57038125e-17  4.36328772e-02]]
['S7'] [[ 1.10000000e+01  3.21380349e-17  1.45760469e-01]
 [ 8.00000000e+00 -4.45550030e-17  7.49410667e-02]
 [ 4.00000000e+00 -1.57038125e-17  6.11506036e-02]
 [ 1.50000000e+01  3.54248794e-17  2.64871056e-02]
 [ 1.40000000e+01 -5.01243783e-17  1.00451510e-02]]
['S8'] [[ 4.00000000e+00 -1.57038125e-17  6.58845663e-02]
 [ 1.80000000e+01 -5.29547166e-17  2.81764901e-02]
 [ 1.40000000e+01 -5.01243783e-17  1.60444436e-02]
 [ 1.00000000e+00 -6.06240204e-16  4.56121747e-03]
 [ 1.80000000e+01 -5.29547166e-17  1.17272192e-03]]
['S9'] [[ 1.10000000e+01  3.21380349e-17  1.45760408e-01]
 [ 1.90000000e+01  2.51991410e-17  7.30741337e-02]
 [ 1.60000000e+01  1.18691606e-16  6.32161230e-02]
 [ 1.70000000e+01  1.07370253e-16  5.65219250e-02]
 [ 8.00000000e+00 -4.45550030e-17  5.40879893e-02]]
