['Gerhard Schroeder'] [[ 6.00000000e+00 -2.15964812e-16  1.00000000e+00  4.81718722e-01]
 [ 3.00000000e+00  1.20538500e-16  1.00000000e+00  2.66575625e-01]
 [ 4.00000000e+00  1.39570895e-16  0.00000000e+00  1.82611524e-01]
 [ 4.00000000e+00  1.39570895e-16  0.00000000e+00  3.65223041e-01]
 [ 4.00000000e+00  1.39570895e-16  0.00000000e+00  7.30446051e-01]
 [ 4.00000000e+00  1.39570895e-16  0.00000000e+00  1.46089211e+00]
 [ 4.00000000e+00  1.39570895e-16  0.00000000e+00  2.92178422e+00]
 [ 4.00000000e+00  1.39570895e-16  0.00000000e+00  5.84356852e+00]
 [ 4.00000000e+00  1.39570895e-16  0.00000000e+00  1.16871370e+01]
 [ 4.00000000e+00  1.39570895e-16  0.00000000e+00  2.33742739e+01]]
['Jacques Chirac'] [[5.00000000e+00 1.33623271e-16 0.00000000e+00 6.35612467e-01]
 [5.00000000e+00 1.33623271e-16 0.00000000e+00 1.27122499e+00]
 [5.00000000e+00 1.33623271e-16 0.00000000e+00 2.54244996e+00]
 [5.00000000e+00 1.33623271e-16 0.00000000e+00 5.08489995e+00]
 [5.00000000e+00 1.33623271e-16 0.00000000e+00 1.01697999e+01]
 [5.00000000e+00 1.33623271e-16 0.00000000e+00 2.03395998e+01]
 [5.00000000e+00 1.33623271e-16 0.00000000e+00 4.06791996e+01]
 [5.00000000e+00 1.33623271e-16 0.00000000e+00 0.00000000e+00]
 [5.00000000e+00 1.33623271e-16 0.00000000e+00 0.00000000e+00]
 [5.00000000e+00 1.33623271e-16 0.00000000e+00 0.00000000e+00]]
['Jean Chretien'] [[2.00000000e+00 4.86383420e-17 0.00000000e+00 3.25293696e-01]
 [2.00000000e+00 4.86383420e-17 0.00000000e+00 6.50587440e-01]
 [2.00000000e+00 4.86383420e-17 0.00000000e+00 1.30117494e+00]
 [2.00000000e+00 4.86383420e-17 0.00000000e+00 2.60234985e+00]
 [2.00000000e+00 4.86383420e-17 0.00000000e+00 5.20469969e+00]
 [2.00000000e+00 4.86383420e-17 0.00000000e+00 1.04093994e+01]
 [2.00000000e+00 4.86383420e-17 0.00000000e+00 2.08187988e+01]
 [2.00000000e+00 4.86383420e-17 0.00000000e+00 4.16375977e+01]
 [2.00000000e+00 4.86383420e-17 0.00000000e+00 0.00000000e+00]
 [2.00000000e+00 4.86383420e-17 0.00000000e+00 0.00000000e+00]]
['Junichiro Koizumi'] [[ 0.00000000e+00 -1.72348908e-16  0.00000000e+00  3.25293762e-01]
 [ 0.00000000e+00 -1.72348908e-16  0.00000000e+00  6.50587528e-01]
 [ 0.00000000e+00 -1.72348908e-16  0.00000000e+00  1.30117505e+00]
 [ 0.00000000e+00 -1.72348908e-16  0.00000000e+00  2.60235011e+00]
 [ 0.00000000e+00 -1.72348908e-16  0.00000000e+00  5.20470023e+00]
 [ 0.00000000e+00 -1.72348908e-16  0.00000000e+00  1.04094005e+01]
 [ 0.00000000e+00 -1.72348908e-16  0.00000000e+00  2.08188009e+01]
 [ 0.00000000e+00 -1.72348908e-16  0.00000000e+00  4.16376019e+01]
 [ 0.00000000e+00 -1.72348908e-16  0.00000000e+00  0.00000000e+00]
 [ 0.00000000e+00 -1.72348908e-16  0.00000000e+00  0.00000000e+00]]
['Serena Williams'] [[ 0.00000000e+00 -1.72348908e-16  1.00000000e+00  4.35038915e-01]
 [ 4.00000000e+00  1.39570895e-16  0.00000000e+00  3.35011461e-01]
 [ 4.00000000e+00  1.39570895e-16  0.00000000e+00  6.70022848e-01]
 [ 4.00000000e+00  1.39570895e-16  0.00000000e+00  1.34004577e+00]
 [ 4.00000000e+00  1.39570895e-16  0.00000000e+00  2.68009149e+00]
 [ 4.00000000e+00  1.39570895e-16  0.00000000e+00  5.36018304e+00]
 [ 4.00000000e+00  1.39570895e-16  0.00000000e+00  1.07203660e+01]
 [ 4.00000000e+00  1.39570895e-16  0.00000000e+00  2.14407321e+01]
 [ 4.00000000e+00  1.39570895e-16  0.00000000e+00  4.28814641e+01]
 [ 4.00000000e+00  1.39570895e-16  0.00000000e+00  0.00000000e+00]]
