['Gerhard Schroeder'] [[5.05000000e+02 7.29814684e-02 0.00000000e+00 7.23459432e-01]
 [5.05000000e+02 7.29814684e-02 0.00000000e+00 1.44691891e+00]
 [5.05000000e+02 7.29814684e-02 0.00000000e+00 2.89383781e+00]
 [5.05000000e+02 7.29814684e-02 0.00000000e+00 5.78767564e+00]
 [5.05000000e+02 7.29814684e-02 0.00000000e+00 1.15753513e+01]
 [5.05000000e+02 7.29814684e-02 0.00000000e+00 2.31507026e+01]
 [5.05000000e+02 7.29814684e-02 0.00000000e+00 4.63015110e+01]
 [5.05000000e+02 7.29814684e-02 0.00000000e+00 0.00000000e+00]
 [5.05000000e+02 7.29814684e-02 0.00000000e+00 0.00000000e+00]
 [5.05000000e+02 7.29814684e-02 0.00000000e+00 0.00000000e+00]]
['Jacques Chirac'] [[4.96000000e+02 7.68856769e-02 0.00000000e+00 7.23459432e-01]
 [4.96000000e+02 7.68856769e-02 0.00000000e+00 1.44691891e+00]
 [4.96000000e+02 7.68856769e-02 0.00000000e+00 2.89383781e+00]
 [4.96000000e+02 7.68856769e-02 0.00000000e+00 5.78767564e+00]
 [4.96000000e+02 7.68856769e-02 0.00000000e+00 1.15753513e+01]
 [4.96000000e+02 7.68856769e-02 0.00000000e+00 2.31507026e+01]
 [4.96000000e+02 7.68856769e-02 0.00000000e+00 4.63015110e+01]
 [4.96000000e+02 7.68856769e-02 0.00000000e+00 0.00000000e+00]
 [4.96000000e+02 7.68856769e-02 0.00000000e+00 0.00000000e+00]
 [4.96000000e+02 7.68856769e-02 0.00000000e+00 0.00000000e+00]]
['Jean Chretien'] [[1.38000000e+02 4.11034094e-02 0.00000000e+00 8.95879709e-01]
 [1.38000000e+02 4.11034094e-02 0.00000000e+00 1.79175946e+00]
 [1.38000000e+02 4.11034094e-02 0.00000000e+00 3.58351888e+00]
 [1.38000000e+02 4.11034094e-02 0.00000000e+00 7.16703779e+00]
 [1.38000000e+02 4.11034094e-02 0.00000000e+00 1.43340755e+01]
 [1.38000000e+02 4.11034094e-02 0.00000000e+00 2.86681511e+01]
 [1.38000000e+02 4.11034094e-02 0.00000000e+00 0.00000000e+00]
 [1.38000000e+02 4.11034094e-02 0.00000000e+00 0.00000000e+00]
 [1.38000000e+02 4.11034094e-02 0.00000000e+00 0.00000000e+00]
 [1.38000000e+02 4.11034094e-02 0.00000000e+00 0.00000000e+00]]
['Junichiro Koizumi'] [[1.13000000e+02 1.07070398e-02 0.00000000e+00 8.95879709e-01]
 [1.13000000e+02 1.07070398e-02 0.00000000e+00 1.79175946e+00]
 [1.13000000e+02 1.07070398e-02 0.00000000e+00 3.58351891e+00]
 [1.13000000e+02 1.07070398e-02 0.00000000e+00 7.16703783e+00]
 [1.13000000e+02 1.07070398e-02 0.00000000e+00 1.43340757e+01]
 [1.13000000e+02 1.07070398e-02 0.00000000e+00 2.86681513e+01]
 [1.13000000e+02 1.07070398e-02 0.00000000e+00 0.00000000e+00]
 [1.13000000e+02 1.07070398e-02 0.00000000e+00 0.00000000e+00]
 [1.13000000e+02 1.07070398e-02 0.00000000e+00 0.00000000e+00]
 [1.13000000e+02 1.07070398e-02 0.00000000e+00 0.00000000e+00]]
['Serena Williams'] [[9.21000000e+02 5.81774781e-02 0.00000000e+00 1.02384638e+00]
 [9.21000000e+02 5.81774781e-02 0.00000000e+00 2.04769279e+00]
 [9.21000000e+02 5.81774781e-02 0.00000000e+00 4.09538559e+00]
 [9.21000000e+02 5.81774781e-02 0.00000000e+00 8.19077116e+00]
 [9.21000000e+02 5.81774781e-02 0.00000000e+00 1.63815423e+01]
 [9.21000000e+02 5.81774781e-02 0.00000000e+00 3.27630847e+01]
 [9.21000000e+02 5.81774781e-02 0.00000000e+00 0.00000000e+00]
 [9.21000000e+02 5.81774781e-02 0.00000000e+00 0.00000000e+00]
 [9.21000000e+02 5.81774781e-02 0.00000000e+00 0.00000000e+00]
 [9.21000000e+02 5.81774781e-02 0.00000000e+00 0.00000000e+00]]
