['S1'] [[ 2.00000000e+00 -2.18392556e-16  0.00000000e+00  2.06847863e-01]
 [ 2.00000000e+00 -2.18392556e-16  0.00000000e+00  4.13695637e-01]
 [ 2.00000000e+00 -2.18392556e-16  0.00000000e+00  8.27391239e-01]
 [ 2.00000000e+00 -2.18392556e-16  0.00000000e+00  1.65478252e+00]
 [ 2.00000000e+00 -2.18392556e-16  0.00000000e+00  3.30956502e+00]
 [ 2.00000000e+00 -2.18392556e-16  0.00000000e+00  6.61913005e+00]
 [ 2.00000000e+00 -2.18392556e-16  0.00000000e+00  1.32382601e+01]
 [ 2.00000000e+00 -2.18392556e-16  0.00000000e+00  2.64765202e+01]
 [ 2.00000000e+00 -2.18392556e-16  0.00000000e+00  0.00000000e+00]
 [ 2.00000000e+00 -2.18392556e-16  0.00000000e+00  0.00000000e+00]]
['S10'] [[ 6.00000000e+00 -1.21248041e-16  0.00000000e+00  2.06847738e-01]
 [ 6.00000000e+00 -1.21248041e-16  0.00000000e+00  4.13695426e-01]
 [ 6.00000000e+00 -1.21248041e-16  0.00000000e+00  8.27390962e-01]
 [ 6.00000000e+00 -1.21248041e-16  0.00000000e+00  1.65478192e+00]
 [ 6.00000000e+00 -1.21248041e-16  0.00000000e+00  3.30956380e+00]
 [ 6.00000000e+00 -1.21248041e-16  0.00000000e+00  6.61912762e+00]
 [ 6.00000000e+00 -1.21248041e-16  0.00000000e+00  1.32382552e+01]
 [ 6.00000000e+00 -1.21248041e-16  0.00000000e+00  2.64765106e+01]
 [ 6.00000000e+00 -1.21248041e-16  0.00000000e+00  0.00000000e+00]
 [ 6.00000000e+00 -1.21248041e-16  0.00000000e+00  0.00000000e+00]]
['S11'] [[ 2.00000000e+00 -2.18392556e-16  0.00000000e+00  2.34467358e-01]
 [ 2.00000000e+00 -2.18392556e-16  0.00000000e+00  4.68934630e-01]
 [ 2.00000000e+00 -2.18392556e-16  0.00000000e+00  9.37869325e-01]
 [ 2.00000000e+00 -2.18392556e-16  0.00000000e+00  1.87573861e+00]
 [ 2.00000000e+00 -2.18392556e-16  0.00000000e+00  3.75147723e+00]
 [ 2.00000000e+00 -2.18392556e-16  0.00000000e+00  7.50295454e+00]
 [ 2.00000000e+00 -2.18392556e-16  0.00000000e+00  1.50059090e+01]
 [ 2.00000000e+00 -2.18392556e-16  0.00000000e+00  3.00118181e+01]
 [ 2.00000000e+00 -2.18392556e-16  0.00000000e+00  0.00000000e+00]
 [ 2.00000000e+00 -2.18392556e-16  0.00000000e+00  0.00000000e+00]]
['S12'] [[ 3.00000000e+00 -2.33000753e-16  0.00000000e+00  1.79536012e-01]
 [ 3.00000000e+00 -2.33000753e-16  0.00000000e+00  3.59072054e-01]
 [ 3.00000000e+00 -2.33000753e-16  0.00000000e+00  7.18144035e-01]
 [ 3.00000000e+00 -2.33000753e-16  0.00000000e+00  1.43628815e+00]
 [ 3.00000000e+00 -2.33000753e-16  0.00000000e+00  2.87257629e+00]
 [ 3.00000000e+00 -2.33000753e-16  0.00000000e+00  5.74515255e+00]
 [ 3.00000000e+00 -2.33000753e-16  0.00000000e+00  1.14903052e+01]
 [ 3.00000000e+00 -2.33000753e-16  0.00000000e+00  2.29806103e+01]
 [ 3.00000000e+00 -2.33000753e-16  0.00000000e+00  4.59613291e+01]
 [ 3.00000000e+00 -2.33000753e-16  0.00000000e+00  0.00000000e+00]]
['S13'] [[ 0.00000000e+00 -1.16865582e-17  0.00000000e+00  1.18979284e-01]
 [ 0.00000000e+00 -1.16865582e-17  0.00000000e+00  2.37958668e-01]
 [ 0.00000000e+00 -1.16865582e-17  0.00000000e+00  4.75917360e-01]
 [ 0.00000000e+00 -1.16865582e-17  0.00000000e+00  9.51834645e-01]
 [ 0.00000000e+00 -1.16865582e-17  0.00000000e+00  1.90366929e+00]
 [ 0.00000000e+00 -1.16865582e-17  0.00000000e+00  3.80733857e+00]
 [ 0.00000000e+00 -1.16865582e-17  0.00000000e+00  7.61467712e+00]
 [ 0.00000000e+00 -1.16865582e-17  0.00000000e+00  1.52293543e+01]
 [ 0.00000000e+00 -1.16865582e-17  0.00000000e+00  3.04587086e+01]
 [ 0.00000000e+00 -1.16865582e-17  0.00000000e+00  0.00000000e+00]]
['S14'] [[ 2.00000000e+00 -2.18392556e-16  0.00000000e+00  1.79536073e-01]
 [ 2.00000000e+00 -2.18392556e-16  0.00000000e+00  3.59072122e-01]
 [ 2.00000000e+00 -2.18392556e-16  0.00000000e+00  7.18144227e-01]
 [ 2.00000000e+00 -2.18392556e-16  0.00000000e+00  1.43628844e+00]
 [ 2.00000000e+00 -2.18392556e-16  0.00000000e+00  2.87257688e+00]
 [ 2.00000000e+00 -2.18392556e-16  0.00000000e+00  5.74515380e+00]
 [ 2.00000000e+00 -2.18392556e-16  0.00000000e+00  1.14903076e+01]
 [ 2.00000000e+00 -2.18392556e-16  0.00000000e+00  2.29806152e+01]
 [ 2.00000000e+00 -2.18392556e-16  0.00000000e+00  4.59613291e+01]
 [ 2.00000000e+00 -2.18392556e-16  0.00000000e+00  0.00000000e+00]]
['S15'] [[1.30000000e+01 1.01526974e-16 0.00000000e+00 1.52486804e-01]
 [1.30000000e+01 1.01526974e-16 0.00000000e+00 3.04973506e-01]
 [1.30000000e+01 1.01526974e-16 0.00000000e+00 6.09947133e-01]
 [1.30000000e+01 1.01526974e-16 0.00000000e+00 1.21989424e+00]
 [1.30000000e+01 1.01526974e-16 0.00000000e+00 2.43978845e+00]
 [1.30000000e+01 1.01526974e-16 0.00000000e+00 4.87957689e+00]
 [1.30000000e+01 1.01526974e-16 0.00000000e+00 9.75915384e+00]
 [1.30000000e+01 1.01526974e-16 0.00000000e+00 1.95183076e+01]
 [1.30000000e+01 1.01526974e-16 0.00000000e+00 3.90366152e+01]
 [1.30000000e+01 1.01526974e-16 0.00000000e+00 0.00000000e+00]]
['S16'] [[ 0.00000000e+00 -1.16865582e-17  0.00000000e+00  2.27531005e-01]
 [ 0.00000000e+00 -1.16865582e-17  0.00000000e+00  4.55062009e-01]
 [ 0.00000000e+00 -1.16865582e-17  0.00000000e+00  9.10123998e-01]
 [ 0.00000000e+00 -1.16865582e-17  0.00000000e+00  1.82024808e+00]
 [ 0.00000000e+00 -1.16865582e-17  0.00000000e+00  3.64049613e+00]
 [ 0.00000000e+00 -1.16865582e-17  0.00000000e+00  7.28099225e+00]
 [ 0.00000000e+00 -1.16865582e-17  0.00000000e+00  1.45619845e+01]
 [ 0.00000000e+00 -1.16865582e-17  0.00000000e+00  2.91239689e+01]
 [ 0.00000000e+00 -1.16865582e-17  0.00000000e+00  0.00000000e+00]
 [ 0.00000000e+00 -1.16865582e-17  0.00000000e+00  0.00000000e+00]]
['S17'] [[ 3.00000000e+00 -2.33000753e-16  0.00000000e+00  1.93156325e-01]
 [ 3.00000000e+00 -2.33000753e-16  0.00000000e+00  3.86312657e-01]
 [ 3.00000000e+00 -2.33000753e-16  0.00000000e+00  7.72625386e-01]
 [ 3.00000000e+00 -2.33000753e-16  0.00000000e+00  1.54525072e+00]
 [ 3.00000000e+00 -2.33000753e-16  0.00000000e+00  3.09050144e+00]
 [ 3.00000000e+00 -2.33000753e-16  0.00000000e+00  6.18100287e+00]
 [ 3.00000000e+00 -2.33000753e-16  0.00000000e+00  1.23620058e+01]
 [ 3.00000000e+00 -2.33000753e-16  0.00000000e+00  2.47240114e+01]
 [ 3.00000000e+00 -2.33000753e-16  0.00000000e+00  4.92333728e+01]
 [ 3.00000000e+00 -2.33000753e-16  0.00000000e+00  0.00000000e+00]]
['S18'] [[ 6.00000000e+00 -1.21248041e-16  0.00000000e+00  1.93156325e-01]
 [ 6.00000000e+00 -1.21248041e-16  0.00000000e+00  3.86312588e-01]
 [ 6.00000000e+00 -1.21248041e-16  0.00000000e+00  7.72625180e-01]
 [ 6.00000000e+00 -1.21248041e-16  0.00000000e+00  1.54525045e+00]
 [ 6.00000000e+00 -1.21248041e-16  0.00000000e+00  3.09050088e+00]
 [ 6.00000000e+00 -1.21248041e-16  0.00000000e+00  6.18100175e+00]
 [ 6.00000000e+00 -1.21248041e-16  0.00000000e+00  1.23620035e+01]
 [ 6.00000000e+00 -1.21248041e-16  0.00000000e+00  2.47240070e+01]
 [ 6.00000000e+00 -1.21248041e-16  0.00000000e+00  4.92333728e+01]
 [ 6.00000000e+00 -1.21248041e-16  0.00000000e+00  0.00000000e+00]]
['S19'] [[ 8.00000000e+00 -5.49633438e-17  0.00000000e+00  1.59226859e-01]
 [ 8.00000000e+00 -5.49633438e-17  0.00000000e+00  3.18453713e-01]
 [ 8.00000000e+00 -5.49633438e-17  0.00000000e+00  6.36907482e-01]
 [ 8.00000000e+00 -5.49633438e-17  0.00000000e+00  1.27381494e+00]
 [ 8.00000000e+00 -5.49633438e-17  0.00000000e+00  2.54762987e+00]
 [ 8.00000000e+00 -5.49633438e-17  0.00000000e+00  5.09525975e+00]
 [ 8.00000000e+00 -5.49633438e-17  0.00000000e+00  1.01905195e+01]
 [ 8.00000000e+00 -5.49633438e-17  0.00000000e+00  2.03810390e+01]
 [ 8.00000000e+00 -5.49633438e-17  0.00000000e+00  4.07620780e+01]
 [ 8.00000000e+00 -5.49633438e-17  0.00000000e+00  0.00000000e+00]]
['S2'] [[ 8.00000000e+00 -5.49633438e-17  0.00000000e+00  1.45760408e-01]
 [ 8.00000000e+00 -5.49633438e-17  0.00000000e+00  2.91520838e-01]
 [ 8.00000000e+00 -5.49633438e-17  0.00000000e+00  5.83041667e-01]
 [ 8.00000000e+00 -5.49633438e-17  0.00000000e+00  1.16608336e+00]
 [ 8.00000000e+00 -5.49633438e-17  0.00000000e+00  2.33216669e+00]
 [ 8.00000000e+00 -5.49633438e-17  0.00000000e+00  4.66433342e+00]
 [ 8.00000000e+00 -5.49633438e-17  0.00000000e+00  9.32866677e+00]
 [ 8.00000000e+00 -5.49633438e-17  0.00000000e+00  1.86573336e+01]
 [ 8.00000000e+00 -5.49633438e-17  0.00000000e+00  3.73146671e+01]
 [ 8.00000000e+00 -5.49633438e-17  0.00000000e+00  0.00000000e+00]]
['S3'] [[ 6.00000000e+00 -1.21248041e-16  0.00000000e+00  2.06847800e-01]
 [ 6.00000000e+00 -1.21248041e-16  0.00000000e+00  4.13695637e-01]
 [ 6.00000000e+00 -1.21248041e-16  0.00000000e+00  8.27391239e-01]
 [ 6.00000000e+00 -1.21248041e-16  0.00000000e+00  1.65478247e+00]
 [ 6.00000000e+00 -1.21248041e-16  0.00000000e+00  3.30956494e+00]
 [ 6.00000000e+00 -1.21248041e-16  0.00000000e+00  6.61912985e+00]
 [ 6.00000000e+00 -1.21248041e-16  0.00000000e+00  1.32382598e+01]
 [ 6.00000000e+00 -1.21248041e-16  0.00000000e+00  2.64765195e+01]
 [ 6.00000000e+00 -1.21248041e-16  0.00000000e+00  0.00000000e+00]
 [ 6.00000000e+00 -1.21248041e-16  0.00000000e+00  0.00000000e+00]]
['S4'] [[ 2.00000000e+00 -2.18392556e-16  0.00000000e+00  2.48407470e-01]
 [ 2.00000000e+00 -2.18392556e-16  0.00000000e+00  4.96814895e-01]
 [ 2.00000000e+00 -2.18392556e-16  0.00000000e+00  9.93629867e-01]
 [ 2.00000000e+00 -2.18392556e-16  0.00000000e+00  1.98725971e+00]
 [ 2.00000000e+00 -2.18392556e-16  0.00000000e+00  3.97451934e+00]
 [ 2.00000000e+00 -2.18392556e-16  0.00000000e+00  7.94903872e+00]
 [ 2.00000000e+00 -2.18392556e-16  0.00000000e+00  1.58980774e+01]
 [ 2.00000000e+00 -2.18392556e-16  0.00000000e+00  3.17961548e+01]
 [ 2.00000000e+00 -2.18392556e-16  0.00000000e+00  0.00000000e+00]
 [ 2.00000000e+00 -2.18392556e-16  0.00000000e+00  0.00000000e+00]]
['S5'] [[1.30000000e+01 1.01526974e-16 0.00000000e+00 1.93156325e-01]
 [1.30000000e+01 1.01526974e-16 0.00000000e+00 3.86312657e-01]
 [1.30000000e+01 1.01526974e-16 0.00000000e+00 7.72625386e-01]
 [1.30000000e+01 1.01526974e-16 0.00000000e+00 1.54525072e+00]
 [1.30000000e+01 1.01526974e-16 0.00000000e+00 3.09050144e+00]
 [1.30000000e+01 1.01526974e-16 0.00000000e+00 6.18100287e+00]
 [1.30000000e+01 1.01526974e-16 0.00000000e+00 1.23620058e+01]
 [1.30000000e+01 1.01526974e-16 0.00000000e+00 2.47240114e+01]
 [1.30000000e+01 1.01526974e-16 0.00000000e+00 4.92333728e+01]
 [1.30000000e+01 1.01526974e-16 0.00000000e+00 0.00000000e+00]]
['S6'] [[ 0.00000000e+00 -1.16865582e-17  0.00000000e+00  2.27531005e-01]
 [ 0.00000000e+00 -1.16865582e-17  0.00000000e+00  4.55062009e-01]
 [ 0.00000000e+00 -1.16865582e-17  0.00000000e+00  9.10124060e-01]
 [ 0.00000000e+00 -1.16865582e-17  0.00000000e+00  1.82024812e+00]
 [ 0.00000000e+00 -1.16865582e-17  0.00000000e+00  3.64049621e+00]
 [ 0.00000000e+00 -1.16865582e-17  0.00000000e+00  7.28099246e+00]
 [ 0.00000000e+00 -1.16865582e-17  0.00000000e+00  1.45619849e+01]
 [ 0.00000000e+00 -1.16865582e-17  0.00000000e+00  2.91239698e+01]
 [ 0.00000000e+00 -1.16865582e-17  0.00000000e+00  0.00000000e+00]
 [ 0.00000000e+00 -1.16865582e-17  0.00000000e+00  0.00000000e+00]]
['S7'] [[ 0.00000000e+00 -1.16865582e-17  0.00000000e+00  2.13721978e-01]
 [ 0.00000000e+00 -1.16865582e-17  0.00000000e+00  4.27444038e-01]
 [ 0.00000000e+00 -1.16865582e-17  0.00000000e+00  8.54887994e-01]
 [ 0.00000000e+00 -1.16865582e-17  0.00000000e+00  1.70977602e+00]
 [ 0.00000000e+00 -1.16865582e-17  0.00000000e+00  3.41955202e+00]
 [ 0.00000000e+00 -1.16865582e-17  0.00000000e+00  6.83910400e+00]
 [ 0.00000000e+00 -1.16865582e-17  0.00000000e+00  1.36782080e+01]
 [ 0.00000000e+00 -1.16865582e-17  0.00000000e+00  2.73564161e+01]
 [ 0.00000000e+00 -1.16865582e-17  0.00000000e+00  0.00000000e+00]
 [ 0.00000000e+00 -1.16865582e-17  0.00000000e+00  0.00000000e+00]]
['S8'] [[ 2.00000000e+00 -2.18392556e-16  0.00000000e+00  2.48407470e-01]
 [ 2.00000000e+00 -2.18392556e-16  0.00000000e+00  4.96814895e-01]
 [ 2.00000000e+00 -2.18392556e-16  0.00000000e+00  9.93629867e-01]
 [ 2.00000000e+00 -2.18392556e-16  0.00000000e+00  1.98725971e+00]
 [ 2.00000000e+00 -2.18392556e-16  0.00000000e+00  3.97451934e+00]
 [ 2.00000000e+00 -2.18392556e-16  0.00000000e+00  7.94903872e+00]
 [ 2.00000000e+00 -2.18392556e-16  0.00000000e+00  1.58980774e+01]
 [ 2.00000000e+00 -2.18392556e-16  0.00000000e+00  3.17961548e+01]
 [ 2.00000000e+00 -2.18392556e-16  0.00000000e+00  0.00000000e+00]
 [ 2.00000000e+00 -2.18392556e-16  0.00000000e+00  0.00000000e+00]]
['S9'] [[ 0.00000000e+00 -1.16865582e-17  0.00000000e+00  2.27531005e-01]
 [ 0.00000000e+00 -1.16865582e-17  0.00000000e+00  4.55062009e-01]
 [ 0.00000000e+00 -1.16865582e-17  0.00000000e+00  9.10124060e-01]
 [ 0.00000000e+00 -1.16865582e-17  0.00000000e+00  1.82024812e+00]
 [ 0.00000000e+00 -1.16865582e-17  0.00000000e+00  3.64049621e+00]
 [ 0.00000000e+00 -1.16865582e-17  0.00000000e+00  7.28099246e+00]
 [ 0.00000000e+00 -1.16865582e-17  0.00000000e+00  1.45619849e+01]
 [ 0.00000000e+00 -1.16865582e-17  0.00000000e+00  2.91239698e+01]
 [ 0.00000000e+00 -1.16865582e-17  0.00000000e+00  0.00000000e+00]
 [ 0.00000000e+00 -1.16865582e-17  0.00000000e+00  0.00000000e+00]]
