['S1'] [[ 1.00000000e+00  2.30809524e-16  1.12311898e-01]
 [ 5.00000000e+00  7.15801687e-17  9.12451340e-02]
 [ 6.00000000e+00 -1.02257384e-16  8.63389737e-02]
 [ 4.00000000e+00 -4.09029535e-17  1.58671342e-02]
 [ 5.00000000e+00  7.15801687e-17  2.83367200e-03]
 [ 6.00000000e+00 -1.02257384e-16  3.57270256e-04]
 [ 4.00000000e+00 -4.09029535e-17  7.97510149e-05]
 [ 5.00000000e+00  7.15801687e-17  1.15036964e-05]
 [ 6.00000000e+00 -1.02257384e-16  1.66893005e-06]
 [ 4.00000000e+00 -4.09029535e-17  4.17232513e-07]]
['S10'] [[ 6.00000000e+00 -1.02257384e-16  1.59226798e-01]
 [ 5.00000000e+00  7.15801687e-17  1.02631525e-01]
 [ 1.00000000e+00  2.30809524e-16  1.34908992e-02]
 [ 6.00000000e+00 -1.02257384e-16  1.35874832e-03]
 [ 6.00000000e+00 -1.02257384e-16  0.00000000e+00]
 [ 6.00000000e+00 -1.02257384e-16  0.00000000e+00]
 [ 6.00000000e+00 -1.02257384e-16  0.00000000e+00]
 [ 6.00000000e+00 -1.02257384e-16  0.00000000e+00]
 [ 6.00000000e+00 -1.02257384e-16  0.00000000e+00]
 [ 6.00000000e+00 -1.02257384e-16  0.00000000e+00]]
['S11'] [[8.00000000e+00 1.49734026e-16 1.32346252e-01]
 [5.00000000e+00 7.15801687e-17 8.10437831e-02]
 [1.00000000e+00 2.30809524e-16 6.26303994e-03]
 [1.00000000e+00 2.30809524e-16 0.00000000e+00]
 [1.00000000e+00 2.30809524e-16 0.00000000e+00]
 [1.00000000e+00 2.30809524e-16 0.00000000e+00]
 [1.00000000e+00 2.30809524e-16 0.00000000e+00]
 [1.00000000e+00 2.30809524e-16 0.00000000e+00]
 [1.00000000e+00 2.30809524e-16 0.00000000e+00]
 [1.00000000e+00 2.30809524e-16 0.00000000e+00]]
['S12'] [[ 8.00000000e+00  1.49734026e-16  1.45760347e-01]
 [ 4.00000000e+00 -4.09029535e-17  1.05786380e-01]
 [ 1.00000000e+00  2.30809524e-16  9.33702836e-02]
 [ 5.00000000e+00  7.15801687e-17  7.84937115e-02]
 [ 4.00000000e+00 -4.09029535e-17  1.41660510e-02]
 [ 5.00000000e+00  7.15801687e-17  5.67674698e-04]
 [ 4.00000000e+00 -4.09029535e-17  2.27689743e-05]
 [ 5.00000000e+00  7.15801687e-17  9.53674316e-07]
 [ 4.00000000e+00 -4.09029535e-17  1.19209290e-07]
 [ 4.00000000e+00 -4.09029535e-17  0.00000000e+00]]
['S13'] [[ 8.00000000e+00  1.49734026e-16  1.18979223e-01]
 [ 4.00000000e+00 -4.09029535e-17  6.75301011e-02]
 [ 6.00000000e+00 -1.02257384e-16  1.56433228e-02]
 [ 4.00000000e+00 -4.09029535e-17  5.32925179e-04]
 [ 6.00000000e+00 -1.02257384e-16  1.81198120e-05]
 [ 4.00000000e+00 -4.09029535e-17  5.96046448e-07]
 [ 4.00000000e+00 -4.09029535e-17  5.96046448e-08]
 [ 6.00000000e+00 -1.02257384e-16  5.96046448e-08]
 [ 6.00000000e+00 -1.02257384e-16  5.96046448e-08]
 [ 4.00000000e+00 -4.09029535e-17  0.00000000e+00]]
['S14'] [[ 4.00000000e+00 -4.09029535e-17  6.58845663e-02]
 [ 8.00000000e+00  1.49734026e-16  5.91892019e-02]
 [ 6.00000000e+00 -1.02257384e-16  4.17081398e-02]
 [ 1.00000000e+00  2.30809524e-16  1.26134886e-02]
 [ 7.00000000e+00 -8.91100059e-17  6.64232009e-03]
 [ 7.00000000e+00 -8.91100059e-17  0.00000000e+00]
 [ 7.00000000e+00 -8.91100059e-17  0.00000000e+00]
 [ 7.00000000e+00 -8.91100059e-17  0.00000000e+00]
 [ 7.00000000e+00 -8.91100059e-17  0.00000000e+00]
 [ 7.00000000e+00 -8.91100059e-17  0.00000000e+00]]
['S15'] [[ 1.00000000e+00  2.30809524e-16  9.90064243e-02]
 [ 7.00000000e+00 -8.91100059e-17  8.20490548e-02]
 [ 5.00000000e+00  7.15801687e-17  2.63059601e-02]
 [ 9.00000000e+00 -7.96146774e-17  1.26251133e-02]
 [ 7.00000000e+00 -8.91100059e-17  6.20842060e-04]
 [ 9.00000000e+00 -7.96146774e-17  1.55568123e-05]
 [ 7.00000000e+00 -8.91100059e-17  3.57627869e-07]
 [ 7.00000000e+00 -8.91100059e-17  0.00000000e+00]
 [ 7.00000000e+00 -8.91100059e-17  0.00000000e+00]
 [ 7.00000000e+00 -8.91100059e-17  0.00000000e+00]]
['S16'] [[ 4.00000000e+00 -4.09029535e-17  3.94941145e-02]
 [ 0.00000000e+00  6.98226199e-17  8.41011563e-03]
 [ 6.00000000e+00 -1.02257384e-16  2.28667658e-03]
 [ 4.00000000e+00 -4.09029535e-17  4.48942215e-04]
 [ 0.00000000e+00  6.98226199e-17  3.59654442e-04]
 [ 6.00000000e+00 -1.02257384e-16  6.48498536e-05]
 [ 4.00000000e+00 -4.09029535e-17  1.82986259e-05]
 [ 0.00000000e+00  6.98226199e-17  1.04308128e-05]
 [ 6.00000000e+00 -1.02257384e-16  1.90734863e-06]
 [ 4.00000000e+00 -4.09029535e-17  5.36441803e-07]]
['S17'] [[ 7.00000000e+00 -8.91100059e-17  1.31585443e-02]
 [ 7.00000000e+00 -8.91100059e-17  5.96046448e-08]
 [ 7.00000000e+00 -8.91100059e-17  5.96046448e-08]
 [ 7.00000000e+00 -8.91100059e-17 -1.19209290e-07]
 [ 7.00000000e+00 -8.91100059e-17  5.96046448e-08]
 [ 7.00000000e+00 -8.91100059e-17  5.96046448e-08]
 [ 7.00000000e+00 -8.91100059e-17 -1.19209290e-07]
 [ 7.00000000e+00 -8.91100059e-17  5.96046448e-08]
 [ 7.00000000e+00 -8.91100059e-17  5.96046448e-08]
 [ 7.00000000e+00 -8.91100059e-17 -1.19209290e-07]]
['S18'] [[ 4.00000000e+00 -4.09029535e-17  1.45760408e-01]
 [ 1.00000000e+00  2.30809524e-16  1.56979831e-01]
 [ 7.00000000e+00 -8.91100059e-17  2.00643042e-02]
 [ 4.00000000e+00 -4.09029535e-17  2.08708544e-02]
 [ 6.00000000e+00 -1.02257384e-16  4.56121747e-03]
 [ 7.00000000e+00 -8.91100059e-17  1.58345832e-03]
 [ 4.00000000e+00 -4.09029535e-17  2.42590909e-04]
 [ 7.00000000e+00 -8.91100059e-17  1.83582306e-05]
 [ 6.00000000e+00 -1.02257384e-16  5.42402267e-06]
 [ 4.00000000e+00 -4.09029535e-17  1.54972076e-06]]
['S19'] [[ 6.00000000e+00 -1.02257384e-16  1.45760347e-01]
 [ 8.00000000e+00  1.49734026e-16  1.48925071e-01]
 [ 1.00000000e+00  2.30809524e-16  1.42493477e-01]
 [ 8.00000000e+00  1.49734026e-16  1.27663991e-02]
 [ 1.00000000e+00  2.30809524e-16  1.15156225e-03]
 [ 8.00000000e+00  1.49734026e-16  1.03771687e-04]
 [ 1.00000000e+00  2.30809524e-16  9.41753387e-06]
 [ 8.00000000e+00  1.49734026e-16  8.34465027e-07]
 [ 1.00000000e+00  2.30809524e-16  0.00000000e+00]
 [ 1.00000000e+00  2.30809524e-16  0.00000000e+00]]
['S2'] [[ 8.00000000e+00  1.49734026e-16  1.18979284e-01]
 [ 1.00000000e+00  2.30809524e-16  1.06014343e-01]
 [ 5.00000000e+00  7.15801687e-17  8.83126169e-02]
 [ 7.00000000e+00 -8.91100059e-17  7.03981670e-02]
 [ 4.00000000e+00 -4.09029535e-17  4.51260498e-02]
 [ 6.00000000e+00 -1.02257384e-16  3.92164040e-02]
 [ 5.00000000e+00  7.15801687e-17  5.83744719e-03]
 [ 7.00000000e+00 -8.91100059e-17  2.40731704e-03]
 [ 4.00000000e+00 -4.09029535e-17  2.06572111e-03]
 [ 6.00000000e+00 -1.02257384e-16  4.43339377e-04]]
['S3'] [[ 6.00000000e+00 -1.02257384e-16  1.45760347e-01]
 [ 7.00000000e+00 -8.91100059e-17  9.04313492e-02]
 [ 5.00000000e+00  7.15801687e-17  9.24753856e-02]
 [ 4.00000000e+00 -4.09029535e-17  9.32274266e-02]
 [ 7.00000000e+00 -8.91100059e-17  1.00096231e-02]
 [ 6.00000000e+00 -1.02257384e-16  4.61247854e-03]
 [ 5.00000000e+00  7.15801687e-17  3.11697539e-03]
 [ 4.00000000e+00 -4.09029535e-17  8.89301534e-04]
 [ 1.00000000e+00  2.30809524e-16  5.78999584e-04]
 [ 6.00000000e+00 -1.02257384e-16  9.39369204e-05]]
['S4'] [[ 6.00000000e+00 -1.02257384e-16  1.45760347e-01]
 [ 1.00000000e+00  2.30809524e-16  1.15542379e-01]
 [ 4.00000000e+00 -4.09029535e-17  9.92087297e-02]
 [ 1.00000000e+00  2.30809524e-16  1.24647516e-02]
 [ 4.00000000e+00 -4.09029535e-17  1.57129894e-03]
 [ 1.00000000e+00  2.30809524e-16  1.98125842e-04]
 [ 4.00000000e+00 -4.09029535e-17  2.49147415e-05]
 [ 1.00000000e+00  2.30809524e-16  3.09944153e-06]
 [ 4.00000000e+00 -4.09029535e-17  3.57627869e-07]
 [ 1.00000000e+00  2.30809524e-16  0.00000000e+00]]
['S5'] [[ 8.00000000e+00  1.49734026e-16  1.05654502e-01]
 [ 7.00000000e+00 -8.91100059e-17  3.92358651e-02]
 [ 1.00000000e+00  2.30809524e-16  2.05416957e-02]
 [ 4.00000000e+00 -4.09029535e-17  6.44144384e-03]
 [ 1.00000000e+00  2.30809524e-16  6.78837404e-04]
 [ 4.00000000e+00 -4.09029535e-17  7.15851785e-05]
 [ 1.00000000e+00  2.30809524e-16  7.56978989e-06]
 [ 4.00000000e+00 -4.09029535e-17  7.74860382e-07]
 [ 1.00000000e+00  2.30809524e-16  5.96046448e-08]
 [ 4.00000000e+00 -4.09029535e-17  0.00000000e+00]]
['S6'] [[ 4.00000000e+00 -4.09029535e-17  7.91119395e-02]
 [ 0.00000000e+00  6.98226199e-17  1.02791234e-02]
 [ 4.00000000e+00 -4.09029535e-17  4.81843986e-04]
 [ 0.00000000e+00  6.98226199e-17  2.25305557e-05]
 [ 4.00000000e+00 -4.09029535e-17  9.53674316e-07]
 [ 4.00000000e+00 -4.09029535e-17  5.96046448e-08]
 [ 0.00000000e+00  6.98226199e-17  0.00000000e+00]
 [ 0.00000000e+00  6.98226199e-17  0.00000000e+00]
 [ 0.00000000e+00  6.98226199e-17  0.00000000e+00]
 [ 0.00000000e+00  6.98226199e-17  0.00000000e+00]]
['S7'] [[ 4.00000000e+00 -4.09029535e-17  1.32346252e-01]
 [ 6.00000000e+00 -1.02257384e-16  9.75599435e-02]
 [ 5.00000000e+00  7.15801687e-17  7.80895686e-02]
 [ 9.00000000e+00 -7.96146774e-17  2.01029436e-02]
 [ 4.00000000e+00 -4.09029535e-17  9.43688748e-03]
 [ 9.00000000e+00 -7.96146774e-17  1.43438676e-03]
 [ 4.00000000e+00 -4.09029535e-17  2.18153003e-04]
 [ 9.00000000e+00 -7.96146774e-17  3.31997872e-05]
 [ 4.00000000e+00 -4.09029535e-17  5.00679016e-06]
 [ 9.00000000e+00 -7.96146774e-17  7.15255737e-07]]
['S8'] [[ 8.00000000e+00  1.49734026e-16  1.18979344e-01]
 [ 5.00000000e+00  7.15801687e-17  9.48398999e-02]
 [ 6.00000000e+00 -1.02257384e-16  4.49079322e-02]
 [ 4.00000000e+00 -4.09029535e-17  3.01276967e-02]
 [ 7.00000000e+00 -8.91100059e-17  2.76018122e-02]
 [ 5.00000000e+00  7.15801687e-17  3.63554172e-03]
 [ 9.00000000e+00 -7.96146774e-17  3.10874987e-03]
 [ 4.00000000e+00 -4.09029535e-17  1.75428570e-03]
 [ 7.00000000e+00 -8.91100059e-17  2.58207327e-04]
 [ 9.00000000e+00 -7.96146774e-17  2.12430957e-04]]
['S9'] [[ 6.00000000e+00 -1.02257384e-16  1.45760347e-01]
 [ 8.00000000e+00  1.49734026e-16  9.43550543e-02]
 [ 7.00000000e+00 -8.91100059e-17  7.85807324e-02]
 [ 6.00000000e+00 -1.02257384e-16  1.99675563e-04]
 [ 6.00000000e+00 -1.02257384e-16  0.00000000e+00]
 [ 6.00000000e+00 -1.02257384e-16  0.00000000e+00]
 [ 6.00000000e+00 -1.02257384e-16  0.00000000e+00]
 [ 6.00000000e+00 -1.02257384e-16  0.00000000e+00]
 [ 6.00000000e+00 -1.02257384e-16  0.00000000e+00]
 [ 6.00000000e+00 -1.02257384e-16  0.00000000e+00]]
