['S1'] [[1.29910000e+04 3.32787614e-01 1.18979344e-01]
 [1.15680000e+04 3.06881549e-01 9.00583019e-02]
 [1.61910000e+04 4.07143790e-01 8.32460684e-02]
 [1.59190000e+04 3.42494587e-01 5.75546498e-02]
 [1.35680000e+04 3.99683786e-01 5.64514864e-02]
 [1.65440000e+04 2.37113131e-01 4.22488115e-02]
 [1.64480000e+04 4.08365654e-01 4.06349291e-02]
 [1.38720000e+04 3.43134295e-01 4.13926448e-02]
 [1.44640000e+04 3.20703166e-01 3.91229199e-02]
 [1.10400000e+04 3.24188876e-01 3.35688264e-02]]
['S10'] [[1.36000000e+04 3.88716602e-01 9.90064243e-02]
 [3.04000000e+03 3.28221924e-01 7.41334835e-02]
 [1.61910000e+04 4.07143790e-01 6.76772201e-02]
 [2.11300000e+03 2.54889142e-01 4.31047416e-02]
 [1.48320000e+04 2.95728317e-01 3.41653181e-02]
 [1.19990000e+04 3.54062184e-01 3.26731192e-02]
 [9.64800000e+03 3.22297313e-01 2.66026412e-02]
 [2.14400000e+03 2.84805140e-01 2.54467801e-02]
 [2.28790000e+04 3.99040078e-01 1.92920058e-02]
 [1.01590000e+04 2.69327866e-01 1.67324063e-02]]
['S11'] [[1.15680000e+04 3.06881549e-01 9.90064243e-02]
 [1.64480000e+04 4.08365654e-01 7.73424601e-02]
 [2.65400000e+03 2.67038643e-01 5.71886674e-02]
 [1.38400000e+04 3.85708178e-01 5.17680066e-02]
 [1.10710000e+04 4.02056883e-01 4.50249339e-02]
 [1.10400000e+04 3.24188876e-01 4.31044430e-02]
 [1.15360000e+04 3.38630306e-01 3.52310200e-02]
 [1.61910000e+04 4.07143790e-01 3.08845452e-02]
 [1.44640000e+04 3.20703166e-01 2.92348078e-02]
 [3.58200000e+03 1.87251264e-01 1.89906535e-02]]
['S12'] [[1.10710000e+04 4.02056883e-01 1.65981291e-01]
 [1.10400000e+04 3.24188876e-01 9.48607092e-02]
 [1.38400000e+04 3.85708178e-01 8.52809274e-02]
 [7.66000000e+02 2.62748754e-01 6.25369322e-02]
 [1.61910000e+04 4.07143790e-01 5.53645431e-02]
 [1.39670000e+04 3.70197228e-01 4.43195376e-02]
 [5.92000000e+03 3.65882109e-01 3.79189689e-02]
 [1.48480000e+04 3.02081787e-01 2.57500684e-02]
 [1.45280000e+04 4.57330172e-01 2.35607103e-02]
 [1.28800000e+04 3.18581347e-01 9.96718033e-03]]
['S13'] [[1.61910000e+04 4.07143790e-01 9.90064243e-02]
 [1.90710000e+04 4.08435578e-01 7.60235517e-02]
 [1.45280000e+04 4.57330172e-01 5.63684916e-02]
 [1.15680000e+04 3.06881549e-01 5.97512302e-02]
 [1.10710000e+04 4.02056883e-01 5.51371142e-02]
 [5.92000000e+03 3.65882109e-01 4.71064482e-02]
 [2.75000000e+03 2.19801937e-01 4.09991235e-02]
 [1.52310000e+04 4.27080324e-01 4.01694326e-02]
 [1.68790000e+04 3.03670403e-01 3.32403962e-02]
 [1.64480000e+04 4.08365654e-01 3.38109767e-02]]
['S14'] [[3.95200000e+03 3.66353134e-01 1.12311959e-01]
 [1.15680000e+04 3.06881549e-01 1.09220370e-01]
 [1.35680000e+04 3.99683786e-01 1.06125495e-01]
 [1.10710000e+04 4.02056883e-01 7.39636360e-02]
 [1.45280000e+04 4.57330172e-01 7.55448699e-02]
 [5.88800000e+03 4.12160618e-01 5.72850652e-02]
 [1.61910000e+04 4.07143790e-01 5.27381533e-02]
 [1.52310000e+04 4.27080324e-01 3.35858926e-02]
 [3.72600000e+03 2.25505347e-01 3.25624945e-02]
 [1.15360000e+04 3.38630306e-01 2.79052546e-02]]
['S15'] [[5.88800000e+03 4.12160618e-01 1.59226859e-01]
 [1.10710000e+04 4.02056883e-01 1.28544233e-01]
 [1.61910000e+04 4.07143790e-01 9.48960732e-02]
 [5.92000000e+03 3.65882109e-01 7.58433450e-02]
 [1.59190000e+04 3.42494587e-01 5.95807515e-02]
 [1.52310000e+04 4.27080324e-01 5.44331010e-02]
 [1.45280000e+04 4.57330172e-01 4.18565161e-02]
 [1.10400000e+04 3.24188876e-01 4.00651356e-02]
 [4.92800000e+03 3.81192915e-01 2.55710770e-02]
 [1.35680000e+04 3.99683786e-01 1.82241108e-02]]
['S16'] [[1.45280000e+04 4.57330172e-01 1.12311898e-01]
 [1.61910000e+04 4.07143790e-01 8.52375793e-02]
 [1.10710000e+04 4.02056883e-01 7.92945166e-02]
 [1.54880000e+04 4.74135987e-01 6.82339274e-02]
 [1.51990000e+04 4.07426476e-01 3.68562837e-02]
 [1.16160000e+04 3.19356631e-01 2.80522951e-02]
 [1.44640000e+04 3.20703166e-01 1.77819991e-02]
 [1.43510000e+04 3.27513437e-01 1.16835188e-02]
 [1.11190000e+04 3.12681665e-01 6.91007645e-03]
 [1.33430000e+04 3.68134581e-01 4.52140074e-03]]
['S17'] [[5.88800000e+03 4.12160618e-01 1.05654502e-01]
 [1.64480000e+04 4.08365654e-01 7.89452015e-02]
 [1.15360000e+04 3.38630306e-01 6.58870208e-02]
 [1.10400000e+04 3.24188876e-01 5.99785405e-02]
 [1.65440000e+04 2.37113131e-01 6.23587364e-02]
 [3.04000000e+03 3.28221924e-01 4.09701666e-02]
 [1.45600000e+04 4.19988948e-01 3.66556220e-02]
 [8.57500000e+03 3.30868730e-01 3.35484187e-02]
 [1.61910000e+04 4.07143790e-01 2.83507941e-02]
 [1.28800000e+04 3.18581347e-01 2.63073320e-02]]
['S18'] [[1.61910000e+04 4.07143790e-01 1.12311898e-01]
 [1.49270000e+04 3.50433674e-01 8.67388609e-02]
 [1.45280000e+04 4.57330172e-01 7.10167268e-02]
 [5.88800000e+03 4.12160618e-01 6.76423112e-02]
 [1.35680000e+04 3.99683786e-01 4.60517836e-02]
 [2.28790000e+04 3.99040078e-01 2.32485090e-02]
 [1.10710000e+04 4.02056883e-01 1.90726992e-02]
 [1.52310000e+04 4.27080324e-01 1.76592346e-02]
 [1.10400000e+04 3.24188876e-01 1.69555698e-02]
 [1.30390000e+04 3.30134355e-01 4.31623755e-03]]
['S19'] [[1.61910000e+04 4.07143790e-01 1.52486804e-01]
 [1.61590000e+04 4.59151524e-01 9.06573051e-02]
 [4.03200000e+03 3.22045354e-01 8.38932244e-02]
 [1.68470000e+04 3.22361819e-01 7.01717466e-02]
 [1.48320000e+04 2.95728317e-01 3.86190365e-02]
 [1.64480000e+04 4.08365654e-01 3.52210537e-02]
 [1.57930000e+04 2.38788050e-01 2.74461262e-02]
 [1.58700000e+04 2.58588208e-01 2.28558038e-02]
 [2.65400000e+03 2.67038643e-01 2.28182333e-02]
 [1.10710000e+04 4.02056883e-01 2.01424178e-02]]
['S2'] [[1.58710000e+04 3.28921817e-01 9.90064243e-02]
 [2.09910000e+04 3.95566083e-01 9.20462357e-02]
 [2.00310000e+04 4.02981225e-01 6.98945412e-02]
 [1.45280000e+04 4.57330172e-01 6.06790544e-02]
 [1.10400000e+04 3.24188876e-01 5.76824483e-02]
 [1.48320000e+04 2.95728317e-01 4.47443468e-02]
 [1.38720000e+04 3.43134295e-01 2.64763692e-02]
 [5.92000000e+03 3.65882109e-01 1.60508229e-02]
 [1.68790000e+04 3.03670403e-01 9.77869207e-03]
 [1.57920000e+04 2.82042600e-01 6.96897620e-04]]
['S3'] [[1.10710000e+04 4.02056883e-01 1.12311959e-01]
 [1.35680000e+04 3.99683786e-01 8.38690944e-02]
 [1.61910000e+04 4.07143790e-01 6.14608765e-02]
 [1.45280000e+04 4.57330172e-01 4.75930173e-02]
 [1.64480000e+04 4.08365654e-01 3.35082596e-02]
 [1.51990000e+04 4.07426476e-01 2.93354471e-02]
 [1.60940000e+04 1.95262496e-01 1.63185775e-02]
 [1.65440000e+04 2.37113131e-01 1.16481088e-02]
 [1.15680000e+04 3.06881549e-01 9.27021832e-03]
 [1.10710000e+04 4.02056883e-01 8.73194475e-03]]
['S4'] [[4.00000000e+03 3.80889705e-01 1.39047084e-01]
 [1.61910000e+04 4.07143790e-01 8.78571790e-02]
 [1.10400000e+04 3.24188876e-01 7.31366342e-02]
 [4.99200000e+03 3.17240178e-01 6.99347916e-02]
 [5.88800000e+03 4.12160618e-01 5.06810701e-02]
 [4.60600000e+03 2.13743521e-01 3.39449428e-02]
 [1.94240000e+04 3.16720038e-01 2.95586812e-02]
 [1.64480000e+04 4.08365654e-01 2.22599311e-02]
 [1.45280000e+04 4.57330172e-01 1.21249538e-02]
 [4.03200000e+03 3.22045354e-01 1.25590609e-02]]
['S5'] [[1.45280000e+04 4.57330172e-01 1.25657214e-01]
 [4.92800000e+03 3.81192915e-01 1.09034894e-01]
 [1.15680000e+04 3.06881549e-01 9.38027859e-02]
 [1.10710000e+04 4.02056883e-01 6.04637492e-02]
 [1.35680000e+04 3.99683786e-01 4.84498997e-02]
 [1.35040000e+04 3.66154164e-01 4.68078868e-02]
 [1.61910000e+04 4.07143790e-01 3.47595664e-02]
 [4.96000000e+03 3.95303127e-01 3.06703618e-02]
 [1.44640000e+04 3.20703166e-01 1.95398161e-02]
 [1.93600000e+04 3.87407224e-01 1.26136674e-02]]
['S6'] [[1.45280000e+04 4.57330172e-01 9.90064243e-02]
 [1.10710000e+04 4.02056883e-01 6.51297218e-02]
 [1.10400000e+04 3.24188876e-01 6.26034724e-02]
 [1.16160000e+04 3.19356631e-01 4.96675087e-02]
 [1.58870000e+04 3.23592461e-01 3.32270897e-02]
 [1.28800000e+04 3.18581347e-01 2.63261204e-02]
 [1.67980000e+04 2.46889230e-01 1.39525645e-02]
 [1.59190000e+04 3.42494587e-01 1.26161116e-02]
 [1.45280000e+04 4.57330172e-01 7.95923589e-03]
 [1.30070000e+04 3.52227699e-01 7.87906261e-03]]
['S7'] [[1.71190000e+04 4.32172483e-01 9.90064243e-02]
 [1.10400000e+04 3.24188876e-01 8.65830823e-02]
 [1.10710000e+04 4.02056883e-01 6.26427265e-02]
 [1.36000000e+04 3.88716602e-01 5.84681185e-02]
 [1.38720000e+04 3.43134295e-01 4.16669411e-02]
 [1.59190000e+04 3.42494587e-01 3.39763907e-02]
 [1.54880000e+04 4.74135987e-01 3.15895808e-02]
 [1.15360000e+04 3.38630306e-01 2.61136031e-02]
 [2.00310000e+04 4.02981225e-01 2.21316583e-02]
 [1.80790000e+04 3.71340628e-01 1.92781127e-02]]
['S8'] [[4.92800000e+03 3.81192915e-01 1.65981291e-01]
 [1.38720000e+04 3.43134295e-01 1.02137565e-01]
 [5.88800000e+03 4.12160618e-01 6.89346471e-02]
 [1.59190000e+04 3.42494587e-01 6.10525464e-02]
 [1.10710000e+04 4.02056883e-01 5.93703197e-02]
 [1.10400000e+04 3.24188876e-01 3.93920916e-02]
 [4.03200000e+03 3.22045354e-01 2.95564142e-02]
 [1.45280000e+04 4.57330172e-01 3.06229912e-02]
 [1.24150000e+04 3.34135085e-01 6.76552843e-03]
 [1.61910000e+04 4.07143790e-01 5.24722385e-03]]
['S9'] [[5.88800000e+03 4.12160618e-01 9.23670579e-02]
 [1.45280000e+04 4.57330172e-01 8.70886872e-02]
 [1.74400000e+04 4.04597427e-01 6.09843438e-02]
 [1.29910000e+04 3.32787614e-01 5.17835454e-02]
 [1.64480000e+04 4.08365654e-01 4.11016372e-02]
 [9.55100000e+03 3.10871204e-01 3.58724608e-02]
 [1.48000000e+04 3.62103462e-01 3.39485829e-02]
 [1.59190000e+04 3.42494587e-01 2.49640932e-02]
 [1.68790000e+04 3.03670403e-01 1.91812790e-02]
 [1.10710000e+04 4.02056883e-01 1.20056675e-02]]
