['S1'] [[2.00000000e+00 1.25630500e-16 0.00000000e+00 1.79536073e-01]
 [2.00000000e+00 1.25630500e-16 0.00000000e+00 3.59072122e-01]
 [2.00000000e+00 1.25630500e-16 0.00000000e+00 7.18144227e-01]
 [2.00000000e+00 1.25630500e-16 0.00000000e+00 1.43628844e+00]
 [2.00000000e+00 1.25630500e-16 0.00000000e+00 2.87257688e+00]
 [2.00000000e+00 1.25630500e-16 0.00000000e+00 5.74515376e+00]
 [2.00000000e+00 1.25630500e-16 0.00000000e+00 1.14903075e+01]
 [2.00000000e+00 1.25630500e-16 0.00000000e+00 2.29806151e+01]
 [2.00000000e+00 1.25630500e-16 0.00000000e+00 4.59613291e+01]
 [2.00000000e+00 1.25630500e-16 0.00000000e+00 0.00000000e+00]
 [2.00000000e+00 1.25630500e-16 0.00000000e+00 0.00000000e+00]
 [2.00000000e+00 1.25630500e-16 0.00000000e+00 0.00000000e+00]
 [2.00000000e+00 1.25630500e-16 0.00000000e+00 0.00000000e+00]
 [2.00000000e+00 1.25630500e-16 0.00000000e+00 0.00000000e+00]
 [2.00000000e+00 1.25630500e-16 0.00000000e+00 0.00000000e+00]]
['S10'] [[1.40000000e+01 5.25895117e-17 0.00000000e+00 1.99992782e-01]
 [1.40000000e+01 5.25895117e-17 0.00000000e+00 3.99985594e-01]
 [1.40000000e+01 5.25895117e-17 0.00000000e+00 7.99971179e-01]
 [1.40000000e+01 5.25895117e-17 0.00000000e+00 1.59994237e+00]
 [1.40000000e+01 5.25895117e-17 0.00000000e+00 3.19988475e+00]
 [1.40000000e+01 5.25895117e-17 0.00000000e+00 6.39976947e+00]
 [1.40000000e+01 5.25895117e-17 0.00000000e+00 1.27995390e+01]
 [1.40000000e+01 5.25895117e-17 0.00000000e+00 2.55990780e+01]
 [1.40000000e+01 5.25895117e-17 0.00000000e+00 0.00000000e+00]
 [1.40000000e+01 5.25895117e-17 0.00000000e+00 0.00000000e+00]
 [1.40000000e+01 5.25895117e-17 0.00000000e+00 0.00000000e+00]
 [1.40000000e+01 5.25895117e-17 0.00000000e+00 0.00000000e+00]
 [1.40000000e+01 5.25895117e-17 0.00000000e+00 0.00000000e+00]
 [1.40000000e+01 5.25895117e-17 0.00000000e+00 0.00000000e+00]
 [1.40000000e+01 5.25895117e-17 0.00000000e+00 0.00000000e+00]]
['S11'] [[2.00000000e+00 1.25630500e-16 0.00000000e+00 1.93156325e-01]
 [2.00000000e+00 1.25630500e-16 0.00000000e+00 3.86312588e-01]
 [2.00000000e+00 1.25630500e-16 0.00000000e+00 7.72625180e-01]
 [2.00000000e+00 1.25630500e-16 0.00000000e+00 1.54525045e+00]
 [2.00000000e+00 1.25630500e-16 0.00000000e+00 3.09050088e+00]
 [2.00000000e+00 1.25630500e-16 0.00000000e+00 6.18100180e+00]
 [2.00000000e+00 1.25630500e-16 0.00000000e+00 1.23620036e+01]
 [2.00000000e+00 1.25630500e-16 0.00000000e+00 2.47240071e+01]
 [2.00000000e+00 1.25630500e-16 0.00000000e+00 4.92333728e+01]
 [2.00000000e+00 1.25630500e-16 0.00000000e+00 0.00000000e+00]
 [2.00000000e+00 1.25630500e-16 0.00000000e+00 0.00000000e+00]
 [2.00000000e+00 1.25630500e-16 0.00000000e+00 0.00000000e+00]
 [2.00000000e+00 1.25630500e-16 0.00000000e+00 0.00000000e+00]
 [2.00000000e+00 1.25630500e-16 0.00000000e+00 0.00000000e+00]
 [2.00000000e+00 1.25630500e-16 0.00000000e+00 0.00000000e+00]]
['S12'] [[1.40000000e+01 5.25895117e-17 0.00000000e+00 1.86337594e-01]
 [1.40000000e+01 5.25895117e-17 0.00000000e+00 3.72675243e-01]
 [1.40000000e+01 5.25895117e-17 0.00000000e+00 7.45350441e-01]
 [1.40000000e+01 5.25895117e-17 0.00000000e+00 1.49070092e+00]
 [1.40000000e+01 5.25895117e-17 0.00000000e+00 2.98140185e+00]
 [1.40000000e+01 5.25895117e-17 0.00000000e+00 5.96280369e+00]
 [1.40000000e+01 5.25895117e-17 0.00000000e+00 1.19256074e+01]
 [1.40000000e+01 5.25895117e-17 0.00000000e+00 2.38512147e+01]
 [1.40000000e+01 5.25895117e-17 0.00000000e+00 4.77070630e+01]
 [1.40000000e+01 5.25895117e-17 0.00000000e+00 0.00000000e+00]
 [1.40000000e+01 5.25895117e-17 0.00000000e+00 0.00000000e+00]
 [1.40000000e+01 5.25895117e-17 0.00000000e+00 0.00000000e+00]
 [1.40000000e+01 5.25895117e-17 0.00000000e+00 0.00000000e+00]
 [1.40000000e+01 5.25895117e-17 0.00000000e+00 0.00000000e+00]
 [1.40000000e+01 5.25895117e-17 0.00000000e+00 0.00000000e+00]]
['S13'] [[ 1.10000000e+01 -2.95816003e-17  1.00000000e+00  1.52486743e-01]
 [ 9.00000000e+00  1.27456525e-16  1.00000000e+00  1.62341498e-01]
 [ 1.40000000e+01  5.25895117e-17  0.00000000e+00  1.62798065e-01]
 [ 1.40000000e+01  5.25895117e-17  0.00000000e+00  3.25596171e-01]
 [ 1.40000000e+01  5.25895117e-17  0.00000000e+00  6.51192342e-01]
 [ 1.40000000e+01  5.25895117e-17  0.00000000e+00  1.30238470e+00]
 [ 1.40000000e+01  5.25895117e-17  0.00000000e+00  2.60476939e+00]
 [ 1.40000000e+01  5.25895117e-17  0.00000000e+00  5.20953874e+00]
 [ 1.40000000e+01  5.25895117e-17  0.00000000e+00  1.04190775e+01]
 [ 1.40000000e+01  5.25895117e-17  0.00000000e+00  2.08381551e+01]
 [ 1.40000000e+01  5.25895117e-17  0.00000000e+00  4.16763101e+01]
 [ 1.40000000e+01  5.25895117e-17  0.00000000e+00  0.00000000e+00]
 [ 1.40000000e+01  5.25895117e-17  0.00000000e+00  0.00000000e+00]
 [ 1.40000000e+01  5.25895117e-17  0.00000000e+00  0.00000000e+00]
 [ 1.40000000e+01  5.25895117e-17  0.00000000e+00  0.00000000e+00]]
['S14'] [[ 1.00000000e+00 -2.19122965e-17  0.00000000e+00  1.72750764e-01]
 [ 1.00000000e+00 -2.19122965e-17  0.00000000e+00  3.45501604e-01]
 [ 1.00000000e+00 -2.19122965e-17  0.00000000e+00  6.91003184e-01]
 [ 1.00000000e+00 -2.19122965e-17  0.00000000e+00  1.38200634e+00]
 [ 1.00000000e+00 -2.19122965e-17  0.00000000e+00  2.76401273e+00]
 [ 1.00000000e+00 -2.19122965e-17  0.00000000e+00  5.52802541e+00]
 [ 1.00000000e+00 -2.19122965e-17  0.00000000e+00  1.10560509e+01]
 [ 1.00000000e+00 -2.19122965e-17  0.00000000e+00  2.21121017e+01]
 [ 1.00000000e+00 -2.19122965e-17  0.00000000e+00  4.42242030e+01]
 [ 1.00000000e+00 -2.19122965e-17  0.00000000e+00  0.00000000e+00]
 [ 1.00000000e+00 -2.19122965e-17  0.00000000e+00  0.00000000e+00]
 [ 1.00000000e+00 -2.19122965e-17  0.00000000e+00  0.00000000e+00]
 [ 1.00000000e+00 -2.19122965e-17  0.00000000e+00  0.00000000e+00]
 [ 1.00000000e+00 -2.19122965e-17  0.00000000e+00  0.00000000e+00]
 [ 1.00000000e+00 -2.19122965e-17  0.00000000e+00  0.00000000e+00]]
['S15'] [[ 3.00000000e+00 -3.25762809e-16  0.00000000e+00  2.06847800e-01]
 [ 3.00000000e+00 -3.25762809e-16  0.00000000e+00  4.13695637e-01]
 [ 3.00000000e+00 -3.25762809e-16  0.00000000e+00  8.27391239e-01]
 [ 3.00000000e+00 -3.25762809e-16  0.00000000e+00  1.65478247e+00]
 [ 3.00000000e+00 -3.25762809e-16  0.00000000e+00  3.30956494e+00]
 [ 3.00000000e+00 -3.25762809e-16  0.00000000e+00  6.61912985e+00]
 [ 3.00000000e+00 -3.25762809e-16  0.00000000e+00  1.32382597e+01]
 [ 3.00000000e+00 -3.25762809e-16  0.00000000e+00  2.64765195e+01]
 [ 3.00000000e+00 -3.25762809e-16  0.00000000e+00  0.00000000e+00]
 [ 3.00000000e+00 -3.25762809e-16  0.00000000e+00  0.00000000e+00]
 [ 3.00000000e+00 -3.25762809e-16  0.00000000e+00  0.00000000e+00]
 [ 3.00000000e+00 -3.25762809e-16  0.00000000e+00  0.00000000e+00]
 [ 3.00000000e+00 -3.25762809e-16  0.00000000e+00  0.00000000e+00]
 [ 3.00000000e+00 -3.25762809e-16  0.00000000e+00  0.00000000e+00]
 [ 3.00000000e+00 -3.25762809e-16  0.00000000e+00  0.00000000e+00]]
['S16'] [[2.00000000e+00 1.25630500e-16 0.00000000e+00 1.93156325e-01]
 [2.00000000e+00 1.25630500e-16 0.00000000e+00 3.86312588e-01]
 [2.00000000e+00 1.25630500e-16 0.00000000e+00 7.72625180e-01]
 [2.00000000e+00 1.25630500e-16 0.00000000e+00 1.54525045e+00]
 [2.00000000e+00 1.25630500e-16 0.00000000e+00 3.09050088e+00]
 [2.00000000e+00 1.25630500e-16 0.00000000e+00 6.18100180e+00]
 [2.00000000e+00 1.25630500e-16 0.00000000e+00 1.23620036e+01]
 [2.00000000e+00 1.25630500e-16 0.00000000e+00 2.47240071e+01]
 [2.00000000e+00 1.25630500e-16 0.00000000e+00 4.92333728e+01]
 [2.00000000e+00 1.25630500e-16 0.00000000e+00 0.00000000e+00]
 [2.00000000e+00 1.25630500e-16 0.00000000e+00 0.00000000e+00]
 [2.00000000e+00 1.25630500e-16 0.00000000e+00 0.00000000e+00]
 [2.00000000e+00 1.25630500e-16 0.00000000e+00 0.00000000e+00]
 [2.00000000e+00 1.25630500e-16 0.00000000e+00 0.00000000e+00]
 [2.00000000e+00 1.25630500e-16 0.00000000e+00 0.00000000e+00]]
['S17'] [[4.00000000e+00 1.27821730e-16 0.00000000e+00 1.93156325e-01]
 [4.00000000e+00 1.27821730e-16 0.00000000e+00 3.86312588e-01]
 [4.00000000e+00 1.27821730e-16 0.00000000e+00 7.72625180e-01]
 [4.00000000e+00 1.27821730e-16 0.00000000e+00 1.54525045e+00]
 [4.00000000e+00 1.27821730e-16 0.00000000e+00 3.09050088e+00]
 [4.00000000e+00 1.27821730e-16 0.00000000e+00 6.18100175e+00]
 [4.00000000e+00 1.27821730e-16 0.00000000e+00 1.23620035e+01]
 [4.00000000e+00 1.27821730e-16 0.00000000e+00 2.47240070e+01]
 [4.00000000e+00 1.27821730e-16 0.00000000e+00 4.92333728e+01]
 [4.00000000e+00 1.27821730e-16 0.00000000e+00 0.00000000e+00]
 [4.00000000e+00 1.27821730e-16 0.00000000e+00 0.00000000e+00]
 [4.00000000e+00 1.27821730e-16 0.00000000e+00 0.00000000e+00]
 [4.00000000e+00 1.27821730e-16 0.00000000e+00 0.00000000e+00]
 [4.00000000e+00 1.27821730e-16 0.00000000e+00 0.00000000e+00]
 [4.00000000e+00 1.27821730e-16 0.00000000e+00 0.00000000e+00]]
['S18'] [[ 1.30000000e+01 -6.19593010e-17  0.00000000e+00  1.65981291e-01]
 [ 1.30000000e+01 -6.19593010e-17  0.00000000e+00  3.31962620e-01]
 [ 1.30000000e+01 -6.19593010e-17  0.00000000e+00  6.63925207e-01]
 [ 1.30000000e+01 -6.19593010e-17  0.00000000e+00  1.32785052e+00]
 [ 1.30000000e+01 -6.19593010e-17  0.00000000e+00  2.65570099e+00]
 [ 1.30000000e+01 -6.19593010e-17  0.00000000e+00  5.31140192e+00]
 [ 1.30000000e+01 -6.19593010e-17  0.00000000e+00  1.06228039e+01]
 [ 1.30000000e+01 -6.19593010e-17  0.00000000e+00  2.12456078e+01]
 [ 1.30000000e+01 -6.19593010e-17  0.00000000e+00  4.24912156e+01]
 [ 1.30000000e+01 -6.19593010e-17  0.00000000e+00  0.00000000e+00]
 [ 1.30000000e+01 -6.19593010e-17  0.00000000e+00  0.00000000e+00]
 [ 1.30000000e+01 -6.19593010e-17  0.00000000e+00  0.00000000e+00]
 [ 1.30000000e+01 -6.19593010e-17  0.00000000e+00  0.00000000e+00]
 [ 1.30000000e+01 -6.19593010e-17  0.00000000e+00  0.00000000e+00]
 [ 1.30000000e+01 -6.19593010e-17  0.00000000e+00  0.00000000e+00]]
['S19'] [[2.00000000e+00 1.25630500e-16 0.00000000e+00 2.06847800e-01]
 [2.00000000e+00 1.25630500e-16 0.00000000e+00 4.13695637e-01]
 [2.00000000e+00 1.25630500e-16 0.00000000e+00 8.27391239e-01]
 [2.00000000e+00 1.25630500e-16 0.00000000e+00 1.65478247e+00]
 [2.00000000e+00 1.25630500e-16 0.00000000e+00 3.30956494e+00]
 [2.00000000e+00 1.25630500e-16 0.00000000e+00 6.61912985e+00]
 [2.00000000e+00 1.25630500e-16 0.00000000e+00 1.32382598e+01]
 [2.00000000e+00 1.25630500e-16 0.00000000e+00 2.64765195e+01]
 [2.00000000e+00 1.25630500e-16 0.00000000e+00 0.00000000e+00]
 [2.00000000e+00 1.25630500e-16 0.00000000e+00 0.00000000e+00]
 [2.00000000e+00 1.25630500e-16 0.00000000e+00 0.00000000e+00]
 [2.00000000e+00 1.25630500e-16 0.00000000e+00 0.00000000e+00]
 [2.00000000e+00 1.25630500e-16 0.00000000e+00 0.00000000e+00]
 [2.00000000e+00 1.25630500e-16 0.00000000e+00 0.00000000e+00]
 [2.00000000e+00 1.25630500e-16 0.00000000e+00 0.00000000e+00]]
['S2'] [[ 5.00000000e+00 -1.16865582e-17  0.00000000e+00  1.52486804e-01]
 [ 5.00000000e+00 -1.16865582e-17  0.00000000e+00  3.04973571e-01]
 [ 5.00000000e+00 -1.16865582e-17  0.00000000e+00  6.09947133e-01]
 [ 5.00000000e+00 -1.16865582e-17  0.00000000e+00  1.21989429e+00]
 [ 5.00000000e+00 -1.16865582e-17  0.00000000e+00  2.43978861e+00]
 [ 5.00000000e+00 -1.16865582e-17  0.00000000e+00  4.87957720e+00]
 [ 5.00000000e+00 -1.16865582e-17  0.00000000e+00  9.75915441e+00]
 [ 5.00000000e+00 -1.16865582e-17  0.00000000e+00  1.95183088e+01]
 [ 5.00000000e+00 -1.16865582e-17  0.00000000e+00  3.90366176e+01]
 [ 5.00000000e+00 -1.16865582e-17  0.00000000e+00  0.00000000e+00]
 [ 5.00000000e+00 -1.16865582e-17  0.00000000e+00  0.00000000e+00]
 [ 5.00000000e+00 -1.16865582e-17  0.00000000e+00  0.00000000e+00]
 [ 5.00000000e+00 -1.16865582e-17  0.00000000e+00  0.00000000e+00]
 [ 5.00000000e+00 -1.16865582e-17  0.00000000e+00  0.00000000e+00]
 [ 5.00000000e+00 -1.16865582e-17  0.00000000e+00  0.00000000e+00]]
['S3'] [[ 5.00000000e+00 -1.16865582e-17  0.00000000e+00  1.52486804e-01]
 [ 5.00000000e+00 -1.16865582e-17  0.00000000e+00  3.04973571e-01]
 [ 5.00000000e+00 -1.16865582e-17  0.00000000e+00  6.09947133e-01]
 [ 5.00000000e+00 -1.16865582e-17  0.00000000e+00  1.21989424e+00]
 [ 5.00000000e+00 -1.16865582e-17  0.00000000e+00  2.43978851e+00]
 [ 5.00000000e+00 -1.16865582e-17  0.00000000e+00  4.87957701e+00]
 [ 5.00000000e+00 -1.16865582e-17  0.00000000e+00  9.75915404e+00]
 [ 5.00000000e+00 -1.16865582e-17  0.00000000e+00  1.95183081e+01]
 [ 5.00000000e+00 -1.16865582e-17  0.00000000e+00  3.90366162e+01]
 [ 5.00000000e+00 -1.16865582e-17  0.00000000e+00  0.00000000e+00]
 [ 5.00000000e+00 -1.16865582e-17  0.00000000e+00  0.00000000e+00]
 [ 5.00000000e+00 -1.16865582e-17  0.00000000e+00  0.00000000e+00]
 [ 5.00000000e+00 -1.16865582e-17  0.00000000e+00  0.00000000e+00]
 [ 5.00000000e+00 -1.16865582e-17  0.00000000e+00  0.00000000e+00]
 [ 5.00000000e+00 -1.16865582e-17  0.00000000e+00  0.00000000e+00]]
['S4'] [[2.00000000e+00 1.25630500e-16 0.00000000e+00 2.20616173e-01]
 [2.00000000e+00 1.25630500e-16 0.00000000e+00 4.41232262e-01]
 [2.00000000e+00 1.25630500e-16 0.00000000e+00 8.82464573e-01]
 [2.00000000e+00 1.25630500e-16 0.00000000e+00 1.76492918e+00]
 [2.00000000e+00 1.25630500e-16 0.00000000e+00 3.52985832e+00]
 [2.00000000e+00 1.25630500e-16 0.00000000e+00 7.05971669e+00]
 [2.00000000e+00 1.25630500e-16 0.00000000e+00 1.41194334e+01]
 [2.00000000e+00 1.25630500e-16 0.00000000e+00 2.82388667e+01]
 [2.00000000e+00 1.25630500e-16 0.00000000e+00 0.00000000e+00]
 [2.00000000e+00 1.25630500e-16 0.00000000e+00 0.00000000e+00]
 [2.00000000e+00 1.25630500e-16 0.00000000e+00 0.00000000e+00]
 [2.00000000e+00 1.25630500e-16 0.00000000e+00 0.00000000e+00]
 [2.00000000e+00 1.25630500e-16 0.00000000e+00 0.00000000e+00]
 [2.00000000e+00 1.25630500e-16 0.00000000e+00 0.00000000e+00]
 [2.00000000e+00 1.25630500e-16 0.00000000e+00 0.00000000e+00]]
['S5'] [[1.20000000e+01 6.57368896e-17 0.00000000e+00 1.79536012e-01]
 [1.20000000e+01 6.57368896e-17 0.00000000e+00 3.59072122e-01]
 [1.20000000e+01 6.57368896e-17 0.00000000e+00 7.18144227e-01]
 [1.20000000e+01 6.57368896e-17 0.00000000e+00 1.43628837e+00]
 [1.20000000e+01 6.57368896e-17 0.00000000e+00 2.87257673e+00]
 [1.20000000e+01 6.57368896e-17 0.00000000e+00 5.74515349e+00]
 [1.20000000e+01 6.57368896e-17 0.00000000e+00 1.14903070e+01]
 [1.20000000e+01 6.57368896e-17 0.00000000e+00 2.29806140e+01]
 [1.20000000e+01 6.57368896e-17 0.00000000e+00 4.59613291e+01]
 [1.20000000e+01 6.57368896e-17 0.00000000e+00 0.00000000e+00]
 [1.20000000e+01 6.57368896e-17 0.00000000e+00 0.00000000e+00]
 [1.20000000e+01 6.57368896e-17 0.00000000e+00 0.00000000e+00]
 [1.20000000e+01 6.57368896e-17 0.00000000e+00 0.00000000e+00]
 [1.20000000e+01 6.57368896e-17 0.00000000e+00 0.00000000e+00]
 [1.20000000e+01 6.57368896e-17 0.00000000e+00 0.00000000e+00]]
['S6'] [[0.00000000e+00 2.99468053e-16 0.00000000e+00 1.79536073e-01]
 [0.00000000e+00 2.99468053e-16 0.00000000e+00 3.59072122e-01]
 [0.00000000e+00 2.99468053e-16 0.00000000e+00 7.18144227e-01]
 [0.00000000e+00 2.99468053e-16 0.00000000e+00 1.43628848e+00]
 [0.00000000e+00 2.99468053e-16 0.00000000e+00 2.87257695e+00]
 [0.00000000e+00 2.99468053e-16 0.00000000e+00 5.74515384e+00]
 [0.00000000e+00 2.99468053e-16 0.00000000e+00 1.14903077e+01]
 [0.00000000e+00 2.99468053e-16 0.00000000e+00 2.29806155e+01]
 [0.00000000e+00 2.99468053e-16 0.00000000e+00 4.59613291e+01]
 [0.00000000e+00 2.99468053e-16 0.00000000e+00 0.00000000e+00]
 [0.00000000e+00 2.99468053e-16 0.00000000e+00 0.00000000e+00]
 [0.00000000e+00 2.99468053e-16 0.00000000e+00 0.00000000e+00]
 [0.00000000e+00 2.99468053e-16 0.00000000e+00 0.00000000e+00]
 [0.00000000e+00 2.99468053e-16 0.00000000e+00 0.00000000e+00]
 [0.00000000e+00 2.99468053e-16 0.00000000e+00 0.00000000e+00]]
['S7'] [[1.20000000e+01 6.57368896e-17 0.00000000e+00 1.79536012e-01]
 [1.20000000e+01 6.57368896e-17 0.00000000e+00 3.59072122e-01]
 [1.20000000e+01 6.57368896e-17 0.00000000e+00 7.18144227e-01]
 [1.20000000e+01 6.57368896e-17 0.00000000e+00 1.43628837e+00]
 [1.20000000e+01 6.57368896e-17 0.00000000e+00 2.87257673e+00]
 [1.20000000e+01 6.57368896e-17 0.00000000e+00 5.74515349e+00]
 [1.20000000e+01 6.57368896e-17 0.00000000e+00 1.14903070e+01]
 [1.20000000e+01 6.57368896e-17 0.00000000e+00 2.29806140e+01]
 [1.20000000e+01 6.57368896e-17 0.00000000e+00 4.59613291e+01]
 [1.20000000e+01 6.57368896e-17 0.00000000e+00 0.00000000e+00]
 [1.20000000e+01 6.57368896e-17 0.00000000e+00 0.00000000e+00]
 [1.20000000e+01 6.57368896e-17 0.00000000e+00 0.00000000e+00]
 [1.20000000e+01 6.57368896e-17 0.00000000e+00 0.00000000e+00]
 [1.20000000e+01 6.57368896e-17 0.00000000e+00 0.00000000e+00]
 [1.20000000e+01 6.57368896e-17 0.00000000e+00 0.00000000e+00]]
['S8'] [[2.00000000e+00 1.25630500e-16 0.00000000e+00 2.20616173e-01]
 [2.00000000e+00 1.25630500e-16 0.00000000e+00 4.41232262e-01]
 [2.00000000e+00 1.25630500e-16 0.00000000e+00 8.82464573e-01]
 [2.00000000e+00 1.25630500e-16 0.00000000e+00 1.76492918e+00]
 [2.00000000e+00 1.25630500e-16 0.00000000e+00 3.52985832e+00]
 [2.00000000e+00 1.25630500e-16 0.00000000e+00 7.05971669e+00]
 [2.00000000e+00 1.25630500e-16 0.00000000e+00 1.41194334e+01]
 [2.00000000e+00 1.25630500e-16 0.00000000e+00 2.82388667e+01]
 [2.00000000e+00 1.25630500e-16 0.00000000e+00 0.00000000e+00]
 [2.00000000e+00 1.25630500e-16 0.00000000e+00 0.00000000e+00]
 [2.00000000e+00 1.25630500e-16 0.00000000e+00 0.00000000e+00]
 [2.00000000e+00 1.25630500e-16 0.00000000e+00 0.00000000e+00]
 [2.00000000e+00 1.25630500e-16 0.00000000e+00 0.00000000e+00]
 [2.00000000e+00 1.25630500e-16 0.00000000e+00 0.00000000e+00]
 [2.00000000e+00 1.25630500e-16 0.00000000e+00 0.00000000e+00]]
['S9'] [[ 3.00000000e+00 -3.25762809e-16  0.00000000e+00  2.06847738e-01]
 [ 3.00000000e+00 -3.25762809e-16  0.00000000e+00  4.13695567e-01]
 [ 3.00000000e+00 -3.25762809e-16  0.00000000e+00  8.27391128e-01]
 [ 3.00000000e+00 -3.25762809e-16  0.00000000e+00  1.65478225e+00]
 [ 3.00000000e+00 -3.25762809e-16  0.00000000e+00  3.30956450e+00]
 [ 3.00000000e+00 -3.25762809e-16  0.00000000e+00  6.61912899e+00]
 [ 3.00000000e+00 -3.25762809e-16  0.00000000e+00  1.32382580e+01]
 [ 3.00000000e+00 -3.25762809e-16  0.00000000e+00  2.64765159e+01]
 [ 3.00000000e+00 -3.25762809e-16  0.00000000e+00  0.00000000e+00]
 [ 3.00000000e+00 -3.25762809e-16  0.00000000e+00  0.00000000e+00]
 [ 3.00000000e+00 -3.25762809e-16  0.00000000e+00  0.00000000e+00]
 [ 3.00000000e+00 -3.25762809e-16  0.00000000e+00  0.00000000e+00]
 [ 3.00000000e+00 -3.25762809e-16  0.00000000e+00  0.00000000e+00]
 [ 3.00000000e+00 -3.25762809e-16  0.00000000e+00  0.00000000e+00]
 [ 3.00000000e+00 -3.25762809e-16  0.00000000e+00  0.00000000e+00]]
