['S1'] [[ 1.00000000e+00 -2.76094936e-16  1.45760347e-01]
 [ 1.00000000e+00 -2.76094936e-16  0.00000000e+00]
 [ 1.00000000e+00 -2.76094936e-16  0.00000000e+00]
 [ 1.00000000e+00 -2.76094936e-16  0.00000000e+00]
 [ 1.00000000e+00 -2.76094936e-16  0.00000000e+00]
 [ 1.00000000e+00 -2.76094936e-16  0.00000000e+00]
 [ 1.00000000e+00 -2.76094936e-16  0.00000000e+00]
 [ 1.00000000e+00 -2.76094936e-16  0.00000000e+00]
 [ 1.00000000e+00 -2.76094936e-16  0.00000000e+00]
 [ 1.00000000e+00 -2.76094936e-16  0.00000000e+00]]
['S10'] [[ 1.00000000e+00 -2.76094936e-16  6.58846262e-02]
 [ 3.00000000e+00  3.61552893e-17  6.61718579e-02]
 [ 1.00000000e+00 -2.76094936e-16  2.88546093e-04]
 [ 3.00000000e+00  3.61552893e-17  1.31130219e-06]
 [ 1.00000000e+00 -2.76094936e-16  0.00000000e+00]
 [ 1.00000000e+00 -2.76094936e-16  0.00000000e+00]
 [ 1.00000000e+00 -2.76094936e-16  0.00000000e+00]
 [ 1.00000000e+00 -2.76094936e-16  0.00000000e+00]
 [ 1.00000000e+00 -2.76094936e-16  0.00000000e+00]
 [ 1.00000000e+00 -2.76094936e-16  0.00000000e+00]]
['S11'] [[3.00000000e+00 3.61552893e-17 5.26802358e-02]
 [3.00000000e+00 3.61552893e-17 0.00000000e+00]
 [3.00000000e+00 3.61552893e-17 0.00000000e+00]
 [3.00000000e+00 3.61552893e-17 0.00000000e+00]
 [3.00000000e+00 3.61552893e-17 0.00000000e+00]
 [3.00000000e+00 3.61552893e-17 0.00000000e+00]
 [3.00000000e+00 3.61552893e-17 0.00000000e+00]
 [3.00000000e+00 3.61552893e-17 0.00000000e+00]
 [3.00000000e+00 3.61552893e-17 0.00000000e+00]
 [3.00000000e+00 3.61552893e-17 0.00000000e+00]]
['S12'] [[ 1.00000000e+00 -2.76094936e-16  1.32346252e-01]
 [ 4.00000000e+00 -4.56506178e-17  1.24673022e-01]
 [ 1.00000000e+00 -2.76094936e-16  5.37078776e-03]
 [ 4.00000000e+00 -4.56506178e-17  2.32458119e-04]
 [ 1.00000000e+00 -2.76094936e-16  1.01327896e-05]
 [ 4.00000000e+00 -4.56506178e-17  4.76837158e-07]
 [ 1.00000000e+00 -2.76094936e-16  5.96046448e-08]
 [ 4.00000000e+00 -4.56506178e-17  0.00000000e+00]
 [ 4.00000000e+00 -4.56506178e-17  0.00000000e+00]
 [ 4.00000000e+00 -4.56506178e-17  0.00000000e+00]]
['S13'] [[ 4.00000000e+00 -4.56506178e-17  6.58846262e-02]
 [ 4.00000000e+00 -4.56506178e-17  1.19209290e-07]
 [ 4.00000000e+00 -4.56506178e-17 -1.19209290e-07]
 [ 4.00000000e+00 -4.56506178e-17  1.19209290e-07]
 [ 4.00000000e+00 -4.56506178e-17 -1.19209290e-07]
 [ 4.00000000e+00 -4.56506178e-17  1.19209290e-07]
 [ 4.00000000e+00 -4.56506178e-17 -1.19209290e-07]
 [ 4.00000000e+00 -4.56506178e-17  1.19209290e-07]
 [ 4.00000000e+00 -4.56506178e-17 -1.19209290e-07]
 [ 4.00000000e+00 -4.56506178e-17  1.19209290e-07]]
['S14'] [[ 4.00000000e+00 -4.56506178e-17  1.18979344e-01]
 [ 1.00000000e+00 -2.76094936e-16  3.16060642e-03]
 [ 4.00000000e+00 -4.56506178e-17  8.42809679e-05]
 [ 1.00000000e+00 -2.76094936e-16  2.26497650e-06]
 [ 1.00000000e+00 -2.76094936e-16  1.19209290e-07]
 [ 4.00000000e+00 -4.56506178e-17  5.96046448e-08]
 [ 4.00000000e+00 -4.56506178e-17  0.00000000e+00]
 [ 4.00000000e+00 -4.56506178e-17  0.00000000e+00]
 [ 4.00000000e+00 -4.56506178e-17  0.00000000e+00]
 [ 4.00000000e+00 -4.56506178e-17  0.00000000e+00]]
['S15'] [[ 1.00000000e+00 -2.76094936e-16  1.05654502e-01]
 [ 1.00000000e+00 -2.76094936e-16  5.96046448e-08]
 [ 1.00000000e+00 -2.76094936e-16  0.00000000e+00]
 [ 1.00000000e+00 -2.76094936e-16  0.00000000e+00]
 [ 1.00000000e+00 -2.76094936e-16  0.00000000e+00]
 [ 1.00000000e+00 -2.76094936e-16  0.00000000e+00]
 [ 1.00000000e+00 -2.76094936e-16  0.00000000e+00]
 [ 1.00000000e+00 -2.76094936e-16  0.00000000e+00]
 [ 1.00000000e+00 -2.76094936e-16  0.00000000e+00]
 [ 1.00000000e+00 -2.76094936e-16  0.00000000e+00]]
['S16'] [[ 4.00000000e+00 -4.56506178e-17  1.31586636e-02]
 [ 1.00000000e+00 -2.76094936e-16  3.46303000e-04]
 [ 4.00000000e+00 -4.56506178e-17  9.11951065e-06]
 [ 1.00000000e+00 -2.76094936e-16  2.38418579e-07]
 [ 1.00000000e+00 -2.76094936e-16  0.00000000e+00]
 [ 1.00000000e+00 -2.76094936e-16  0.00000000e+00]
 [ 1.00000000e+00 -2.76094936e-16  0.00000000e+00]
 [ 1.00000000e+00 -2.76094936e-16  0.00000000e+00]
 [ 1.00000000e+00 -2.76094936e-16  0.00000000e+00]
 [ 1.00000000e+00 -2.76094936e-16  0.00000000e+00]]
['S17'] [[ 4.00000000e+00 -4.56506178e-17  1.32346252e-01]
 [ 3.00000000e+00  3.61552893e-17  7.76752572e-02]
 [ 4.00000000e+00 -4.56506178e-17  6.95251700e-03]
 [ 1.00000000e+00 -2.76094936e-16  4.45571510e-03]
 [ 3.00000000e+00  3.61552893e-17  6.66499237e-04]
 [ 4.00000000e+00 -4.56506178e-17  2.03490260e-04]
 [ 3.00000000e+00  3.61552893e-17  1.82390213e-05]
 [ 1.00000000e+00 -2.76094936e-16  1.31726265e-05]
 [ 4.00000000e+00 -4.56506178e-17  2.08616257e-06]
 [ 3.00000000e+00  3.61552893e-17  2.98023224e-07]]
['S18'] [[ 1.00000000e+00 -2.76094936e-16  1.59226859e-01]
 [ 4.00000000e+00 -4.56506178e-17  1.26378802e-01]
 [ 1.00000000e+00 -2.76094936e-16  5.89663664e-03]
 [ 4.00000000e+00 -4.56506178e-17  2.76625163e-04]
 [ 1.00000000e+00 -2.76094936e-16  1.29938126e-05]
 [ 4.00000000e+00 -4.56506178e-17  5.36441803e-07]
 [ 1.00000000e+00 -2.76094936e-16  0.00000000e+00]
 [ 1.00000000e+00 -2.76094936e-16  0.00000000e+00]
 [ 1.00000000e+00 -2.76094936e-16  0.00000000e+00]
 [ 1.00000000e+00 -2.76094936e-16  0.00000000e+00]]
['S19'] [[ 1.00000000e+00 -2.76094936e-16  1.59226859e-01]
 [ 1.00000000e+00 -2.76094936e-16  0.00000000e+00]
 [ 1.00000000e+00 -2.76094936e-16  0.00000000e+00]
 [ 1.00000000e+00 -2.76094936e-16  0.00000000e+00]
 [ 1.00000000e+00 -2.76094936e-16  0.00000000e+00]
 [ 1.00000000e+00 -2.76094936e-16  0.00000000e+00]
 [ 1.00000000e+00 -2.76094936e-16  0.00000000e+00]
 [ 1.00000000e+00 -2.76094936e-16  0.00000000e+00]
 [ 1.00000000e+00 -2.76094936e-16  0.00000000e+00]
 [ 1.00000000e+00 -2.76094936e-16  0.00000000e+00]]
['S2'] [[ 1.00000000e+00 -2.76094936e-16  7.91119395e-02]
 [ 3.00000000e+00  3.61552893e-17  2.64869863e-02]
 [ 1.00000000e+00 -2.76094936e-16  5.54919243e-05]
 [ 3.00000000e+00  3.61552893e-17  1.78813934e-07]
 [ 1.00000000e+00 -2.76094936e-16  0.00000000e+00]
 [ 1.00000000e+00 -2.76094936e-16  0.00000000e+00]
 [ 1.00000000e+00 -2.76094936e-16  0.00000000e+00]
 [ 1.00000000e+00 -2.76094936e-16  0.00000000e+00]
 [ 1.00000000e+00 -2.76094936e-16  0.00000000e+00]
 [ 1.00000000e+00 -2.76094936e-16  0.00000000e+00]]
['S3'] [[ 1.00000000e+00 -2.76094936e-16  2.63217663e-02]
 [ 1.00000000e+00 -2.76094936e-16  1.78813934e-07]
 [ 1.00000000e+00 -2.76094936e-16  0.00000000e+00]
 [ 1.00000000e+00 -2.76094936e-16  0.00000000e+00]
 [ 1.00000000e+00 -2.76094936e-16  0.00000000e+00]
 [ 1.00000000e+00 -2.76094936e-16  0.00000000e+00]
 [ 1.00000000e+00 -2.76094936e-16  0.00000000e+00]
 [ 1.00000000e+00 -2.76094936e-16  0.00000000e+00]
 [ 1.00000000e+00 -2.76094936e-16  0.00000000e+00]
 [ 1.00000000e+00 -2.76094936e-16  0.00000000e+00]]
['S4'] [[ 1.00000000e+00 -2.76094936e-16  1.45760347e-01]
 [ 4.00000000e+00 -4.56506178e-17  1.73315472e-02]
 [ 1.00000000e+00 -2.76094936e-16  4.99725383e-04]
 [ 4.00000000e+00 -4.56506178e-17  1.44243240e-05]
 [ 1.00000000e+00 -2.76094936e-16  4.17232513e-07]
 [ 1.00000000e+00 -2.76094936e-16  0.00000000e+00]
 [ 1.00000000e+00 -2.76094936e-16  0.00000000e+00]
 [ 1.00000000e+00 -2.76094936e-16  0.00000000e+00]
 [ 1.00000000e+00 -2.76094936e-16  0.00000000e+00]
 [ 1.00000000e+00 -2.76094936e-16  0.00000000e+00]]
['S5'] [[ 1.00000000e+00 -2.76094936e-16  6.58846262e-02]
 [ 4.00000000e+00 -4.56506178e-17  4.14077506e-02]
 [ 3.00000000e+00  3.61552893e-17  1.68506953e-02]
 [ 4.00000000e+00 -4.56506178e-17  1.47998441e-03]
 [ 1.00000000e+00 -2.76094936e-16  1.35171496e-03]
 [ 3.00000000e+00  3.61552893e-17  1.38401986e-04]
 [ 4.00000000e+00 -4.56506178e-17  5.43594361e-05]
 [ 3.00000000e+00  3.61552893e-17  4.76837158e-06]
 [ 1.00000000e+00 -2.76094936e-16  2.56299973e-06]
 [ 4.00000000e+00 -4.56506178e-17  4.76837158e-07]]
['S6'] [[ 4.00000000e+00 -4.56506178e-17  3.94941145e-02]
 [ 4.00000000e+00 -4.56506178e-17  5.96046448e-08]
 [ 4.00000000e+00 -4.56506178e-17  0.00000000e+00]
 [ 4.00000000e+00 -4.56506178e-17  0.00000000e+00]
 [ 4.00000000e+00 -4.56506178e-17  0.00000000e+00]
 [ 4.00000000e+00 -4.56506178e-17  0.00000000e+00]
 [ 4.00000000e+00 -4.56506178e-17  0.00000000e+00]
 [ 4.00000000e+00 -4.56506178e-17  0.00000000e+00]
 [ 4.00000000e+00 -4.56506178e-17  0.00000000e+00]
 [ 4.00000000e+00 -4.56506178e-17  0.00000000e+00]]
['S7'] [[ 4.00000000e+00 -4.56506178e-17  3.94941145e-02]
 [ 4.00000000e+00 -4.56506178e-17  5.96046448e-08]
 [ 4.00000000e+00 -4.56506178e-17  5.96046448e-08]
 [ 4.00000000e+00 -4.56506178e-17 -1.19209290e-07]
 [ 4.00000000e+00 -4.56506178e-17  5.96046448e-08]
 [ 4.00000000e+00 -4.56506178e-17  5.96046448e-08]
 [ 4.00000000e+00 -4.56506178e-17 -1.19209290e-07]
 [ 4.00000000e+00 -4.56506178e-17  5.96046448e-08]
 [ 4.00000000e+00 -4.56506178e-17  5.96046448e-08]
 [ 4.00000000e+00 -4.56506178e-17 -1.19209290e-07]]
['S8'] [[ 4.00000000e+00 -4.56506178e-17  6.58845663e-02]
 [ 1.00000000e+00 -2.76094936e-16  1.73884805e-03]
 [ 4.00000000e+00 -4.56506178e-17  4.60743904e-05]
 [ 1.00000000e+00 -2.76094936e-16  1.19209290e-06]
 [ 1.00000000e+00 -2.76094936e-16  0.00000000e+00]
 [ 1.00000000e+00 -2.76094936e-16  0.00000000e+00]
 [ 1.00000000e+00 -2.76094936e-16  0.00000000e+00]
 [ 1.00000000e+00 -2.76094936e-16  0.00000000e+00]
 [ 1.00000000e+00 -2.76094936e-16  0.00000000e+00]
 [ 1.00000000e+00 -2.76094936e-16  0.00000000e+00]]
['S9'] [[ 3.00000000e+00  3.61552893e-17  2.63217663e-02]
 [ 4.00000000e+00 -4.56506178e-17  2.84207070e-02]
 [ 3.00000000e+00  3.61552893e-17  2.26629168e-03]
 [ 4.00000000e+00 -4.56506178e-17  1.80721285e-04]
 [ 3.00000000e+00  3.61552893e-17  1.44243240e-05]
 [ 4.00000000e+00 -4.56506178e-17  1.13248825e-06]
 [ 3.00000000e+00  3.61552893e-17  1.19209290e-07]
 [ 3.00000000e+00  3.61552893e-17  0.00000000e+00]
 [ 3.00000000e+00  3.61552893e-17  0.00000000e+00]
 [ 3.00000000e+00  3.61552893e-17  0.00000000e+00]]
