['S1'] [[ 2.00000000e+00 -1.54116486e-16  1.52486682e-01]
 [ 5.00000000e+00  9.78749245e-17  6.92578118e-02]
 [ 9.00000000e+00 -1.41060409e-16  6.22309262e-02]
 [ 6.00000000e+00  3.59726868e-17  3.42887250e-02]
 [ 3.00000000e+00  2.98372438e-16  3.34610595e-02]
 [ 7.00000000e+00 -2.20766388e-16  1.77057408e-02]
 [ 2.00000000e+00 -1.54116486e-16  1.03907152e-02]
 [ 5.00000000e+00  9.78749245e-17  2.99663249e-03]
 [ 9.00000000e+00 -1.41060409e-16  1.89447630e-03]
 [ 3.00000000e+00  2.98372438e-16  1.30069329e-03]]
['S10'] [[ 5.00000000e+00  9.78749245e-17  2.27531005e-01]
 [ 2.00000000e+00 -1.54116486e-16  1.84590674e-01]
 [ 8.00000000e+00 -4.01725437e-18  5.62221764e-02]
 [ 9.00000000e+00 -1.41060409e-16  4.28603885e-02]
 [ 5.00000000e+00  9.78749245e-17  2.70638958e-02]
 [ 4.00000000e+00  7.36800971e-17  2.42971300e-02]
 [ 8.00000000e+00 -4.01725437e-18  4.93482781e-03]
 [ 5.00000000e+00  9.78749245e-17  2.13468399e-03]
 [ 9.00000000e+00 -1.41060409e-16  1.33699258e-03]
 [ 2.00000000e+00 -1.54116486e-16  4.26054027e-04]]
['S11'] [[ 2.00000000e+00 -1.54116486e-16  1.39047024e-01]
 [ 8.00000000e+00 -4.01725437e-18  9.55551615e-02]
 [ 7.00000000e+00 -2.20766388e-16  8.23548572e-02]
 [ 5.00000000e+00  9.78749245e-17  6.66408629e-02]
 [ 3.00000000e+00  2.98372438e-16  6.65966791e-02]
 [ 4.00000000e+00  7.36800971e-17  3.11159142e-02]
 [ 7.00000000e+00 -2.20766388e-16  6.79169607e-03]
 [ 8.00000000e+00 -4.01725437e-18  5.42860595e-03]
 [ 3.00000000e+00  2.98372438e-16  5.04194002e-03]
 [ 5.00000000e+00  9.78749245e-17  2.75743707e-03]]
['S12'] [[ 7.00000000e+00 -2.20766388e-16  5.92798201e-02]
 [ 9.00000000e+00 -1.41060409e-16  1.97654472e-02]
 [ 5.00000000e+00  9.78749245e-17  1.73233193e-02]
 [ 2.00000000e+00 -1.54116486e-16  8.46722095e-03]
 [ 6.00000000e+00  3.59726868e-17  6.17112602e-03]
 [ 4.00000000e+00  7.36800971e-17  5.35445562e-03]
 [ 9.00000000e+00 -1.41060409e-16  1.10447452e-03]
 [ 5.00000000e+00  9.78749245e-17  9.26137235e-04]
 [ 4.00000000e+00  7.36800971e-17  8.14199449e-05]
 [ 9.00000000e+00 -1.41060409e-16  6.31809235e-05]]
['S13'] [[ 8.00000000e+00 -4.01725437e-18  6.58845663e-02]
 [ 5.00000000e+00  9.78749245e-17  8.86833074e-03]
 [ 5.00000000e+00  9.78749245e-17  0.00000000e+00]
 [ 5.00000000e+00  9.78749245e-17  0.00000000e+00]
 [ 5.00000000e+00  9.78749245e-17  0.00000000e+00]
 [ 5.00000000e+00  9.78749245e-17  0.00000000e+00]
 [ 5.00000000e+00  9.78749245e-17  0.00000000e+00]
 [ 5.00000000e+00  9.78749245e-17  0.00000000e+00]
 [ 5.00000000e+00  9.78749245e-17  0.00000000e+00]
 [ 5.00000000e+00  9.78749245e-17  0.00000000e+00]]
['S14'] [[ 8.00000000e+00 -4.01725437e-18  1.86337594e-01]
 [ 5.00000000e+00  9.78749245e-17  8.29857131e-02]
 [ 9.00000000e+00 -1.41060409e-16  3.03218275e-02]
 [ 5.00000000e+00  9.78749245e-17  1.91390748e-03]
 [ 9.00000000e+00 -1.41060409e-16  1.20878220e-04]
 [ 5.00000000e+00  9.78749245e-17  7.68899918e-06]
 [ 9.00000000e+00 -1.41060409e-16  4.76837158e-07]
 [ 5.00000000e+00  9.78749245e-17  0.00000000e+00]
 [ 5.00000000e+00  9.78749245e-17  0.00000000e+00]
 [ 5.00000000e+00  9.78749245e-17  0.00000000e+00]]
['S15'] [[ 8.00000000e+00 -4.01725437e-18  1.45760347e-01]
 [ 2.00000000e+00 -1.54116486e-16  1.29184169e-01]
 [ 5.00000000e+00  9.78749245e-17  1.42536175e-01]
 [ 6.00000000e+00  3.59726868e-17  4.30060920e-02]
 [ 2.00000000e+00 -1.54116486e-16  2.18203718e-02]
 [ 3.00000000e+00  2.98372438e-16  8.67704472e-03]
 [ 4.00000000e+00  7.36800971e-17  7.51879078e-03]
 [ 6.00000000e+00  3.59726868e-17  1.65850076e-03]
 [ 5.00000000e+00  9.78749245e-17  1.38080208e-03]
 [ 3.00000000e+00  2.98372438e-16  1.20639860e-03]]
['S16'] [[ 8.00000000e+00 -4.01725437e-18  1.05654502e-01]
 [ 9.00000000e+00 -1.41060409e-16  5.39739911e-02]
 [ 2.00000000e+00 -1.54116486e-16  2.62243051e-02]
 [ 5.00000000e+00  9.78749245e-17  2.55023081e-02]
 [ 8.00000000e+00 -4.01725437e-18  3.60639467e-03]
 [ 9.00000000e+00 -1.41060409e-16  3.01183181e-03]
 [ 2.00000000e+00 -1.54116486e-16  2.36416304e-03]
 [ 8.00000000e+00 -4.01725437e-18  2.23040584e-04]
 [ 5.00000000e+00  9.78749245e-17  1.60217287e-04]
 [ 9.00000000e+00 -1.41060409e-16  1.27673150e-04]]
['S17'] [[4.00000000e+00 7.36800971e-17 1.97393302e-02]
 [5.00000000e+00 9.78749245e-17 1.53725334e-02]
 [4.00000000e+00 7.36800971e-17 1.72424487e-03]
 [5.00000000e+00 9.78749245e-17 1.93417075e-04]
 [4.00000000e+00 7.36800971e-17 2.16960907e-05]
 [5.00000000e+00 9.78749245e-17 2.38418579e-06]
 [4.00000000e+00 7.36800971e-17 2.98023224e-07]
 [4.00000000e+00 7.36800971e-17 5.96046448e-08]
 [5.00000000e+00 9.78749245e-17 5.96046448e-08]
 [4.00000000e+00 7.36800971e-17 0.00000000e+00]]
['S18'] [[ 5.00000000e+00  9.78749245e-17  1.32346252e-01]
 [ 2.00000000e+00 -1.54116486e-16  1.41349762e-01]
 [ 7.00000000e+00 -2.20766388e-16  6.84683116e-02]
 [ 8.00000000e+00 -4.01725437e-18  5.42354658e-02]
 [ 6.00000000e+00  3.59726868e-17  2.80033809e-02]
 [ 5.00000000e+00  9.78749245e-17  1.69862751e-02]
 [ 7.00000000e+00 -2.20766388e-16  5.39182881e-03]
 [ 2.00000000e+00 -1.54116486e-16  1.29407717e-03]
 [ 5.00000000e+00  9.78749245e-17  5.86330958e-04]
 [ 7.00000000e+00 -2.20766388e-16  8.20159914e-05]]
['S19'] [[ 2.00000000e+00 -1.54116486e-16  1.52486804e-01]
 [ 5.00000000e+00  9.78749245e-17  6.92578717e-02]
 [ 8.00000000e+00 -4.01725437e-18  3.70743768e-02]
 [ 3.00000000e+00  2.98372438e-16  2.16937712e-02]
 [ 2.00000000e+00 -1.54116486e-16  4.59364307e-03]
 [ 2.00000000e+00 -1.54116486e-16  0.00000000e+00]
 [ 2.00000000e+00 -1.54116486e-16  0.00000000e+00]
 [ 2.00000000e+00 -1.54116486e-16  0.00000000e+00]
 [ 2.00000000e+00 -1.54116486e-16  0.00000000e+00]
 [ 2.00000000e+00 -1.54116486e-16  0.00000000e+00]]
['S2'] [[ 5.00000000e+00  9.78749245e-17  1.72750764e-01]
 [ 2.00000000e+00 -1.54116486e-16  7.85452282e-02]
 [ 7.00000000e+00 -2.20766388e-16  4.23141356e-02]
 [ 9.00000000e+00 -1.41060409e-16  3.77415106e-02]
 [ 8.00000000e+00 -4.01725437e-18  3.13079089e-02]
 [ 4.00000000e+00  7.36800971e-17  1.82334122e-02]
 [ 5.00000000e+00  9.78749245e-17  1.40695914e-02]
 [ 9.00000000e+00 -1.41060409e-16  4.29471987e-03]
 [ 4.00000000e+00  7.36800971e-17  1.18720587e-03]
 [ 5.00000000e+00  9.78749245e-17  4.21106840e-04]]
['S3'] [[ 7.00000000e+00 -2.20766388e-16  7.24951174e-02]
 [ 8.00000000e+00 -4.01725437e-18  7.15222897e-02]
 [ 5.00000000e+00  9.78749245e-17  6.53604772e-02]
 [ 6.00000000e+00  3.59726868e-17  3.90198254e-02]
 [ 4.00000000e+00  7.36800971e-17  1.15681682e-02]
 [ 2.00000000e+00 -1.54116486e-16  8.22991832e-03]
 [ 7.00000000e+00 -2.20766388e-16  6.17023192e-03]
 [ 9.00000000e+00 -1.41060409e-16  3.21293983e-03]
 [ 2.00000000e+00 -1.54116486e-16  1.57535077e-04]
 [ 9.00000000e+00 -1.41060409e-16  6.25848770e-06]]
['S4'] [[ 5.00000000e+00  9.78749245e-17  1.59226798e-01]
 [ 2.00000000e+00 -1.54116486e-16  6.32946376e-02]
 [ 8.00000000e+00 -4.01725437e-18  5.30843508e-02]
 [ 3.00000000e+00  2.98372438e-16  4.90715021e-02]
 [ 5.00000000e+00  9.78749245e-17  4.31331687e-03]
 [ 5.00000000e+00  9.78749245e-17  0.00000000e+00]
 [ 5.00000000e+00  9.78749245e-17  0.00000000e+00]
 [ 5.00000000e+00  9.78749245e-17  0.00000000e+00]
 [ 5.00000000e+00  9.78749245e-17  0.00000000e+00]
 [ 5.00000000e+00  9.78749245e-17  0.00000000e+00]]
['S5'] [[ 8.00000000e+00 -4.01725437e-18  1.45760408e-01]
 [ 7.00000000e+00 -2.20766388e-16  7.12964923e-02]
 [ 5.00000000e+00  9.78749245e-17  7.51257444e-02]
 [ 9.00000000e+00 -1.41060409e-16  5.80769191e-02]
 [ 3.00000000e+00  2.98372438e-16  5.98502889e-02]
 [ 9.00000000e+00 -1.41060409e-16  9.31939640e-03]
 [ 8.00000000e+00 -4.01725437e-18  9.69797973e-03]
 [ 2.00000000e+00 -1.54116486e-16  4.80584030e-03]
 [ 5.00000000e+00  9.78749245e-17  3.52825198e-03]
 [ 7.00000000e+00 -2.20766388e-16  3.39646453e-03]]
['S6'] [[ 5.00000000e+00  9.78749245e-17  7.91119395e-02]
 [ 9.00000000e+00 -1.41060409e-16  5.82538866e-02]
 [ 8.00000000e+00 -4.01725437e-18  2.89430944e-02]
 [ 7.00000000e+00 -2.20766388e-16  1.94441739e-02]
 [ 5.00000000e+00  9.78749245e-17  3.23606667e-03]
 [ 9.00000000e+00 -1.41060409e-16  1.95461761e-03]
 [ 8.00000000e+00 -4.01725437e-18  1.48570647e-03]
 [ 9.00000000e+00 -1.41060409e-16  1.95205214e-04]
 [ 5.00000000e+00  9.78749245e-17  5.70416451e-05]
 [ 7.00000000e+00 -2.20766388e-16  4.99486924e-05]]
['S7'] [[ 5.00000000e+00  9.78749245e-17  2.27531005e-01]
 [ 9.00000000e+00 -1.41060409e-16  4.32199333e-02]
 [ 8.00000000e+00 -4.01725437e-18  3.13099374e-02]
 [ 9.00000000e+00 -1.41060409e-16  3.79945676e-03]
 [ 5.00000000e+00  9.78749245e-17  1.59645216e-03]
 [ 3.00000000e+00  2.98372438e-16  5.54621277e-04]
 [ 8.00000000e+00 -4.01725437e-18  3.36766256e-04]
 [ 9.00000000e+00 -1.41060409e-16  2.54571443e-04]
 [ 8.00000000e+00 -4.01725437e-18  3.08156014e-05]
 [ 3.00000000e+00  2.98372438e-16  2.75373459e-05]]
['S8'] [[ 5.00000000e+00  9.78749245e-17  2.13721978e-01]
 [ 8.00000000e+00 -4.01725437e-18  1.23817316e-01]
 [ 4.00000000e+00  7.36800971e-17  6.34521479e-02]
 [ 7.00000000e+00 -2.20766388e-16  1.16751730e-02]
 [ 5.00000000e+00  9.78749245e-17  3.49320402e-03]
 [ 8.00000000e+00 -4.01725437e-18  3.11280302e-03]
 [ 7.00000000e+00 -2.20766388e-16  4.80473079e-04]
 [ 6.00000000e+00  3.59726868e-17  1.08838082e-04]
 [ 8.00000000e+00 -4.01725437e-18  3.85642052e-05]
 [ 4.00000000e+00  7.36800971e-17  1.16229057e-05]]
['S9'] [[ 5.00000000e+00  9.78749245e-17  2.27531005e-01]
 [ 3.00000000e+00  2.98372438e-16  7.70611849e-02]
 [ 8.00000000e+00 -4.01725437e-18  6.56150645e-02]
 [ 8.00000000e+00 -4.01725437e-18 -1.19209290e-07]
 [ 8.00000000e+00 -4.01725437e-18  1.19209290e-07]
 [ 8.00000000e+00 -4.01725437e-18 -1.19209290e-07]
 [ 8.00000000e+00 -4.01725437e-18  1.19209290e-07]
 [ 8.00000000e+00 -4.01725437e-18 -1.19209290e-07]
 [ 8.00000000e+00 -4.01725437e-18  1.19209290e-07]
 [ 8.00000000e+00 -4.01725437e-18 -1.19209290e-07]]
