['S1'] [[0.00000000e+00 4.85976985e-01 3.05187451e-01]
 [1.43000000e+02 4.19884112e-01 2.36987822e-01]
 [1.67000000e+02 4.37131307e-01 1.28948241e-01]
 [1.60000000e+02 4.21440542e-01 1.20457181e-01]
 [1.04000000e+02 4.09743929e-01 1.10616836e-01]
 [2.28000000e+02 3.14855605e-01 9.36730856e-02]
 [2.40000000e+01 3.05089254e-01 1.11320299e-01]
 [1.13000000e+02 1.68005237e-01 8.53394059e-02]
 [2.11000000e+02 2.54212231e-01 8.97403180e-02]
 [4.70000000e+01 5.51148511e-01 7.15158793e-02]]
['S10'] [[0.00000000e+00 4.85976985e-01 3.05187451e-01]
 [4.70000000e+01 5.51148511e-01 2.42109867e-01]
 [1.35000000e+02 4.81769329e-01 1.51089435e-01]
 [3.07000000e+02 3.14562486e-01 1.12147602e-01]
 [1.27000000e+02 3.96139125e-01 9.97164248e-02]
 [2.40000000e+01 3.05089254e-01 8.80517358e-02]
 [1.60000000e+02 4.21440542e-01 6.41517665e-02]
 [3.50000000e+01 2.91699188e-01 7.62981874e-02]
 [2.98000000e+02 2.39029368e-01 7.44945884e-02]
 [2.63000000e+02 2.07596727e-01 5.50089936e-02]]
['S11'] [[4.70000000e+01 5.51148511e-01 2.90825831e-01]
 [3.90000000e+01 5.22207007e-01 1.65744952e-01]
 [3.10000000e+01 3.19775324e-01 1.32419645e-01]
 [1.02000000e+02 1.72983902e-01 1.28267809e-01]
 [9.60000000e+01 4.78298053e-01 1.09224713e-01]
 [1.27000000e+02 3.96139125e-01 1.00754729e-01]
 [1.30000000e+02 1.42146054e-01 9.63321236e-02]
 [1.11000000e+02 1.95315635e-01 8.07105688e-02]
 [2.98000000e+02 2.39029368e-01 8.25302084e-02]
 [1.60000000e+02 4.21440542e-01 7.13344742e-02]]
['S12'] [[4.70000000e+01 5.51148511e-01 2.76579977e-01]
 [3.90000000e+01 5.22207007e-01 1.82796188e-01]
 [1.67000000e+02 4.37131307e-01 1.33660322e-01]
 [1.60000000e+02 4.21440542e-01 1.20909428e-01]
 [1.18000000e+02 1.71767882e-01 1.19680227e-01]
 [2.68000000e+02 3.16933727e-01 1.02601106e-01]
 [2.19000000e+02 2.64016405e-01 8.49516817e-02]
 [3.06000000e+02 3.04352478e-01 7.22337580e-02]
 [2.28000000e+02 3.14855605e-01 6.50860257e-02]
 [1.61000000e+02 2.57012781e-01 6.67577295e-02]]
['S13'] [[4.70000000e+01 5.51148511e-01 2.34467295e-01]
 [1.13000000e+02 1.68005237e-01 1.85328089e-01]
 [9.50000000e+01 5.67128728e-01 1.59572010e-01]
 [3.90000000e+01 5.22207007e-01 1.12863137e-01]
 [1.30000000e+02 1.42146054e-01 1.10701912e-01]
 [1.60000000e+02 4.21440542e-01 8.05892026e-02]
 [3.06000000e+02 3.04352478e-01 9.81109842e-02]
 [1.87000000e+02 2.21883740e-01 6.64318006e-02]
 [2.98000000e+02 2.39029368e-01 7.11477420e-02]
 [5.60000000e+01 5.33174847e-01 6.50751915e-02]]
['S14'] [[4.70000000e+01 5.51148511e-01 3.34287918e-01]
 [1.43000000e+02 4.19884112e-01 2.06831568e-01]
 [2.79000000e+02 4.22939618e-01 1.56291654e-01]
 [1.47000000e+02 3.39811188e-01 1.19515954e-01]
 [0.00000000e+00 4.85976985e-01 1.14238694e-01]
 [9.60000000e+01 4.78298053e-01 1.19847772e-01]
 [1.67000000e+02 4.37131307e-01 8.34385513e-02]
 [2.98000000e+02 2.39029368e-01 8.39615334e-02]
 [2.63000000e+02 2.07596727e-01 7.26662466e-02]
 [2.80000000e+02 2.75021355e-01 7.40084048e-02]]
['S15'] [[0.00000000e+00 4.85976985e-01 2.48407470e-01]
 [3.06000000e+02 3.04352478e-01 1.70437465e-01]
 [4.70000000e+01 5.51148511e-01 1.76992511e-01]
 [1.95000000e+02 3.23920283e-01 1.27512316e-01]
 [1.87000000e+02 2.21883740e-01 8.90929893e-02]
 [1.67000000e+02 4.37131307e-01 8.72335486e-02]
 [2.28000000e+02 3.14855605e-01 6.81350619e-02]
 [3.50000000e+01 2.91699188e-01 8.09782068e-02]
 [2.40000000e+01 3.05089254e-01 6.55619674e-02]
 [1.47000000e+02 3.39811188e-01 7.62399740e-02]]
['S16'] [[4.70000000e+01 5.51148511e-01 2.20616173e-01]
 [1.43000000e+02 4.19884112e-01 1.73138108e-01]
 [2.28000000e+02 3.14855605e-01 1.14050053e-01]
 [1.79000000e+02 3.77762206e-01 1.07205206e-01]
 [1.83000000e+02 4.84941110e-01 8.26179459e-02]
 [1.47000000e+02 3.39811188e-01 7.80770951e-02]
 [1.51000000e+02 2.32634906e-01 7.16824911e-02]
 [1.15000000e+02 1.34048020e-01 7.10514723e-02]
 [1.60000000e+02 4.21440542e-01 6.97632497e-02]
 [3.50000000e+01 2.91699188e-01 6.29749587e-02]]
['S17'] [[3.90000000e+01 5.22207007e-01 2.27531005e-01]
 [1.35000000e+02 4.81769329e-01 1.92520582e-01]
 [5.60000000e+01 5.33174847e-01 1.16454090e-01]
 [7.20000000e+01 3.09497502e-01 1.07906699e-01]
 [2.68000000e+02 3.16933727e-01 1.04230838e-01]
 [1.79000000e+02 3.77762206e-01 1.03701350e-01]
 [8.70000000e+01 4.89712004e-01 7.00744719e-02]
 [2.28000000e+02 3.14855605e-01 6.08837759e-02]
 [1.43000000e+02 4.19884112e-01 5.36683489e-02]
 [1.60000000e+02 4.21440542e-01 4.21112379e-02]]
['S18'] [[4.70000000e+01 5.51148511e-01 1.79536012e-01]
 [2.68000000e+02 3.16933727e-01 1.55200716e-01]
 [2.28000000e+02 3.14855605e-01 1.39387503e-01]
 [1.43000000e+02 4.19884112e-01 1.47950229e-01]
 [2.79000000e+02 4.22939618e-01 1.11748778e-01]
 [3.06000000e+02 3.04352478e-01 9.33316229e-02]
 [0.00000000e+00 4.85976985e-01 8.49451979e-02]
 [3.07000000e+02 3.14562486e-01 6.84974155e-02]
 [2.28000000e+02 3.14855605e-01 8.04546407e-02]
 [1.87000000e+02 2.21883740e-01 6.13240462e-02]]
['S19'] [[3.90000000e+01 5.22207007e-01 2.69498196e-01]
 [1.43000000e+02 4.19884112e-01 1.91287570e-01]
 [0.00000000e+00 4.85976985e-01 1.34374848e-01]
 [1.18000000e+02 1.71767882e-01 1.39994953e-01]
 [2.28000000e+02 3.14855605e-01 1.35521652e-01]
 [1.87000000e+02 2.21883740e-01 1.00120499e-01]
 [4.70000000e+01 5.51148511e-01 9.69513219e-02]
 [2.63000000e+02 2.07596727e-01 7.66688230e-02]
 [1.56000000e+02 2.03039312e-01 8.23688995e-02]
 [2.98000000e+02 2.39029368e-01 7.04928704e-02]]
['S2'] [[4.70000000e+01 5.51148511e-01 2.34467295e-01]
 [2.68000000e+02 3.16933727e-01 1.64407022e-01]
 [1.13000000e+02 1.68005237e-01 1.28819708e-01]
 [5.60000000e+01 5.33174847e-01 1.05074295e-01]
 [3.50000000e+01 2.91699188e-01 9.61260213e-02]
 [1.60000000e+02 4.21440542e-01 9.76981043e-02]
 [2.19000000e+02 2.64016405e-01 8.28612411e-02]
 [1.47000000e+02 3.39811188e-01 6.84259135e-02]
 [3.06000000e+02 3.04352478e-01 6.79091314e-02]
 [0.00000000e+00 4.85976985e-01 6.60284203e-02]]
['S3'] [[4.70000000e+01 5.51148511e-01 2.34467295e-01]
 [1.43000000e+02 4.19884112e-01 1.59012244e-01]
 [1.30000000e+02 1.42146054e-01 1.31794818e-01]
 [2.28000000e+02 3.14855605e-01 1.54624376e-01]
 [2.68000000e+02 3.16933727e-01 1.37240823e-01]
 [2.19000000e+02 2.64016405e-01 9.61219306e-02]
 [2.79000000e+02 4.22939618e-01 1.07335078e-01]
 [2.98000000e+02 2.39029368e-01 8.15598989e-02]
 [1.60000000e+02 4.21440542e-01 8.55330374e-02]
 [1.02000000e+02 1.72983902e-01 7.22556874e-02]]
['S4'] [[4.70000000e+01 5.51148511e-01 3.79003897e-01]
 [0.00000000e+00 4.85976985e-01 2.52771665e-01]
 [1.04000000e+02 4.09743929e-01 1.41586235e-01]
 [2.28000000e+02 3.14855605e-01 1.44681174e-01]
 [1.79000000e+02 3.77762206e-01 1.21676510e-01]
 [1.43000000e+02 4.19884112e-01 1.20694971e-01]
 [2.63000000e+02 2.07596727e-01 9.17637811e-02]
 [3.90000000e+01 5.22207007e-01 9.02700008e-02]
 [1.47000000e+02 3.39811188e-01 7.49098980e-02]
 [1.30000000e+02 1.42146054e-01 7.26462334e-02]]
['S5'] [[4.70000000e+01 5.51148511e-01 4.09629331e-01]
 [3.06000000e+02 3.04352478e-01 1.58319229e-01]
 [9.50000000e+01 5.67128728e-01 1.37727580e-01]
 [2.28000000e+02 3.14855605e-01 1.34405313e-01]
 [1.83000000e+02 4.84941110e-01 1.13356424e-01]
 [2.40000000e+01 3.05089254e-01 8.63999248e-02]
 [1.87000000e+02 2.21883740e-01 7.34790487e-02]
 [5.60000000e+01 5.33174847e-01 6.75353104e-02]
 [2.28000000e+02 3.14855605e-01 7.33345062e-02]
 [3.10000000e+01 3.19775324e-01 4.73020289e-02]]
['S6'] [[4.70000000e+01 5.51148511e-01 2.34467358e-01]
 [2.28000000e+02 3.14855605e-01 1.14302885e-01]
 [2.98000000e+02 2.39029368e-01 9.57564291e-02]
 [1.67000000e+02 4.37131307e-01 1.00346570e-01]
 [6.30000000e+01 1.17550162e-01 8.74358321e-02]
 [1.60000000e+02 4.21440542e-01 7.09442412e-02]
 [3.11000000e+02 1.85203823e-01 7.17364715e-02]
 [7.20000000e+01 3.09497502e-01 5.97349598e-02]
 [2.39000000e+02 4.05215151e-01 5.15256047e-02]
 [1.47000000e+02 3.39811188e-01 4.87488066e-02]]
['S7'] [[9.50000000e+01 5.67128728e-01 2.34467295e-01]
 [0.00000000e+00 4.85976985e-01 1.45914560e-01]
 [2.79000000e+02 4.22939618e-01 1.31653152e-01]
 [1.87000000e+02 2.21883740e-01 1.04131298e-01]
 [1.60000000e+02 4.21440542e-01 1.09011552e-01]
 [1.02000000e+02 1.72983902e-01 9.13736342e-02]
 [2.98000000e+02 2.39029368e-01 9.23235351e-02]
 [1.67000000e+02 4.37131307e-01 7.80239031e-02]
 [4.70000000e+01 5.51148511e-01 8.05184718e-02]
 [1.30000000e+02 1.42146054e-01 6.59137799e-02]]
['S8'] [[4.70000000e+01 5.51148511e-01 4.09629331e-01]
 [0.00000000e+00 4.85976985e-01 2.51516381e-01]
 [2.28000000e+02 3.14855605e-01 1.69679546e-01]
 [2.68000000e+02 3.16933727e-01 1.47619638e-01]
 [1.95000000e+02 3.23920283e-01 1.11104867e-01]
 [8.70000000e+01 4.89712004e-01 1.17855199e-01]
 [2.03000000e+02 2.74721441e-01 9.10978854e-02]
 [1.60000000e+02 4.21440542e-01 1.03037102e-01]
 [1.56000000e+02 2.03039312e-01 1.05086890e-01]
 [2.19000000e+02 2.64016405e-01 8.50359726e-02]]
['S9'] [[8.70000000e+01 4.89712004e-01 3.26963220e-01]
 [1.43000000e+02 4.19884112e-01 1.85562466e-01]
 [1.18000000e+02 1.71767882e-01 1.45721263e-01]
 [3.06000000e+02 3.04352478e-01 1.08902382e-01]
 [2.98000000e+02 2.39029368e-01 1.00514189e-01]
 [4.70000000e+01 5.51148511e-01 9.21221565e-02]
 [7.20000000e+01 3.09497502e-01 9.54323957e-02]
 [3.07000000e+02 3.14562486e-01 8.73208156e-02]
 [2.28000000e+02 3.14855605e-01 8.22659833e-02]
 [3.50000000e+01 2.91699188e-01 8.05668254e-02]]
