['Gerhard Schroeder'] [[4.00000000e+00 6.55560262e-17 0.00000000e+00 3.46573568e-01]
 [4.00000000e+00 6.55560262e-17 0.00000000e+00 6.93147125e-01]
 [4.00000000e+00 6.55560262e-17 0.00000000e+00 1.38629429e+00]
 [4.00000000e+00 6.55560262e-17 0.00000000e+00 2.77258857e+00]
 [4.00000000e+00 6.55560262e-17 0.00000000e+00 5.54517715e+00]
 [4.00000000e+00 6.55560262e-17 0.00000000e+00 1.10903543e+01]
 [4.00000000e+00 6.55560262e-17 0.00000000e+00 2.21807086e+01]
 [4.00000000e+00 6.55560262e-17 0.00000000e+00 4.43614165e+01]
 [4.00000000e+00 6.55560262e-17 0.00000000e+00 0.00000000e+00]
 [4.00000000e+00 6.55560262e-17 0.00000000e+00 0.00000000e+00]]
['Jacques Chirac'] [[1.00000000e+00 5.02243749e-18 0.00000000e+00 1.05147638e-01]
 [1.00000000e+00 5.02243749e-18 0.00000000e+00 2.10295270e-01]
 [1.00000000e+00 5.02243749e-18 0.00000000e+00 4.20590662e-01]
 [1.00000000e+00 5.02243749e-18 0.00000000e+00 8.41181280e-01]
 [1.00000000e+00 5.02243749e-18 0.00000000e+00 1.68236261e+00]
 [1.00000000e+00 5.02243749e-18 0.00000000e+00 3.36472511e+00]
 [1.00000000e+00 5.02243749e-18 0.00000000e+00 6.72945021e+00]
 [1.00000000e+00 5.02243749e-18 0.00000000e+00 1.34589005e+01]
 [1.00000000e+00 5.02243749e-18 0.00000000e+00 2.69178010e+01]
 [1.00000000e+00 5.02243749e-18 0.00000000e+00 0.00000000e+00]]
['Jean Chretien'] [[0.00000000e+00 1.09964947e-16 0.00000000e+00 3.25293762e-01]
 [0.00000000e+00 1.09964947e-16 0.00000000e+00 6.50587528e-01]
 [0.00000000e+00 1.09964947e-16 0.00000000e+00 1.30117511e+00]
 [0.00000000e+00 1.09964947e-16 0.00000000e+00 2.60235020e+00]
 [0.00000000e+00 1.09964947e-16 0.00000000e+00 5.20470035e+00]
 [0.00000000e+00 1.09964947e-16 0.00000000e+00 1.04094007e+01]
 [0.00000000e+00 1.09964947e-16 0.00000000e+00 2.08188015e+01]
 [0.00000000e+00 1.09964947e-16 0.00000000e+00 4.16376029e+01]
 [0.00000000e+00 1.09964947e-16 0.00000000e+00 0.00000000e+00]
 [0.00000000e+00 1.09964947e-16 0.00000000e+00 0.00000000e+00]]
['Junichiro Koizumi'] [[3.00000000e+00 3.38353684e-17 1.00000000e+00 4.12361671e-01]
 [0.00000000e+00 1.09964947e-16 1.00000000e+00 3.18103526e-01]
 [4.00000000e+00 6.55560262e-17 1.00000000e+00 1.24184285e-01]
 [2.00000000e+00 2.44249065e-16 1.00000000e+00 6.41520059e-02]
 [1.00000000e+00 5.02243749e-18 1.00000000e+00 3.70355805e-02]
 [3.00000000e+00 3.38353684e-17 1.00000000e+00 1.24934855e-02]
 [4.00000000e+00 6.55560262e-17 1.00000000e+00 8.80454879e-03]
 [2.00000000e+00 2.44249065e-16 1.00000000e+00 6.77095270e-03]
 [3.00000000e+00 3.38353684e-17 0.00000000e+00 2.00945409e-03]
 [3.00000000e+00 3.38353684e-17 0.00000000e+00 4.01880520e-03]]
['Serena Williams'] [[0.00000000e+00 1.09964947e-16 0.00000000e+00 5.05800420e-01]
 [0.00000000e+00 1.09964947e-16 0.00000000e+00 1.01160092e+00]
 [0.00000000e+00 1.09964947e-16 0.00000000e+00 2.02320174e+00]
 [0.00000000e+00 1.09964947e-16 0.00000000e+00 4.04640354e+00]
 [0.00000000e+00 1.09964947e-16 0.00000000e+00 8.09280710e+00]
 [0.00000000e+00 1.09964947e-16 0.00000000e+00 1.61856142e+01]
 [0.00000000e+00 1.09964947e-16 0.00000000e+00 3.23712283e+01]
 [0.00000000e+00 1.09964947e-16 0.00000000e+00 0.00000000e+00]
 [0.00000000e+00 1.09964947e-16 0.00000000e+00 0.00000000e+00]
 [0.00000000e+00 1.09964947e-16 0.00000000e+00 0.00000000e+00]]
