['Gerhard Schroeder'] [[3.53000000e+03 1.59848278e-02 0.00000000e+00 6.63899025e-01]
 [3.53000000e+03 1.59848278e-02 0.00000000e+00 1.32779816e+00]
 [3.53000000e+03 1.59848278e-02 0.00000000e+00 2.65559632e+00]
 [3.53000000e+03 1.59848278e-02 0.00000000e+00 5.31119257e+00]
 [3.53000000e+03 1.59848278e-02 0.00000000e+00 1.06223851e+01]
 [3.53000000e+03 1.59848278e-02 0.00000000e+00 2.12447703e+01]
 [3.53000000e+03 1.59848278e-02 0.00000000e+00 4.24895405e+01]
 [3.53000000e+03 1.59848278e-02 0.00000000e+00 0.00000000e+00]
 [3.53000000e+03 1.59848278e-02 0.00000000e+00 0.00000000e+00]
 [3.53000000e+03 1.59848278e-02 0.00000000e+00 0.00000000e+00]]
['Jacques Chirac'] [[2.85100000e+03 8.12464027e-02 0.00000000e+00 7.87768111e-01]
 [2.85100000e+03 8.12464027e-02 0.00000000e+00 1.57553628e+00]
 [2.85100000e+03 8.12464027e-02 0.00000000e+00 3.15107259e+00]
 [2.85100000e+03 8.12464027e-02 0.00000000e+00 6.30214516e+00]
 [2.85100000e+03 8.12464027e-02 0.00000000e+00 1.26042903e+01]
 [2.85100000e+03 8.12464027e-02 0.00000000e+00 2.52085807e+01]
 [2.85100000e+03 8.12464027e-02 0.00000000e+00 5.01942791e+01]
 [2.85100000e+03 8.12464027e-02 0.00000000e+00 0.00000000e+00]
 [2.85100000e+03 8.12464027e-02 0.00000000e+00 0.00000000e+00]
 [2.85100000e+03 8.12464027e-02 0.00000000e+00 0.00000000e+00]]
['Jean Chretien'] [[3.60100000e+03 2.70811926e-02 0.00000000e+00 9.78419575e-01]
 [3.60100000e+03 2.70811926e-02 0.00000000e+00 1.95683919e+00]
 [3.60100000e+03 2.70811926e-02 0.00000000e+00 3.91367838e+00]
 [3.60100000e+03 2.70811926e-02 0.00000000e+00 7.82735677e+00]
 [3.60100000e+03 2.70811926e-02 0.00000000e+00 1.56547135e+01]
 [3.60100000e+03 2.70811926e-02 0.00000000e+00 3.13094270e+01]
 [3.60100000e+03 2.70811926e-02 0.00000000e+00 0.00000000e+00]
 [3.60100000e+03 2.70811926e-02 0.00000000e+00 0.00000000e+00]
 [3.60100000e+03 2.70811926e-02 0.00000000e+00 0.00000000e+00]
 [3.60100000e+03 2.70811926e-02 0.00000000e+00 0.00000000e+00]]
['Junichiro Koizumi'] [[2.56000000e+02 3.83771790e-03 0.00000000e+00 8.22061661e-01]
 [2.56000000e+02 3.83771790e-03 0.00000000e+00 1.64412337e+00]
 [2.56000000e+02 3.83771790e-03 0.00000000e+00 3.28824676e+00]
 [2.56000000e+02 3.83771790e-03 0.00000000e+00 6.57649356e+00]
 [2.56000000e+02 3.83771790e-03 0.00000000e+00 1.31529871e+01]
 [2.56000000e+02 3.83771790e-03 0.00000000e+00 2.63059742e+01]
 [2.56000000e+02 3.83771790e-03 0.00000000e+00 0.00000000e+00]
 [2.56000000e+02 3.83771790e-03 0.00000000e+00 0.00000000e+00]
 [2.56000000e+02 3.83771790e-03 0.00000000e+00 0.00000000e+00]
 [2.56000000e+02 3.83771790e-03 0.00000000e+00 0.00000000e+00]]
['Serena Williams'] [[2.07300000e+03 2.90118858e-02 0.00000000e+00 9.78419575e-01]
 [2.07300000e+03 2.90118858e-02 0.00000000e+00 1.95683919e+00]
 [2.07300000e+03 2.90118858e-02 0.00000000e+00 3.91367834e+00]
 [2.07300000e+03 2.90118858e-02 0.00000000e+00 7.82735672e+00]
 [2.07300000e+03 2.90118858e-02 0.00000000e+00 1.56547134e+01]
 [2.07300000e+03 2.90118858e-02 0.00000000e+00 3.13094268e+01]
 [2.07300000e+03 2.90118858e-02 0.00000000e+00 0.00000000e+00]
 [2.07300000e+03 2.90118858e-02 0.00000000e+00 0.00000000e+00]
 [2.07300000e+03 2.90118858e-02 0.00000000e+00 0.00000000e+00]
 [2.07300000e+03 2.90118858e-02 0.00000000e+00 0.00000000e+00]]
