['S1'] [[ 1.00000000e+00 -1.42064723e-16  0.00000000e+00  1.59226859e-01]
 [ 1.00000000e+00 -1.42064723e-16  0.00000000e+00  3.18453713e-01]
 [ 1.00000000e+00 -1.42064723e-16  0.00000000e+00  6.36907482e-01]
 [ 1.00000000e+00 -1.42064723e-16  0.00000000e+00  1.27381494e+00]
 [ 1.00000000e+00 -1.42064723e-16  0.00000000e+00  2.54762987e+00]
 [ 1.00000000e+00 -1.42064723e-16  0.00000000e+00  5.09525975e+00]
 [ 1.00000000e+00 -1.42064723e-16  0.00000000e+00  1.01905195e+01]
 [ 1.00000000e+00 -1.42064723e-16  0.00000000e+00  2.03810390e+01]
 [ 1.00000000e+00 -1.42064723e-16  0.00000000e+00  4.07620780e+01]
 [ 1.00000000e+00 -1.42064723e-16  0.00000000e+00  0.00000000e+00]]
['S10'] [[ 0.00000000e+00 -1.90271775e-16  0.00000000e+00  2.06847738e-01]
 [ 0.00000000e+00 -1.90271775e-16  0.00000000e+00  4.13695497e-01]
 [ 0.00000000e+00 -1.90271775e-16  0.00000000e+00  8.27391018e-01]
 [ 0.00000000e+00 -1.90271775e-16  0.00000000e+00  1.65478203e+00]
 [ 0.00000000e+00 -1.90271775e-16  0.00000000e+00  3.30956406e+00]
 [ 0.00000000e+00 -1.90271775e-16  0.00000000e+00  6.61912819e+00]
 [ 0.00000000e+00 -1.90271775e-16  0.00000000e+00  1.32382563e+01]
 [ 0.00000000e+00 -1.90271775e-16  0.00000000e+00  2.64765127e+01]
 [ 0.00000000e+00 -1.90271775e-16  0.00000000e+00  0.00000000e+00]
 [ 0.00000000e+00 -1.90271775e-16  0.00000000e+00  0.00000000e+00]]
['S11'] [[ 1.00000000e+00 -1.42064723e-16  0.00000000e+00  1.72750764e-01]
 [ 1.00000000e+00 -1.42064723e-16  0.00000000e+00  3.45501537e-01]
 [ 1.00000000e+00 -1.42064723e-16  0.00000000e+00  6.91003138e-01]
 [ 1.00000000e+00 -1.42064723e-16  0.00000000e+00  1.38200624e+00]
 [ 1.00000000e+00 -1.42064723e-16  0.00000000e+00  2.76401249e+00]
 [ 1.00000000e+00 -1.42064723e-16  0.00000000e+00  5.52802495e+00]
 [ 1.00000000e+00 -1.42064723e-16  0.00000000e+00  1.10560499e+01]
 [ 1.00000000e+00 -1.42064723e-16  0.00000000e+00  2.21120998e+01]
 [ 1.00000000e+00 -1.42064723e-16  0.00000000e+00  4.42242030e+01]
 [ 1.00000000e+00 -1.42064723e-16  0.00000000e+00  0.00000000e+00]]
['S12'] [[ 0.00000000e+00 -1.90271775e-16  0.00000000e+00  1.79536073e-01]
 [ 0.00000000e+00 -1.90271775e-16  0.00000000e+00  3.59072122e-01]
 [ 0.00000000e+00 -1.90271775e-16  0.00000000e+00  7.18144227e-01]
 [ 0.00000000e+00 -1.90271775e-16  0.00000000e+00  1.43628844e+00]
 [ 0.00000000e+00 -1.90271775e-16  0.00000000e+00  2.87257688e+00]
 [ 0.00000000e+00 -1.90271775e-16  0.00000000e+00  5.74515380e+00]
 [ 0.00000000e+00 -1.90271775e-16  0.00000000e+00  1.14903076e+01]
 [ 0.00000000e+00 -1.90271775e-16  0.00000000e+00  2.29806152e+01]
 [ 0.00000000e+00 -1.90271775e-16  0.00000000e+00  4.59613291e+01]
 [ 0.00000000e+00 -1.90271775e-16  0.00000000e+00  0.00000000e+00]]
['S13'] [[ 0.00000000e+00 -1.90271775e-16  0.00000000e+00  9.90064243e-02]
 [ 0.00000000e+00 -1.90271775e-16  0.00000000e+00  1.98012863e-01]
 [ 0.00000000e+00 -1.90271775e-16  0.00000000e+00  3.96025713e-01]
 [ 0.00000000e+00 -1.90271775e-16  0.00000000e+00  7.92051473e-01]
 [ 0.00000000e+00 -1.90271775e-16  0.00000000e+00  1.58410290e+00]
 [ 0.00000000e+00 -1.90271775e-16  0.00000000e+00  3.16820581e+00]
 [ 0.00000000e+00 -1.90271775e-16  0.00000000e+00  6.33641167e+00]
 [ 0.00000000e+00 -1.90271775e-16  0.00000000e+00  1.26728233e+01]
 [ 0.00000000e+00 -1.90271775e-16  0.00000000e+00  2.53456466e+01]
 [ 0.00000000e+00 -1.90271775e-16  0.00000000e+00  0.00000000e+00]]
['S14'] [[7.00000000e+00 3.51509757e-17 0.00000000e+00 1.45760408e-01]
 [7.00000000e+00 3.51509757e-17 0.00000000e+00 2.91520838e-01]
 [7.00000000e+00 3.51509757e-17 0.00000000e+00 5.83041667e-01]
 [7.00000000e+00 3.51509757e-17 0.00000000e+00 1.16608336e+00]
 [7.00000000e+00 3.51509757e-17 0.00000000e+00 2.33216674e+00]
 [7.00000000e+00 3.51509757e-17 0.00000000e+00 4.66433342e+00]
 [7.00000000e+00 3.51509757e-17 0.00000000e+00 9.32866682e+00]
 [7.00000000e+00 3.51509757e-17 0.00000000e+00 1.86573337e+01]
 [7.00000000e+00 3.51509757e-17 0.00000000e+00 3.73146673e+01]
 [7.00000000e+00 3.51509757e-17 0.00000000e+00 0.00000000e+00]]
['S15'] [[7.00000000e+00 3.51509757e-17 0.00000000e+00 1.45760408e-01]
 [7.00000000e+00 3.51509757e-17 0.00000000e+00 2.91520838e-01]
 [7.00000000e+00 3.51509757e-17 0.00000000e+00 5.83041667e-01]
 [7.00000000e+00 3.51509757e-17 0.00000000e+00 1.16608336e+00]
 [7.00000000e+00 3.51509757e-17 0.00000000e+00 2.33216674e+00]
 [7.00000000e+00 3.51509757e-17 0.00000000e+00 4.66433342e+00]
 [7.00000000e+00 3.51509757e-17 0.00000000e+00 9.32866682e+00]
 [7.00000000e+00 3.51509757e-17 0.00000000e+00 1.86573337e+01]
 [7.00000000e+00 3.51509757e-17 0.00000000e+00 3.73146673e+01]
 [7.00000000e+00 3.51509757e-17 0.00000000e+00 0.00000000e+00]]
['S16'] [[ 0.00000000e+00 -1.90271775e-16  0.00000000e+00  2.48407470e-01]
 [ 0.00000000e+00 -1.90271775e-16  0.00000000e+00  4.96814895e-01]
 [ 0.00000000e+00 -1.90271775e-16  0.00000000e+00  9.93629832e-01]
 [ 0.00000000e+00 -1.90271775e-16  0.00000000e+00  1.98725961e+00]
 [ 0.00000000e+00 -1.90271775e-16  0.00000000e+00  3.97451925e+00]
 [ 0.00000000e+00 -1.90271775e-16  0.00000000e+00  7.94903850e+00]
 [ 0.00000000e+00 -1.90271775e-16  0.00000000e+00  1.58980770e+01]
 [ 0.00000000e+00 -1.90271775e-16  0.00000000e+00  3.17961540e+01]
 [ 0.00000000e+00 -1.90271775e-16  0.00000000e+00  0.00000000e+00]
 [ 0.00000000e+00 -1.90271775e-16  0.00000000e+00  0.00000000e+00]]
['S17'] [[ 5.00000000e+00 -1.65803044e-16  1.00000000e+00  1.79536012e-01]
 [ 7.00000000e+00  3.51509757e-17  0.00000000e+00  1.56757487e-01]
 [ 7.00000000e+00  3.51509757e-17  0.00000000e+00  3.13515051e-01]
 [ 7.00000000e+00  3.51509757e-17  0.00000000e+00  6.27030085e-01]
 [ 7.00000000e+00  3.51509757e-17  0.00000000e+00  1.25406015e+00]
 [ 7.00000000e+00  3.51509757e-17  0.00000000e+00  2.50812028e+00]
 [ 7.00000000e+00  3.51509757e-17  0.00000000e+00  5.01624060e+00]
 [ 7.00000000e+00  3.51509757e-17  0.00000000e+00  1.00324812e+01]
 [ 7.00000000e+00  3.51509757e-17  0.00000000e+00  2.00649624e+01]
 [ 7.00000000e+00  3.51509757e-17  0.00000000e+00  4.01299247e+01]]
['S18'] [[ 6.00000000e+00 -1.84245893e-16  1.00000000e+00  9.23670579e-02]
 [ 4.00000000e+00 -1.27456525e-16  1.00000000e+00  9.68620353e-02]
 [ 7.00000000e+00  3.51509757e-17  0.00000000e+00  8.87238760e-02]
 [ 7.00000000e+00  3.51509757e-17  0.00000000e+00  1.77447829e-01]
 [ 7.00000000e+00  3.51509757e-17  0.00000000e+00  3.54895670e-01]
 [ 7.00000000e+00  3.51509757e-17  0.00000000e+00  7.09791280e-01]
 [ 7.00000000e+00  3.51509757e-17  0.00000000e+00  1.41958256e+00]
 [ 7.00000000e+00  3.51509757e-17  0.00000000e+00  2.83916515e+00]
 [ 7.00000000e+00  3.51509757e-17  0.00000000e+00  5.67833030e+00]
 [ 7.00000000e+00  3.51509757e-17  0.00000000e+00  1.13566606e+01]]
['S19'] [[ 0.00000000e+00 -1.90271775e-16  0.00000000e+00  2.20616173e-01]
 [ 0.00000000e+00 -1.90271775e-16  0.00000000e+00  4.41232262e-01]
 [ 0.00000000e+00 -1.90271775e-16  0.00000000e+00  8.82464573e-01]
 [ 0.00000000e+00 -1.90271775e-16  0.00000000e+00  1.76492918e+00]
 [ 0.00000000e+00 -1.90271775e-16  0.00000000e+00  3.52985836e+00]
 [ 0.00000000e+00 -1.90271775e-16  0.00000000e+00  7.05971669e+00]
 [ 0.00000000e+00 -1.90271775e-16  0.00000000e+00  1.41194334e+01]
 [ 0.00000000e+00 -1.90271775e-16  0.00000000e+00  2.82388668e+01]
 [ 0.00000000e+00 -1.90271775e-16  0.00000000e+00  0.00000000e+00]
 [ 0.00000000e+00 -1.90271775e-16  0.00000000e+00  0.00000000e+00]]
['S2'] [[ 4.00000000e+00 -1.27456525e-16  0.00000000e+00  1.05654502e-01]
 [ 4.00000000e+00 -1.27456525e-16  0.00000000e+00  2.11309086e-01]
 [ 4.00000000e+00 -1.27456525e-16  0.00000000e+00  4.22618166e-01]
 [ 4.00000000e+00 -1.27456525e-16  0.00000000e+00  8.45236324e-01]
 [ 4.00000000e+00 -1.27456525e-16  0.00000000e+00  1.69047261e+00]
 [ 4.00000000e+00 -1.27456525e-16  0.00000000e+00  3.38094526e+00]
 [ 4.00000000e+00 -1.27456525e-16  0.00000000e+00  6.76189049e+00]
 [ 4.00000000e+00 -1.27456525e-16  0.00000000e+00  1.35237810e+01]
 [ 4.00000000e+00 -1.27456525e-16  0.00000000e+00  2.70475620e+01]
 [ 4.00000000e+00 -1.27456525e-16  0.00000000e+00  0.00000000e+00]]
['S3'] [[2.00000000e+00 5.55111512e-17 0.00000000e+00 1.72750764e-01]
 [2.00000000e+00 5.55111512e-17 0.00000000e+00 3.45501604e-01]
 [2.00000000e+00 5.55111512e-17 0.00000000e+00 6.91003184e-01]
 [2.00000000e+00 5.55111512e-17 0.00000000e+00 1.38200640e+00]
 [2.00000000e+00 5.55111512e-17 0.00000000e+00 2.76401279e+00]
 [2.00000000e+00 5.55111512e-17 0.00000000e+00 5.52802546e+00]
 [2.00000000e+00 5.55111512e-17 0.00000000e+00 1.10560510e+01]
 [2.00000000e+00 5.55111512e-17 0.00000000e+00 2.21121020e+01]
 [2.00000000e+00 5.55111512e-17 0.00000000e+00 4.42242030e+01]
 [2.00000000e+00 5.55111512e-17 0.00000000e+00 0.00000000e+00]]
['S4'] [[ 0.00000000e+00 -1.90271775e-16  0.00000000e+00  2.34467295e-01]
 [ 0.00000000e+00 -1.90271775e-16  0.00000000e+00  4.68934630e-01]
 [ 0.00000000e+00 -1.90271775e-16  0.00000000e+00  9.37869260e-01]
 [ 0.00000000e+00 -1.90271775e-16  0.00000000e+00  1.87573853e+00]
 [ 0.00000000e+00 -1.90271775e-16  0.00000000e+00  3.75147702e+00]
 [ 0.00000000e+00 -1.90271775e-16  0.00000000e+00  7.50295407e+00]
 [ 0.00000000e+00 -1.90271775e-16  0.00000000e+00  1.50059082e+01]
 [ 0.00000000e+00 -1.90271775e-16  0.00000000e+00  3.00118163e+01]
 [ 0.00000000e+00 -1.90271775e-16  0.00000000e+00  0.00000000e+00]
 [ 0.00000000e+00 -1.90271775e-16  0.00000000e+00  0.00000000e+00]]
['S5'] [[ 5.00000000e+00 -1.65803044e-16  1.00000000e+00  1.52486743e-01]
 [ 9.00000000e+00 -5.10373907e-17  0.00000000e+00  1.44021868e-01]
 [ 9.00000000e+00 -5.10373907e-17  0.00000000e+00  2.88043742e-01]
 [ 9.00000000e+00 -5.10373907e-17  0.00000000e+00  5.76087570e-01]
 [ 9.00000000e+00 -5.10373907e-17  0.00000000e+00  1.15217512e+00]
 [ 9.00000000e+00 -5.10373907e-17  0.00000000e+00  2.30435024e+00]
 [ 9.00000000e+00 -5.10373907e-17  0.00000000e+00  4.60870049e+00]
 [ 9.00000000e+00 -5.10373907e-17  0.00000000e+00  9.21740096e+00]
 [ 9.00000000e+00 -5.10373907e-17  0.00000000e+00  1.84348019e+01]
 [ 9.00000000e+00 -5.10373907e-17  0.00000000e+00  3.68696038e+01]]
['S6'] [[ 0.00000000e+00 -1.90271775e-16  0.00000000e+00  2.48407407e-01]
 [ 0.00000000e+00 -1.90271775e-16  0.00000000e+00  4.96814744e-01]
 [ 0.00000000e+00 -1.90271775e-16  0.00000000e+00  9.93629586e-01]
 [ 0.00000000e+00 -1.90271775e-16  0.00000000e+00  1.98725920e+00]
 [ 0.00000000e+00 -1.90271775e-16  0.00000000e+00  3.97451835e+00]
 [ 0.00000000e+00 -1.90271775e-16  0.00000000e+00  7.94903678e+00]
 [ 0.00000000e+00 -1.90271775e-16  0.00000000e+00  1.58980735e+01]
 [ 0.00000000e+00 -1.90271775e-16  0.00000000e+00  3.17961469e+01]
 [ 0.00000000e+00 -1.90271775e-16  0.00000000e+00  0.00000000e+00]
 [ 0.00000000e+00 -1.90271775e-16  0.00000000e+00  0.00000000e+00]]
['S7'] [[2.00000000e+00 5.55111512e-17 0.00000000e+00 2.27531005e-01]
 [2.00000000e+00 5.55111512e-17 0.00000000e+00 4.55062082e-01]
 [2.00000000e+00 5.55111512e-17 0.00000000e+00 9.10124122e-01]
 [2.00000000e+00 5.55111512e-17 0.00000000e+00 1.82024827e+00]
 [2.00000000e+00 5.55111512e-17 0.00000000e+00 3.64049651e+00]
 [2.00000000e+00 5.55111512e-17 0.00000000e+00 7.28099300e+00]
 [2.00000000e+00 5.55111512e-17 0.00000000e+00 1.45619860e+01]
 [2.00000000e+00 5.55111512e-17 0.00000000e+00 2.91239721e+01]
 [2.00000000e+00 5.55111512e-17 0.00000000e+00 0.00000000e+00]
 [2.00000000e+00 5.55111512e-17 0.00000000e+00 0.00000000e+00]]
['S8'] [[ 0.00000000e+00 -1.90271775e-16  0.00000000e+00  2.48407407e-01]
 [ 0.00000000e+00 -1.90271775e-16  0.00000000e+00  4.96814744e-01]
 [ 0.00000000e+00 -1.90271775e-16  0.00000000e+00  9.93629586e-01]
 [ 0.00000000e+00 -1.90271775e-16  0.00000000e+00  1.98725920e+00]
 [ 0.00000000e+00 -1.90271775e-16  0.00000000e+00  3.97451835e+00]
 [ 0.00000000e+00 -1.90271775e-16  0.00000000e+00  7.94903678e+00]
 [ 0.00000000e+00 -1.90271775e-16  0.00000000e+00  1.58980735e+01]
 [ 0.00000000e+00 -1.90271775e-16  0.00000000e+00  3.17961469e+01]
 [ 0.00000000e+00 -1.90271775e-16  0.00000000e+00  0.00000000e+00]
 [ 0.00000000e+00 -1.90271775e-16  0.00000000e+00  0.00000000e+00]]
['S9'] [[2.00000000e+00 5.55111512e-17 0.00000000e+00 2.27531005e-01]
 [2.00000000e+00 5.55111512e-17 0.00000000e+00 4.55062082e-01]
 [2.00000000e+00 5.55111512e-17 0.00000000e+00 9.10124122e-01]
 [2.00000000e+00 5.55111512e-17 0.00000000e+00 1.82024827e+00]
 [2.00000000e+00 5.55111512e-17 0.00000000e+00 3.64049651e+00]
 [2.00000000e+00 5.55111512e-17 0.00000000e+00 7.28099300e+00]
 [2.00000000e+00 5.55111512e-17 0.00000000e+00 1.45619860e+01]
 [2.00000000e+00 5.55111512e-17 0.00000000e+00 2.91239721e+01]
 [2.00000000e+00 5.55111512e-17 0.00000000e+00 0.00000000e+00]
 [2.00000000e+00 5.55111512e-17 0.00000000e+00 0.00000000e+00]]
