['S1'] [[6.70000000e+01 5.74505280e-02 0.00000000e+00 5.85035611e-01]
 [6.70000000e+01 5.74505280e-02 0.00000000e+00 1.17007126e+00]
 [6.70000000e+01 5.74505280e-02 0.00000000e+00 2.34014244e+00]
 [6.70000000e+01 5.74505280e-02 0.00000000e+00 4.68028494e+00]
 [6.70000000e+01 5.74505280e-02 0.00000000e+00 9.36056990e+00]
 [6.70000000e+01 5.74505280e-02 0.00000000e+00 1.87211398e+01]
 [6.70000000e+01 5.74505280e-02 0.00000000e+00 3.74422795e+01]
 [6.70000000e+01 5.74505280e-02 0.00000000e+00 0.00000000e+00]
 [6.70000000e+01 5.74505280e-02 0.00000000e+00 0.00000000e+00]
 [6.70000000e+01 5.74505280e-02 0.00000000e+00 0.00000000e+00]]
['S10'] [[6.70000000e+01 5.74505280e-02 0.00000000e+00 6.80901634e-01]
 [6.70000000e+01 5.74505280e-02 0.00000000e+00 1.36180330e+00]
 [6.70000000e+01 5.74505280e-02 0.00000000e+00 2.72360662e+00]
 [6.70000000e+01 5.74505280e-02 0.00000000e+00 5.44721321e+00]
 [6.70000000e+01 5.74505280e-02 0.00000000e+00 1.08944264e+01]
 [6.70000000e+01 5.74505280e-02 0.00000000e+00 2.17888528e+01]
 [6.70000000e+01 5.74505280e-02 0.00000000e+00 4.35777068e+01]
 [6.70000000e+01 5.74505280e-02 0.00000000e+00 0.00000000e+00]
 [6.70000000e+01 5.74505280e-02 0.00000000e+00 0.00000000e+00]
 [6.70000000e+01 5.74505280e-02 0.00000000e+00 0.00000000e+00]]
['S11'] [[1.75000000e+02 3.94118172e-02 0.00000000e+00 6.60877915e-01]
 [1.75000000e+02 3.94118172e-02 0.00000000e+00 1.32175575e+00]
 [1.75000000e+02 3.94118172e-02 0.00000000e+00 2.64351158e+00]
 [1.75000000e+02 3.94118172e-02 0.00000000e+00 5.28702318e+00]
 [1.75000000e+02 3.94118172e-02 0.00000000e+00 1.05740463e+01]
 [1.75000000e+02 3.94118172e-02 0.00000000e+00 2.11480927e+01]
 [1.75000000e+02 3.94118172e-02 0.00000000e+00 4.22961853e+01]
 [1.75000000e+02 3.94118172e-02 0.00000000e+00 0.00000000e+00]
 [1.75000000e+02 3.94118172e-02 0.00000000e+00 0.00000000e+00]
 [1.75000000e+02 3.94118172e-02 0.00000000e+00 0.00000000e+00]]
['S12'] [[48.          0.05025207  0.          0.57597911]
 [48.          0.05025207  0.          1.15195821]
 [48.          0.05025207  0.          2.30391647]
 [48.          0.05025207  0.          4.60783294]
 [48.          0.05025207  0.          9.21566586]
 [48.          0.05025207  0.         18.43133172]
 [48.          0.05025207  0.         36.86266343]
 [48.          0.05025207  0.          0.        ]
 [48.          0.05025207  0.          0.        ]
 [48.          0.05025207  0.          0.        ]]
['S13'] [[1.75000000e+02 3.94118172e-02 0.00000000e+00 5.85035611e-01]
 [1.75000000e+02 3.94118172e-02 0.00000000e+00 1.17007126e+00]
 [1.75000000e+02 3.94118172e-02 0.00000000e+00 2.34014249e+00]
 [1.75000000e+02 3.94118172e-02 0.00000000e+00 4.68028503e+00]
 [1.75000000e+02 3.94118172e-02 0.00000000e+00 9.36057005e+00]
 [1.75000000e+02 3.94118172e-02 0.00000000e+00 1.87211401e+01]
 [1.75000000e+02 3.94118172e-02 0.00000000e+00 3.74422801e+01]
 [1.75000000e+02 3.94118172e-02 0.00000000e+00 0.00000000e+00]
 [1.75000000e+02 3.94118172e-02 0.00000000e+00 0.00000000e+00]
 [1.75000000e+02 3.94118172e-02 0.00000000e+00 0.00000000e+00]]
['S14'] [[48.          0.05025207  0.          0.59417928]
 [48.          0.05025207  0.          1.18835859]
 [48.          0.05025207  0.          2.37671715]
 [48.          0.05025207  0.          4.75343433]
 [48.          0.05025207  0.          9.50686865]
 [48.          0.05025207  0.         19.01373731]
 [48.          0.05025207  0.         38.02747464]
 [48.          0.05025207  0.          0.        ]
 [48.          0.05025207  0.          0.        ]
 [48.          0.05025207  0.          0.        ]]
['S15'] [[48.          0.05025207  0.          0.57597911]
 [48.          0.05025207  0.          1.15195821]
 [48.          0.05025207  0.          2.30391647]
 [48.          0.05025207  0.          4.60783294]
 [48.          0.05025207  0.          9.21566586]
 [48.          0.05025207  0.         18.43133176]
 [48.          0.05025207  0.         36.86266347]
 [48.          0.05025207  0.          0.        ]
 [48.          0.05025207  0.          0.        ]
 [48.          0.05025207  0.          0.        ]]
['S16'] [[48.          0.05025207  0.          0.69109376]
 [48.          0.05025207  0.          1.38218754]
 [48.          0.05025207  0.          2.76437512]
 [48.          0.05025207  0.          5.52875021]
 [48.          0.05025207  0.         11.05750039]
 [48.          0.05025207  0.         22.11500083]
 [48.          0.05025207  0.         44.23000705]
 [48.          0.05025207  0.          0.        ]
 [48.          0.05025207  0.          0.        ]
 [48.          0.05025207  0.          0.        ]]
['S17'] [[48.          0.05025207  0.          0.54057233]
 [48.          0.05025207  0.          1.08114463]
 [48.          0.05025207  0.          2.16228926]
 [48.          0.05025207  0.          4.3245785 ]
 [48.          0.05025207  0.          8.64915706]
 [48.          0.05025207  0.         17.29831402]
 [48.          0.05025207  0.         34.59662813]
 [48.          0.05025207  0.          0.        ]
 [48.          0.05025207  0.          0.        ]
 [48.          0.05025207  0.          0.        ]]
['S18'] [[48.          0.05025207  0.          0.54057233]
 [48.          0.05025207  0.          1.08114463]
 [48.          0.05025207  0.          2.16228922]
 [48.          0.05025207  0.          4.32457842]
 [48.          0.05025207  0.          8.64915688]
 [48.          0.05025207  0.         17.2983138 ]
 [48.          0.05025207  0.         34.59662755]
 [48.          0.05025207  0.          0.        ]
 [48.          0.05025207  0.          0.        ]
 [48.          0.05025207  0.          0.        ]]
['S19'] [[6.70000000e+01 5.74505280e-02 0.00000000e+00 6.80901680e-01]
 [6.70000000e+01 5.74505280e-02 0.00000000e+00 1.36180333e+00]
 [6.70000000e+01 5.74505280e-02 0.00000000e+00 2.72360667e+00]
 [6.70000000e+01 5.74505280e-02 0.00000000e+00 5.44721336e+00]
 [6.70000000e+01 5.74505280e-02 0.00000000e+00 1.08944267e+01]
 [6.70000000e+01 5.74505280e-02 0.00000000e+00 2.17888534e+01]
 [6.70000000e+01 5.74505280e-02 0.00000000e+00 4.35777068e+01]
 [6.70000000e+01 5.74505280e-02 0.00000000e+00 0.00000000e+00]
 [6.70000000e+01 5.74505280e-02 0.00000000e+00 0.00000000e+00]
 [6.70000000e+01 5.74505280e-02 0.00000000e+00 0.00000000e+00]]
['S2'] [[48.          0.05025207  0.          0.54057225]
 [48.          0.05025207  0.          1.08114454]
 [48.          0.05025207  0.          2.16228911]
 [48.          0.05025207  0.          4.32457821]
 [48.          0.05025207  0.          8.64915642]
 [48.          0.05025207  0.         17.29831285]
 [48.          0.05025207  0.         34.59662571]
 [48.          0.05025207  0.          0.        ]
 [48.          0.05025207  0.          0.        ]
 [48.          0.05025207  0.          0.        ]]
['S3'] [[6.30000000e+01 2.93143723e-02 0.00000000e+00 5.94179279e-01]
 [6.30000000e+01 2.93143723e-02 0.00000000e+00 1.18835859e+00]
 [6.30000000e+01 2.93143723e-02 0.00000000e+00 2.37671710e+00]
 [6.30000000e+01 2.93143723e-02 0.00000000e+00 4.75343424e+00]
 [6.30000000e+01 2.93143723e-02 0.00000000e+00 9.50686853e+00]
 [6.30000000e+01 2.93143723e-02 0.00000000e+00 1.90137370e+01]
 [6.30000000e+01 2.93143723e-02 0.00000000e+00 3.80274741e+01]
 [6.30000000e+01 2.93143723e-02 0.00000000e+00 0.00000000e+00]
 [6.30000000e+01 2.93143723e-02 0.00000000e+00 0.00000000e+00]
 [6.30000000e+01 2.93143723e-02 0.00000000e+00 0.00000000e+00]]
['S4'] [[48.          0.05025207  0.          0.84946422]
 [48.          0.05025207  0.          1.69892844]
 [48.          0.05025207  0.          3.39785692]
 [48.          0.05025207  0.          6.79571381]
 [48.          0.05025207  0.         13.59142763]
 [48.          0.05025207  0.         27.18285524]
 [48.          0.05025207  0.          0.        ]
 [48.          0.05025207  0.          0.        ]
 [48.          0.05025207  0.          0.        ]
 [48.          0.05025207  0.          0.        ]]
['S5'] [[1.28000000e+02 5.37558436e-02 0.00000000e+00 5.75979154e-01]
 [1.28000000e+02 5.37558436e-02 0.00000000e+00 1.15195826e+00]
 [1.28000000e+02 5.37558436e-02 0.00000000e+00 2.30391656e+00]
 [1.28000000e+02 5.37558436e-02 0.00000000e+00 4.60783312e+00]
 [1.28000000e+02 5.37558436e-02 0.00000000e+00 9.21566622e+00]
 [1.28000000e+02 5.37558436e-02 0.00000000e+00 1.84313324e+01]
 [1.28000000e+02 5.37558436e-02 0.00000000e+00 3.68626649e+01]
 [1.28000000e+02 5.37558436e-02 0.00000000e+00 0.00000000e+00]
 [1.28000000e+02 5.37558436e-02 0.00000000e+00 0.00000000e+00]
 [1.28000000e+02 5.37558436e-02 0.00000000e+00 0.00000000e+00]]
['S6'] [[1.75000000e+02 3.94118172e-02 0.00000000e+00 6.80901634e-01]
 [1.75000000e+02 3.94118172e-02 0.00000000e+00 1.36180330e+00]
 [1.75000000e+02 3.94118172e-02 0.00000000e+00 2.72360662e+00]
 [1.75000000e+02 3.94118172e-02 0.00000000e+00 5.44721321e+00]
 [1.75000000e+02 3.94118172e-02 0.00000000e+00 1.08944265e+01]
 [1.75000000e+02 3.94118172e-02 0.00000000e+00 2.17888528e+01]
 [1.75000000e+02 3.94118172e-02 0.00000000e+00 4.35777068e+01]
 [1.75000000e+02 3.94118172e-02 0.00000000e+00 0.00000000e+00]
 [1.75000000e+02 3.94118172e-02 0.00000000e+00 0.00000000e+00]
 [1.75000000e+02 3.94118172e-02 0.00000000e+00 0.00000000e+00]]
['S7'] [[48.          0.05025207  0.          0.59417928]
 [48.          0.05025207  0.          1.18835859]
 [48.          0.05025207  0.          2.37671715]
 [48.          0.05025207  0.          4.75343433]
 [48.          0.05025207  0.          9.50686861]
 [48.          0.05025207  0.         19.01373725]
 [48.          0.05025207  0.         38.02747449]
 [48.          0.05025207  0.          0.        ]
 [48.          0.05025207  0.          0.        ]
 [48.          0.05025207  0.          0.        ]]
['S8'] [[6.30000000e+01 2.93143723e-02 0.00000000e+00 8.49464218e-01]
 [6.30000000e+01 2.93143723e-02 0.00000000e+00 1.69892844e+00]
 [6.30000000e+01 2.93143723e-02 0.00000000e+00 3.39785687e+00]
 [6.30000000e+01 2.93143723e-02 0.00000000e+00 6.79571381e+00]
 [6.30000000e+01 2.93143723e-02 0.00000000e+00 1.35914276e+01]
 [6.30000000e+01 2.93143723e-02 0.00000000e+00 2.71828552e+01]
 [6.30000000e+01 2.93143723e-02 0.00000000e+00 0.00000000e+00]
 [6.30000000e+01 2.93143723e-02 0.00000000e+00 0.00000000e+00]
 [6.30000000e+01 2.93143723e-02 0.00000000e+00 0.00000000e+00]
 [6.30000000e+01 2.93143723e-02 0.00000000e+00 0.00000000e+00]]
['S9'] [[48.          0.05025207  0.          0.55811691]
 [48.          0.05025207  0.          1.1162339 ]
 [48.          0.05025207  0.          2.2324677 ]
 [48.          0.05025207  0.          4.46493548]
 [48.          0.05025207  0.          8.929871  ]
 [48.          0.05025207  0.         17.85974192]
 [48.          0.05025207  0.         35.71948386]
 [48.          0.05025207  0.          0.        ]
 [48.          0.05025207  0.          0.        ]
 [48.          0.05025207  0.          0.        ]]
