['S1'] [[ 1.00000000e+00 -3.37449367e-16  1.45760347e-01]
 [ 1.10000000e+01  9.56836949e-17  1.11601642e-01]
 [ 1.20000000e+01  1.31473779e-17  7.86543202e-02]
 [ 8.00000000e+00 -1.63246609e-16  7.05327049e-02]
 [ 1.70000000e+01  1.19787221e-16  6.45392468e-02]
 [ 1.80000000e+01 -4.63810277e-17  5.35137682e-02]
 [ 1.60000000e+01  1.25265295e-16  2.83380284e-02]
 [ 1.10000000e+01  9.56836949e-17  9.71854527e-03]
 [ 8.00000000e+00 -1.63246609e-16  8.60676559e-03]
 [ 1.70000000e+01  1.19787221e-16  3.24107351e-03]
 [ 1.20000000e+01  1.31473779e-17  4.94241755e-04]
 [ 8.00000000e+00 -1.63246609e-16  4.29391887e-04]
 [ 1.80000000e+01 -4.63810277e-17  3.79383582e-04]
 [ 1.10000000e+01  9.56836949e-17  2.28285793e-04]
 [ 1.60000000e+01  1.25265295e-16  8.95261767e-05]]
['S10'] [[ 1.90000000e+01  4.27289783e-17  9.23670579e-02]
 [ 3.00000000e+00 -4.78418474e-17  7.13623916e-02]
 [ 1.00000000e+00 -3.37449367e-16  6.49376404e-02]
 [ 1.40000000e+01 -8.26276182e-17  6.54739720e-02]
 [ 1.80000000e+01 -4.63810277e-17  4.95220739e-02]
 [ 5.00000000e+00  4.38245931e-17  4.19723523e-02]
 [ 8.00000000e+00 -1.63246609e-16  2.77682963e-02]
 [ 9.00000000e+00  9.24881516e-17  2.87047760e-02]
 [ 7.00000000e+00  7.74234478e-17  1.84835976e-02]
 [ 1.00000000e+00 -3.37449367e-16  1.69191409e-02]
 [ 1.60000000e+01  1.25265295e-16  1.09929698e-02]
 [ 1.80000000e+01 -4.63810277e-17  6.31609017e-03]
 [ 8.00000000e+00 -1.63246609e-16  4.30145532e-03]
 [ 1.40000000e+01 -8.26276182e-17  3.82246449e-03]
 [ 7.00000000e+00  7.74234478e-17  1.99324157e-03]]
['S11'] [[ 1.10000000e+01  9.56836949e-17  1.65981291e-01]
 [ 1.60000000e+01  1.25265295e-16  7.77844544e-02]
 [ 9.00000000e+00  9.24881516e-17  6.48683869e-02]
 [ 1.40000000e+01 -8.26276182e-17  5.66024696e-02]
 [ 7.00000000e+00  7.74234478e-17  4.20276437e-02]
 [ 3.00000000e+00 -4.78418474e-17  4.46624654e-02]
 [ 1.20000000e+01  1.31473779e-17  3.15865976e-02]
 [ 1.10000000e+01  9.56836949e-17  5.67919161e-03]
 [ 7.00000000e+00  7.74234478e-17  4.49833328e-03]
 [ 1.10000000e+01  9.56836949e-17  1.87098982e-04]
 [ 1.20000000e+01  1.31473779e-17  7.79628755e-05]
 [ 7.00000000e+00  7.74234478e-17  4.05311584e-06]
 [ 1.10000000e+01  9.56836949e-17  4.05311584e-06]
 [ 7.00000000e+00  7.74234478e-17  1.19209290e-07]
 [ 1.10000000e+01  9.56836949e-17  5.96046448e-08]]
['S12'] [[ 1.10000000e+01  9.56836949e-17  1.65981291e-01]
 [ 4.00000000e+00 -2.51991410e-17  1.37022732e-01]
 [ 1.00000000e+00 -3.37449367e-16  1.23679629e-01]
 [ 1.90000000e+01  4.27289783e-17  7.37571158e-02]
 [ 7.00000000e+00  7.74234478e-17  6.64138402e-02]
 [ 1.40000000e+01 -8.26276182e-17  5.47283662e-02]
 [ 1.70000000e+01  1.19787221e-16  4.59126109e-02]
 [ 1.00000000e+00 -3.37449367e-16  9.34878405e-03]
 [ 4.00000000e+00 -2.51991410e-17  4.87069167e-03]
 [ 7.00000000e+00  7.74234478e-17  3.02279916e-03]
 [ 1.10000000e+01  9.56836949e-17  2.69163305e-03]
 [ 1.90000000e+01  4.27289783e-17  2.26051000e-03]
 [ 1.40000000e+01 -8.26276182e-17  1.78665113e-03]
 [ 1.70000000e+01  1.19787221e-16  7.56144668e-04]
 [ 1.00000000e+00 -3.37449367e-16  3.76582163e-04]]
['S13'] [[ 1.10000000e+01  9.56836949e-17  8.57357419e-02]
 [ 4.00000000e+00 -2.51991410e-17  7.37764131e-02]
 [ 1.20000000e+01  1.31473779e-17  7.37542991e-02]
 [ 1.90000000e+01  4.27289783e-17  4.62305006e-02]
 [ 1.40000000e+01 -8.26276182e-17  1.56092803e-02]
 [ 7.00000000e+00  7.74234478e-17  1.20243264e-02]
 [ 1.10000000e+01  9.56836949e-17  8.65916198e-03]
 [ 4.00000000e+00 -2.51991410e-17  1.65796432e-03]
 [ 1.10000000e+01  9.56836949e-17  1.45554544e-04]
 [ 7.00000000e+00  7.74234478e-17  8.84532931e-05]
 [ 4.00000000e+00 -2.51991410e-17  1.39474869e-05]
 [ 1.10000000e+01  9.56836949e-17  1.90734863e-06]
 [ 7.00000000e+00  7.74234478e-17  1.78813934e-07]
 [ 4.00000000e+00 -2.51991410e-17  2.38418579e-07]
 [ 1.10000000e+01  9.56836949e-17  5.96046448e-08]]
['S14'] [[ 4.00000000e+00 -2.51991410e-17  1.18979344e-01]
 [ 1.20000000e+01  1.31473779e-17  4.63896879e-02]
 [ 6.00000000e+00 -1.97210669e-17  2.75004670e-02]
 [ 1.90000000e+01  4.27289783e-17  1.74505541e-02]
 [ 1.00000000e+00 -3.37449367e-16  5.29121330e-03]
 [ 4.00000000e+00 -2.51991410e-17  3.60508335e-03]
 [ 1.00000000e+00 -3.37449367e-16  1.01149083e-04]
 [ 4.00000000e+00 -2.51991410e-17  2.86102295e-06]
 [ 1.00000000e+00 -3.37449367e-16  1.19209290e-07]
 [ 1.00000000e+00 -3.37449367e-16  0.00000000e+00]
 [ 1.00000000e+00 -3.37449367e-16  0.00000000e+00]
 [ 1.00000000e+00 -3.37449367e-16  0.00000000e+00]
 [ 1.00000000e+00 -3.37449367e-16  0.00000000e+00]
 [ 1.00000000e+00 -3.37449367e-16  0.00000000e+00]
 [ 1.00000000e+00 -3.37449367e-16  0.00000000e+00]]
['S15'] [[ 1.00000000e+00 -3.37449367e-16  1.05654502e-01]
 [ 8.00000000e+00 -1.63246609e-16  8.14119357e-02]
 [ 7.00000000e+00  7.74234478e-17  3.28474113e-02]
 [ 1.60000000e+01  1.25265295e-16  2.89356376e-02]
 [ 7.00000000e+00  7.74234478e-17  2.64269729e-03]
 [ 1.00000000e+00 -3.37449367e-16  1.18422564e-03]
 [ 1.60000000e+01  1.25265295e-16  2.03788283e-04]
 [ 7.00000000e+00  7.74234478e-17  3.66568566e-05]
 [ 1.60000000e+01  1.25265295e-16  3.39746475e-06]
 [ 7.00000000e+00  7.74234478e-17  3.57627869e-07]
 [ 7.00000000e+00  7.74234478e-17  0.00000000e+00]
 [ 7.00000000e+00  7.74234478e-17  0.00000000e+00]
 [ 7.00000000e+00  7.74234478e-17  0.00000000e+00]
 [ 7.00000000e+00  7.74234478e-17  0.00000000e+00]
 [ 7.00000000e+00  7.74234478e-17  0.00000000e+00]]
['S16'] [[ 1.20000000e+01  1.31473779e-17  6.58845663e-02]
 [ 8.00000000e+00 -1.63246609e-16  3.96661047e-02]
 [ 9.00000000e+00  9.24881516e-17  3.68370649e-02]
 [ 4.00000000e+00 -2.51991410e-17  2.43672069e-02]
 [ 1.90000000e+01  4.27289783e-17  1.39982306e-02]
 [ 8.00000000e+00 -1.63246609e-16  6.04225598e-03]
 [ 1.00000000e+00 -3.37449367e-16  3.71195591e-03]
 [ 9.00000000e+00  9.24881516e-17  1.40690896e-03]
 [ 4.00000000e+00 -2.51991410e-17  3.25322163e-04]
 [ 8.00000000e+00 -1.63246609e-16  2.31325630e-04]
 [ 1.20000000e+01  1.31473779e-17  1.61409379e-04]
 [ 9.00000000e+00  9.24881516e-17  5.06043435e-05]
 [ 4.00000000e+00 -2.51991410e-17  3.91006470e-05]
 [ 8.00000000e+00 -1.63246609e-16  1.06692314e-05]
 [ 9.00000000e+00  9.24881516e-17  4.29153442e-06]]
['S17'] [[ 4.00000000e+00 -2.51991410e-17  1.32346252e-01]
 [ 3.00000000e+00 -4.78418474e-17  7.76752572e-02]
 [ 7.00000000e+00  7.74234478e-17  6.46484798e-02]
 [ 1.70000000e+01  1.19787221e-16  5.80048533e-02]
 [ 1.50000000e+01  5.95284056e-17  5.52328919e-02]
 [ 9.00000000e+00  9.24881516e-17  4.80961576e-02]
 [ 1.80000000e+01 -4.63810277e-17  2.80434667e-02]
 [ 4.00000000e+00 -2.51991410e-17  1.64044312e-02]
 [ 6.00000000e+00 -1.97210669e-17  1.26274979e-02]
 [ 1.70000000e+01  1.19787221e-16  9.04948380e-03]
 [ 3.00000000e+00 -4.78418474e-17  6.73041969e-03]
 [ 1.00000000e+00 -3.37449367e-16  4.65497757e-03]
 [ 9.00000000e+00  9.24881516e-17  3.41476337e-03]
 [ 1.50000000e+01  5.95284056e-17  2.53934214e-03]
 [ 4.00000000e+00 -2.51991410e-17  2.25115203e-03]]
['S18'] [[ 1.00000000e+00 -3.37449367e-16  1.59226859e-01]
 [ 4.00000000e+00 -2.51991410e-17  1.26378802e-01]
 [ 1.60000000e+01  1.25265295e-16  8.01152192e-02]
 [ 1.80000000e+01 -4.63810277e-17  2.75827242e-02]
 [ 1.90000000e+01  4.27289783e-17  1.58595625e-02]
 [ 1.00000000e+00 -3.37449367e-16  6.31126200e-03]
 [ 4.00000000e+00 -2.51991410e-17  5.04343017e-03]
 [ 1.80000000e+01 -4.63810277e-17  1.82521546e-03]
 [ 1.00000000e+00 -3.37449367e-16  4.40120725e-04]
 [ 4.00000000e+00 -2.51991410e-17  1.71065332e-04]
 [ 1.80000000e+01 -4.63810277e-17  4.51207161e-05]
 [ 1.00000000e+00 -3.37449367e-16  1.38282776e-05]
 [ 4.00000000e+00 -2.51991410e-17  4.41074371e-06]
 [ 1.80000000e+01 -4.63810277e-17  1.31130219e-06]
 [ 1.00000000e+00 -3.37449367e-16  3.57627869e-07]]
['S19'] [[ 1.00000000e+00 -3.37449367e-16  1.59226859e-01]
 [ 1.40000000e+01 -8.26276182e-17  1.29988540e-01]
 [ 1.10000000e+01  9.56836949e-17  1.12520687e-01]
 [ 1.70000000e+01  1.19787221e-16  5.87632194e-02]
 [ 5.00000000e+00  4.38245931e-17  5.58360997e-02]
 [ 1.50000000e+01  5.95284056e-17  4.32453126e-02]
 [ 1.00000000e+00 -3.37449367e-16  2.09366271e-02]
 [ 1.70000000e+01  1.19787221e-16  1.33325012e-02]
 [ 5.00000000e+00  4.38245931e-17  4.24983676e-03]
 [ 1.50000000e+01  5.95284056e-17  2.89584016e-03]
 [ 1.70000000e+01  1.19787221e-16  9.95874734e-04]
 [ 1.00000000e+00 -3.37449367e-16  6.71744448e-04]
 [ 5.00000000e+00  4.38245931e-17  1.96993354e-04]
 [ 1.50000000e+01  5.95284056e-17  1.79946425e-04]
 [ 1.70000000e+01  1.19787221e-16  4.95314598e-05]]
['S2'] [[ 1.00000000e+00 -3.37449367e-16  7.91119395e-02]
 [ 1.40000000e+01 -8.26276182e-17  7.68057033e-02]
 [ 1.70000000e+01  1.19787221e-16  5.43222072e-02]
 [ 1.90000000e+01  4.27289783e-17  4.84502582e-02]
 [ 1.50000000e+01  5.95284056e-17  3.41967068e-02]
 [ 3.00000000e+00 -4.78418474e-17  2.23954800e-02]
 [ 8.00000000e+00 -1.63246609e-16  1.52752358e-02]
 [ 1.00000000e+00 -3.37449367e-16  9.33423924e-03]
 [ 1.70000000e+01  1.19787221e-16  5.33025544e-03]
 [ 8.00000000e+00 -1.63246609e-16  7.24554189e-04]
 [ 1.70000000e+01  1.19787221e-16  7.42673875e-05]
 [ 8.00000000e+00 -1.63246609e-16  7.56978989e-06]
 [ 1.70000000e+01  1.19787221e-16  8.94069672e-07]
 [ 8.00000000e+00 -1.63246609e-16  1.19209290e-07]
 [ 8.00000000e+00 -1.63246609e-16  0.00000000e+00]]
['S3'] [[ 1.90000000e+01  4.27289783e-17  7.91119395e-02]
 [ 9.00000000e+00  9.24881516e-17  5.28365960e-02]
 [ 1.10000000e+01  9.56836949e-17  4.85271499e-02]
 [ 1.80000000e+01 -4.63810277e-17  3.70277616e-02]
 [ 1.00000000e+00 -3.37449367e-16  1.98046824e-02]
 [ 1.70000000e+01  1.19787221e-16  1.55799477e-02]
 [ 9.00000000e+00  9.24881516e-17  5.87994676e-03]
 [ 1.80000000e+01 -4.63810277e-17  7.17163209e-04]
 [ 1.10000000e+01  9.56836949e-17  6.54280279e-04]
 [ 1.70000000e+01  1.19787221e-16  3.06546698e-04]
 [ 9.00000000e+00  9.24881516e-17  1.15633011e-04]
 [ 1.80000000e+01 -4.63810277e-17  3.86238098e-05]
 [ 1.10000000e+01  9.56836949e-17  9.29832459e-06]
 [ 1.70000000e+01  1.19787221e-16  4.70876694e-06]
 [ 9.00000000e+00  9.24881516e-17  4.64916229e-06]]
['S4'] [[ 1.10000000e+01  9.56836949e-17  1.65981291e-01]
 [ 1.00000000e+00 -3.37449367e-16  1.30591913e-01]
 [ 9.00000000e+00  9.24881516e-17  8.49862024e-02]
 [ 4.00000000e+00 -2.51991410e-17  3.48027724e-02]
 [ 5.00000000e+00  4.38245931e-17  3.44687051e-02]
 [ 1.90000000e+01  4.27289783e-17  2.61495096e-02]
 [ 1.00000000e+01 -6.39108649e-17  1.03024909e-02]
 [ 1.00000000e+00 -3.37449367e-16  6.66199049e-03]
 [ 9.00000000e+00  9.24881516e-17  1.59269706e-03]
 [ 5.00000000e+00  4.38245931e-17  5.29408504e-04]
 [ 1.00000000e+01 -6.39108649e-17  3.17692767e-04]
 [ 1.00000000e+00 -3.37449367e-16  1.29699708e-04]
 [ 9.00000000e+00  9.24881516e-17  5.18560410e-05]
 [ 1.00000000e+01 -6.39108649e-17  8.34465027e-06]
 [ 1.00000000e+00 -3.37449367e-16  1.84774399e-06]]
['S5'] [[ 1.00000000e+00 -3.37449367e-16  6.58846262e-02]
 [ 1.10000000e+01  9.56836949e-17  5.21251062e-02]
 [ 9.00000000e+00  9.24881516e-17  4.83684681e-02]
 [ 4.00000000e+00 -2.51991410e-17  4.91248574e-02]
 [ 8.00000000e+00 -1.63246609e-16  3.88169222e-02]
 [ 1.20000000e+01  1.31473779e-17  3.42850251e-02]
 [ 1.90000000e+01  4.27289783e-17  2.60984532e-02]
 [ 1.60000000e+01  1.25265295e-16  2.08984038e-02]
 [ 3.00000000e+00 -4.78418474e-17  9.09448901e-03]
 [ 1.10000000e+01  9.56836949e-17  7.99959080e-03]
 [ 4.00000000e+00 -2.51991410e-17  8.34716871e-03]
 [ 9.00000000e+00  9.24881516e-17  6.32449476e-03]
 [ 1.50000000e+01  5.95284056e-17  2.37966033e-03]
 [ 1.10000000e+01  9.56836949e-17  9.24706723e-04]
 [ 3.00000000e+00 -4.78418474e-17  5.58316766e-04]]
['S6'] [[ 1.20000000e+01  1.31473779e-17  6.58846262e-02]
 [ 7.00000000e+00  7.74234478e-17  4.94230073e-02]
 [ 1.60000000e+01  1.25265295e-16  5.25645214e-02]
 [ 1.90000000e+01  4.27289783e-17  4.88594576e-02]
 [ 4.00000000e+00 -2.51991410e-17  4.34917042e-02]
 [ 1.70000000e+01  1.19787221e-16  3.88474262e-02]
 [ 5.00000000e+00  4.38245931e-17  1.24567633e-02]
 [ 7.00000000e+00  7.74234478e-17  7.42359685e-03]
 [ 1.60000000e+01  1.25265295e-16  6.33027664e-03]
 [ 1.70000000e+01  1.19787221e-16  2.46125957e-03]
 [ 4.00000000e+00 -2.51991410e-17  1.26987764e-03]
 [ 5.00000000e+00  4.38245931e-17  8.05080111e-04]
 [ 7.00000000e+00  7.74234478e-17  6.82115661e-04]
 [ 8.00000000e+00 -1.63246609e-16  6.20246013e-04]
 [ 1.60000000e+01  1.25265295e-16  3.03626070e-04]]
['S7'] [[ 1.10000000e+01  9.56836949e-17  1.52486804e-01]
 [ 8.00000000e+00 -1.63246609e-16  7.58483207e-02]
 [ 4.00000000e+00 -2.51991410e-17  6.29701116e-02]
 [ 1.50000000e+01  5.95284056e-17  2.74661088e-02]
 [ 1.40000000e+01 -8.26276182e-17  1.79187161e-02]
 [ 8.00000000e+00 -1.63246609e-16  8.32344441e-03]
 [ 1.10000000e+01  9.56836949e-17  9.45031924e-04]
 [ 1.40000000e+01 -8.26276182e-17  1.86800959e-04]
 [ 1.40000000e+01 -8.26276182e-17  1.19209290e-07]
 [ 1.40000000e+01 -8.26276182e-17  0.00000000e+00]
 [ 1.40000000e+01 -8.26276182e-17  0.00000000e+00]
 [ 1.40000000e+01 -8.26276182e-17  0.00000000e+00]
 [ 1.40000000e+01 -8.26276182e-17  0.00000000e+00]
 [ 1.40000000e+01 -8.26276182e-17  0.00000000e+00]
 [ 1.40000000e+01 -8.26276182e-17  0.00000000e+00]]
['S8'] [[ 4.00000000e+00 -2.51991410e-17  6.58845663e-02]
 [ 1.40000000e+01 -8.26276182e-17  2.03471244e-02]
 [ 1.80000000e+01 -4.63810277e-17  1.65108543e-02]
 [ 1.00000000e+00 -3.37449367e-16  5.15620510e-03]
 [ 1.70000000e+01  1.19787221e-16  2.18290437e-03]
 [ 1.40000000e+01 -8.26276182e-17  1.28555369e-03]
 [ 1.80000000e+01 -4.63810277e-17  1.63614751e-04]
 [ 1.00000000e+00 -3.37449367e-16  1.58071519e-04]
 [ 1.70000000e+01  1.19787221e-16  2.74777412e-05]
 [ 1.40000000e+01 -8.26276182e-17  2.66432762e-05]
 [ 1.80000000e+01 -4.63810277e-17  6.91413879e-06]
 [ 1.00000000e+00 -3.37449367e-16  3.57627869e-06]
 [ 1.40000000e+01 -8.26276182e-17  7.15255737e-07]
 [ 1.70000000e+01  1.19787221e-16  4.76837158e-07]
 [ 1.80000000e+01 -4.63810277e-17  2.38418579e-07]]
['S9'] [[ 1.10000000e+01  9.56836949e-17  1.52486804e-01]
 [ 1.90000000e+01  4.27289783e-17  6.84566940e-02]
 [ 1.60000000e+01  1.25265295e-16  6.21354289e-02]
 [ 1.70000000e+01  1.19787221e-16  5.42045595e-02]
 [ 8.00000000e+00 -1.63246609e-16  5.57159811e-02]
 [ 4.00000000e+00 -2.51991410e-17  4.71526847e-02]
 [ 1.40000000e+01 -8.26276182e-17  3.32533448e-02]
 [ 6.00000000e+00 -1.97210669e-17  3.54062973e-02]
 [ 1.70000000e+01  1.19787221e-16  1.17630423e-02]
 [ 3.00000000e+00 -4.78418474e-17  1.08647449e-02]
 [ 5.00000000e+00  4.38245931e-17  8.47926195e-03]
 [ 1.40000000e+01 -8.26276182e-17  5.37299320e-03]
 [ 1.10000000e+01  9.56836949e-17  4.39408269e-03]
 [ 1.60000000e+01  1.25265295e-16  4.59602731e-03]
 [ 8.00000000e+00 -1.63246609e-16  3.75916344e-03]]
