['S1'] [[ 1.60000000e+01 -2.08166817e-16  0.00000000e+00  2.27531005e-01]
 [ 1.60000000e+01 -2.08166817e-16  0.00000000e+00  4.55062082e-01]
 [ 1.60000000e+01 -2.08166817e-16  0.00000000e+00  9.10124122e-01]
 [ 1.60000000e+01 -2.08166817e-16  0.00000000e+00  1.82024827e+00]
 [ 1.60000000e+01 -2.08166817e-16  0.00000000e+00  3.64049651e+00]
 [ 1.60000000e+01 -2.08166817e-16  0.00000000e+00  7.28099300e+00]
 [ 1.60000000e+01 -2.08166817e-16  0.00000000e+00  1.45619860e+01]
 [ 1.60000000e+01 -2.08166817e-16  0.00000000e+00  2.91239721e+01]
 [ 1.60000000e+01 -2.08166817e-16  0.00000000e+00  0.00000000e+00]
 [ 1.60000000e+01 -2.08166817e-16  0.00000000e+00  0.00000000e+00]]
['S10'] [[1.40000000e+01 4.82070524e-17 0.00000000e+00 2.27531005e-01]
 [1.40000000e+01 4.82070524e-17 0.00000000e+00 4.55062009e-01]
 [1.40000000e+01 4.82070524e-17 0.00000000e+00 9.10124060e-01]
 [1.40000000e+01 4.82070524e-17 0.00000000e+00 1.82024808e+00]
 [1.40000000e+01 4.82070524e-17 0.00000000e+00 3.64049617e+00]
 [1.40000000e+01 4.82070524e-17 0.00000000e+00 7.28099234e+00]
 [1.40000000e+01 4.82070524e-17 0.00000000e+00 1.45619847e+01]
 [1.40000000e+01 4.82070524e-17 0.00000000e+00 2.91239694e+01]
 [1.40000000e+01 4.82070524e-17 0.00000000e+00 0.00000000e+00]
 [1.40000000e+01 4.82070524e-17 0.00000000e+00 0.00000000e+00]]
['S11'] [[2.00000000e+00 2.33731163e-17 0.00000000e+00 1.93156325e-01]
 [2.00000000e+00 2.33731163e-17 0.00000000e+00 3.86312588e-01]
 [2.00000000e+00 2.33731163e-17 0.00000000e+00 7.72625180e-01]
 [2.00000000e+00 2.33731163e-17 0.00000000e+00 1.54525045e+00]
 [2.00000000e+00 2.33731163e-17 0.00000000e+00 3.09050088e+00]
 [2.00000000e+00 2.33731163e-17 0.00000000e+00 6.18100180e+00]
 [2.00000000e+00 2.33731163e-17 0.00000000e+00 1.23620036e+01]
 [2.00000000e+00 2.33731163e-17 0.00000000e+00 2.47240071e+01]
 [2.00000000e+00 2.33731163e-17 0.00000000e+00 4.92333728e+01]
 [2.00000000e+00 2.33731163e-17 0.00000000e+00 0.00000000e+00]]
['S12'] [[1.40000000e+01 4.82070524e-17 0.00000000e+00 1.99992782e-01]
 [1.40000000e+01 4.82070524e-17 0.00000000e+00 3.99985594e-01]
 [1.40000000e+01 4.82070524e-17 0.00000000e+00 7.99971179e-01]
 [1.40000000e+01 4.82070524e-17 0.00000000e+00 1.59994237e+00]
 [1.40000000e+01 4.82070524e-17 0.00000000e+00 3.19988475e+00]
 [1.40000000e+01 4.82070524e-17 0.00000000e+00 6.39976947e+00]
 [1.40000000e+01 4.82070524e-17 0.00000000e+00 1.27995390e+01]
 [1.40000000e+01 4.82070524e-17 0.00000000e+00 2.55990780e+01]
 [1.40000000e+01 4.82070524e-17 0.00000000e+00 0.00000000e+00]
 [1.40000000e+01 4.82070524e-17 0.00000000e+00 0.00000000e+00]]
['S13'] [[1.40000000e+01 4.82070524e-17 0.00000000e+00 1.72750764e-01]
 [1.40000000e+01 4.82070524e-17 0.00000000e+00 3.45501537e-01]
 [1.40000000e+01 4.82070524e-17 0.00000000e+00 6.91003138e-01]
 [1.40000000e+01 4.82070524e-17 0.00000000e+00 1.38200624e+00]
 [1.40000000e+01 4.82070524e-17 0.00000000e+00 2.76401249e+00]
 [1.40000000e+01 4.82070524e-17 0.00000000e+00 5.52802500e+00]
 [1.40000000e+01 4.82070524e-17 0.00000000e+00 1.10560500e+01]
 [1.40000000e+01 4.82070524e-17 0.00000000e+00 2.21121000e+01]
 [1.40000000e+01 4.82070524e-17 0.00000000e+00 4.42242030e+01]
 [1.40000000e+01 4.82070524e-17 0.00000000e+00 0.00000000e+00]]
['S14'] [[1.80000000e+01 1.79041723e-16 0.00000000e+00 1.93156325e-01]
 [1.80000000e+01 1.79041723e-16 0.00000000e+00 3.86312657e-01]
 [1.80000000e+01 1.79041723e-16 0.00000000e+00 7.72625386e-01]
 [1.80000000e+01 1.79041723e-16 0.00000000e+00 1.54525072e+00]
 [1.80000000e+01 1.79041723e-16 0.00000000e+00 3.09050144e+00]
 [1.80000000e+01 1.79041723e-16 0.00000000e+00 6.18100292e+00]
 [1.80000000e+01 1.79041723e-16 0.00000000e+00 1.23620058e+01]
 [1.80000000e+01 1.79041723e-16 0.00000000e+00 2.47240116e+01]
 [1.80000000e+01 1.79041723e-16 0.00000000e+00 4.92333728e+01]
 [1.80000000e+01 1.79041723e-16 0.00000000e+00 0.00000000e+00]]
['S15'] [[ 3.00000000e+00 -2.89242314e-16  0.00000000e+00  2.06847800e-01]
 [ 3.00000000e+00 -2.89242314e-16  0.00000000e+00  4.13695637e-01]
 [ 3.00000000e+00 -2.89242314e-16  0.00000000e+00  8.27391239e-01]
 [ 3.00000000e+00 -2.89242314e-16  0.00000000e+00  1.65478247e+00]
 [ 3.00000000e+00 -2.89242314e-16  0.00000000e+00  3.30956494e+00]
 [ 3.00000000e+00 -2.89242314e-16  0.00000000e+00  6.61912985e+00]
 [ 3.00000000e+00 -2.89242314e-16  0.00000000e+00  1.32382597e+01]
 [ 3.00000000e+00 -2.89242314e-16  0.00000000e+00  2.64765195e+01]
 [ 3.00000000e+00 -2.89242314e-16  0.00000000e+00  0.00000000e+00]
 [ 3.00000000e+00 -2.89242314e-16  0.00000000e+00  0.00000000e+00]]
['S16'] [[ 1.60000000e+01 -2.08166817e-16  0.00000000e+00  1.99992782e-01]
 [ 1.60000000e+01 -2.08166817e-16  0.00000000e+00  3.99985524e-01]
 [ 1.60000000e+01 -2.08166817e-16  0.00000000e+00  7.99971126e-01]
 [ 1.60000000e+01 -2.08166817e-16  0.00000000e+00  1.59994227e+00]
 [ 1.60000000e+01 -2.08166817e-16  0.00000000e+00  3.19988454e+00]
 [ 1.60000000e+01 -2.08166817e-16  0.00000000e+00  6.39976906e+00]
 [ 1.60000000e+01 -2.08166817e-16  0.00000000e+00  1.27995381e+01]
 [ 1.60000000e+01 -2.08166817e-16  0.00000000e+00  2.55990763e+01]
 [ 1.60000000e+01 -2.08166817e-16  0.00000000e+00  0.00000000e+00]
 [ 1.60000000e+01 -2.08166817e-16  0.00000000e+00  0.00000000e+00]]
['S17'] [[ 1.60000000e+01 -2.08166817e-16  0.00000000e+00  1.99992782e-01]
 [ 1.60000000e+01 -2.08166817e-16  0.00000000e+00  3.99985594e-01]
 [ 1.60000000e+01 -2.08166817e-16  0.00000000e+00  7.99971179e-01]
 [ 1.60000000e+01 -2.08166817e-16  0.00000000e+00  1.59994237e+00]
 [ 1.60000000e+01 -2.08166817e-16  0.00000000e+00  3.19988475e+00]
 [ 1.60000000e+01 -2.08166817e-16  0.00000000e+00  6.39976947e+00]
 [ 1.60000000e+01 -2.08166817e-16  0.00000000e+00  1.27995390e+01]
 [ 1.60000000e+01 -2.08166817e-16  0.00000000e+00  2.55990780e+01]
 [ 1.60000000e+01 -2.08166817e-16  0.00000000e+00  0.00000000e+00]
 [ 1.60000000e+01 -2.08166817e-16  0.00000000e+00  0.00000000e+00]]
['S18'] [[ 1.60000000e+01 -2.08166817e-16  0.00000000e+00  2.27531005e-01]
 [ 1.60000000e+01 -2.08166817e-16  0.00000000e+00  4.55062009e-01]
 [ 1.60000000e+01 -2.08166817e-16  0.00000000e+00  9.10124122e-01]
 [ 1.60000000e+01 -2.08166817e-16  0.00000000e+00  1.82024812e+00]
 [ 1.60000000e+01 -2.08166817e-16  0.00000000e+00  3.64049630e+00]
 [ 1.60000000e+01 -2.08166817e-16  0.00000000e+00  7.28099255e+00]
 [ 1.60000000e+01 -2.08166817e-16  0.00000000e+00  1.45619851e+01]
 [ 1.60000000e+01 -2.08166817e-16  0.00000000e+00  2.91239703e+01]
 [ 1.60000000e+01 -2.08166817e-16  0.00000000e+00  0.00000000e+00]
 [ 1.60000000e+01 -2.08166817e-16  0.00000000e+00  0.00000000e+00]]
['S19'] [[2.00000000e+00 2.33731163e-17 0.00000000e+00 2.06847800e-01]
 [2.00000000e+00 2.33731163e-17 0.00000000e+00 4.13695637e-01]
 [2.00000000e+00 2.33731163e-17 0.00000000e+00 8.27391239e-01]
 [2.00000000e+00 2.33731163e-17 0.00000000e+00 1.65478247e+00]
 [2.00000000e+00 2.33731163e-17 0.00000000e+00 3.30956494e+00]
 [2.00000000e+00 2.33731163e-17 0.00000000e+00 6.61912985e+00]
 [2.00000000e+00 2.33731163e-17 0.00000000e+00 1.32382598e+01]
 [2.00000000e+00 2.33731163e-17 0.00000000e+00 2.64765195e+01]
 [2.00000000e+00 2.33731163e-17 0.00000000e+00 0.00000000e+00]
 [2.00000000e+00 2.33731163e-17 0.00000000e+00 0.00000000e+00]]
['S2'] [[1.80000000e+01 1.79041723e-16 0.00000000e+00 2.20616173e-01]
 [1.80000000e+01 1.79041723e-16 0.00000000e+00 4.41232262e-01]
 [1.80000000e+01 1.79041723e-16 0.00000000e+00 8.82464573e-01]
 [1.80000000e+01 1.79041723e-16 0.00000000e+00 1.76492918e+00]
 [1.80000000e+01 1.79041723e-16 0.00000000e+00 3.52985836e+00]
 [1.80000000e+01 1.79041723e-16 0.00000000e+00 7.05971669e+00]
 [1.80000000e+01 1.79041723e-16 0.00000000e+00 1.41194334e+01]
 [1.80000000e+01 1.79041723e-16 0.00000000e+00 2.82388668e+01]
 [1.80000000e+01 1.79041723e-16 0.00000000e+00 0.00000000e+00]
 [1.80000000e+01 1.79041723e-16 0.00000000e+00 0.00000000e+00]]
['S3'] [[ 5.00000000e+00 -1.70915913e-16  0.00000000e+00  1.52486804e-01]
 [ 5.00000000e+00 -1.70915913e-16  0.00000000e+00  3.04973571e-01]
 [ 5.00000000e+00 -1.70915913e-16  0.00000000e+00  6.09947133e-01]
 [ 5.00000000e+00 -1.70915913e-16  0.00000000e+00  1.21989424e+00]
 [ 5.00000000e+00 -1.70915913e-16  0.00000000e+00  2.43978851e+00]
 [ 5.00000000e+00 -1.70915913e-16  0.00000000e+00  4.87957701e+00]
 [ 5.00000000e+00 -1.70915913e-16  0.00000000e+00  9.75915404e+00]
 [ 5.00000000e+00 -1.70915913e-16  0.00000000e+00  1.95183081e+01]
 [ 5.00000000e+00 -1.70915913e-16  0.00000000e+00  3.90366162e+01]
 [ 5.00000000e+00 -1.70915913e-16  0.00000000e+00  0.00000000e+00]]
['S4'] [[2.00000000e+00 2.33731163e-17 0.00000000e+00 2.20616173e-01]
 [2.00000000e+00 2.33731163e-17 0.00000000e+00 4.41232262e-01]
 [2.00000000e+00 2.33731163e-17 0.00000000e+00 8.82464573e-01]
 [2.00000000e+00 2.33731163e-17 0.00000000e+00 1.76492918e+00]
 [2.00000000e+00 2.33731163e-17 0.00000000e+00 3.52985832e+00]
 [2.00000000e+00 2.33731163e-17 0.00000000e+00 7.05971669e+00]
 [2.00000000e+00 2.33731163e-17 0.00000000e+00 1.41194334e+01]
 [2.00000000e+00 2.33731163e-17 0.00000000e+00 2.82388667e+01]
 [2.00000000e+00 2.33731163e-17 0.00000000e+00 0.00000000e+00]
 [2.00000000e+00 2.33731163e-17 0.00000000e+00 0.00000000e+00]]
['S5'] [[ 1.20000000e+01 -1.19056811e-16  0.00000000e+00  1.79536012e-01]
 [ 1.20000000e+01 -1.19056811e-16  0.00000000e+00  3.59072122e-01]
 [ 1.20000000e+01 -1.19056811e-16  0.00000000e+00  7.18144227e-01]
 [ 1.20000000e+01 -1.19056811e-16  0.00000000e+00  1.43628837e+00]
 [ 1.20000000e+01 -1.19056811e-16  0.00000000e+00  2.87257673e+00]
 [ 1.20000000e+01 -1.19056811e-16  0.00000000e+00  5.74515349e+00]
 [ 1.20000000e+01 -1.19056811e-16  0.00000000e+00  1.14903070e+01]
 [ 1.20000000e+01 -1.19056811e-16  0.00000000e+00  2.29806140e+01]
 [ 1.20000000e+01 -1.19056811e-16  0.00000000e+00  4.59613291e+01]
 [ 1.20000000e+01 -1.19056811e-16  0.00000000e+00  0.00000000e+00]]
['S6'] [[0.00000000e+00 1.54846896e-16 0.00000000e+00 1.79536073e-01]
 [0.00000000e+00 1.54846896e-16 0.00000000e+00 3.59072122e-01]
 [0.00000000e+00 1.54846896e-16 0.00000000e+00 7.18144227e-01]
 [0.00000000e+00 1.54846896e-16 0.00000000e+00 1.43628848e+00]
 [0.00000000e+00 1.54846896e-16 0.00000000e+00 2.87257695e+00]
 [0.00000000e+00 1.54846896e-16 0.00000000e+00 5.74515384e+00]
 [0.00000000e+00 1.54846896e-16 0.00000000e+00 1.14903077e+01]
 [0.00000000e+00 1.54846896e-16 0.00000000e+00 2.29806155e+01]
 [0.00000000e+00 1.54846896e-16 0.00000000e+00 4.59613291e+01]
 [0.00000000e+00 1.54846896e-16 0.00000000e+00 0.00000000e+00]]
['S7'] [[ 1.20000000e+01 -1.19056811e-16  0.00000000e+00  1.79536012e-01]
 [ 1.20000000e+01 -1.19056811e-16  0.00000000e+00  3.59072122e-01]
 [ 1.20000000e+01 -1.19056811e-16  0.00000000e+00  7.18144227e-01]
 [ 1.20000000e+01 -1.19056811e-16  0.00000000e+00  1.43628837e+00]
 [ 1.20000000e+01 -1.19056811e-16  0.00000000e+00  2.87257673e+00]
 [ 1.20000000e+01 -1.19056811e-16  0.00000000e+00  5.74515349e+00]
 [ 1.20000000e+01 -1.19056811e-16  0.00000000e+00  1.14903070e+01]
 [ 1.20000000e+01 -1.19056811e-16  0.00000000e+00  2.29806140e+01]
 [ 1.20000000e+01 -1.19056811e-16  0.00000000e+00  4.59613291e+01]
 [ 1.20000000e+01 -1.19056811e-16  0.00000000e+00  0.00000000e+00]]
['S8'] [[ 1.60000000e+01 -2.08166817e-16  0.00000000e+00  2.27531005e-01]
 [ 1.60000000e+01 -2.08166817e-16  0.00000000e+00  4.55062009e-01]
 [ 1.60000000e+01 -2.08166817e-16  0.00000000e+00  9.10124060e-01]
 [ 1.60000000e+01 -2.08166817e-16  0.00000000e+00  1.82024812e+00]
 [ 1.60000000e+01 -2.08166817e-16  0.00000000e+00  3.64049621e+00]
 [ 1.60000000e+01 -2.08166817e-16  0.00000000e+00  7.28099243e+00]
 [ 1.60000000e+01 -2.08166817e-16  0.00000000e+00  1.45619848e+01]
 [ 1.60000000e+01 -2.08166817e-16  0.00000000e+00  2.91239697e+01]
 [ 1.60000000e+01 -2.08166817e-16  0.00000000e+00  0.00000000e+00]
 [ 1.60000000e+01 -2.08166817e-16  0.00000000e+00  0.00000000e+00]]
['S9'] [[1.40000000e+01 4.82070524e-17 0.00000000e+00 2.27531005e-01]
 [1.40000000e+01 4.82070524e-17 0.00000000e+00 4.55062082e-01]
 [1.40000000e+01 4.82070524e-17 0.00000000e+00 9.10124122e-01]
 [1.40000000e+01 4.82070524e-17 0.00000000e+00 1.82024827e+00]
 [1.40000000e+01 4.82070524e-17 0.00000000e+00 3.64049651e+00]
 [1.40000000e+01 4.82070524e-17 0.00000000e+00 7.28099297e+00]
 [1.40000000e+01 4.82070524e-17 0.00000000e+00 1.45619860e+01]
 [1.40000000e+01 4.82070524e-17 0.00000000e+00 2.91239720e+01]
 [1.40000000e+01 4.82070524e-17 0.00000000e+00 0.00000000e+00]
 [1.40000000e+01 4.82070524e-17 0.00000000e+00 0.00000000e+00]]
