['S1'] [[2.00000000e+00 8.03450873e-17 0.00000000e+00 2.69498196e-01]
 [2.00000000e+00 8.03450873e-17 0.00000000e+00 5.38996412e-01]
 [2.00000000e+00 8.03450873e-17 0.00000000e+00 1.07799284e+00]
 [2.00000000e+00 8.03450873e-17 0.00000000e+00 2.15598568e+00]
 [2.00000000e+00 8.03450873e-17 0.00000000e+00 4.31197138e+00]
 [2.00000000e+00 8.03450873e-17 0.00000000e+00 8.62394278e+00]
 [2.00000000e+00 8.03450873e-17 0.00000000e+00 1.72478855e+01]
 [2.00000000e+00 8.03450873e-17 0.00000000e+00 3.44957711e+01]
 [2.00000000e+00 8.03450873e-17 0.00000000e+00 0.00000000e+00]
 [2.00000000e+00 8.03450873e-17 0.00000000e+00 0.00000000e+00]]
['S10'] [[ 5.00000000e+00 -1.60690175e-17  0.00000000e+00  2.06847800e-01]
 [ 5.00000000e+00 -1.60690175e-17  0.00000000e+00  4.13695637e-01]
 [ 5.00000000e+00 -1.60690175e-17  0.00000000e+00  8.27391239e-01]
 [ 5.00000000e+00 -1.60690175e-17  0.00000000e+00  1.65478247e+00]
 [ 5.00000000e+00 -1.60690175e-17  0.00000000e+00  3.30956494e+00]
 [ 5.00000000e+00 -1.60690175e-17  0.00000000e+00  6.61912985e+00]
 [ 5.00000000e+00 -1.60690175e-17  0.00000000e+00  1.32382598e+01]
 [ 5.00000000e+00 -1.60690175e-17  0.00000000e+00  2.64765195e+01]
 [ 5.00000000e+00 -1.60690175e-17  0.00000000e+00  0.00000000e+00]
 [ 5.00000000e+00 -1.60690175e-17  0.00000000e+00  0.00000000e+00]]
['S11'] [[ 5.00000000e+00 -1.60690175e-17  0.00000000e+00  1.93156325e-01]
 [ 5.00000000e+00 -1.60690175e-17  0.00000000e+00  3.86312588e-01]
 [ 5.00000000e+00 -1.60690175e-17  0.00000000e+00  7.72625180e-01]
 [ 5.00000000e+00 -1.60690175e-17  0.00000000e+00  1.54525049e+00]
 [ 5.00000000e+00 -1.60690175e-17  0.00000000e+00  3.09050099e+00]
 [ 5.00000000e+00 -1.60690175e-17  0.00000000e+00  6.18100191e+00]
 [ 5.00000000e+00 -1.60690175e-17  0.00000000e+00  1.23620039e+01]
 [ 5.00000000e+00 -1.60690175e-17  0.00000000e+00  2.47240077e+01]
 [ 5.00000000e+00 -1.60690175e-17  0.00000000e+00  4.92333728e+01]
 [ 5.00000000e+00 -1.60690175e-17  0.00000000e+00  0.00000000e+00]]
['S12'] [[ 4.00000000e+00 -1.22161053e-16  0.00000000e+00  1.86337594e-01]
 [ 4.00000000e+00 -1.22161053e-16  0.00000000e+00  3.72675243e-01]
 [ 4.00000000e+00 -1.22161053e-16  0.00000000e+00  7.45350441e-01]
 [ 4.00000000e+00 -1.22161053e-16  0.00000000e+00  1.49070092e+00]
 [ 4.00000000e+00 -1.22161053e-16  0.00000000e+00  2.98140180e+00]
 [ 4.00000000e+00 -1.22161053e-16  0.00000000e+00  5.96280366e+00]
 [ 4.00000000e+00 -1.22161053e-16  0.00000000e+00  1.19256073e+01]
 [ 4.00000000e+00 -1.22161053e-16  0.00000000e+00  2.38512147e+01]
 [ 4.00000000e+00 -1.22161053e-16  0.00000000e+00  4.77070630e+01]
 [ 4.00000000e+00 -1.22161053e-16  0.00000000e+00  0.00000000e+00]]
['S13'] [[9.00000000e+00 5.87523451e-17 1.00000000e+00 1.52486743e-01]
 [2.00000000e+00 8.03450873e-17 0.00000000e+00 1.50268194e-01]
 [2.00000000e+00 8.03450873e-17 0.00000000e+00 3.00536405e-01]
 [2.00000000e+00 8.03450873e-17 0.00000000e+00 6.01072833e-01]
 [2.00000000e+00 8.03450873e-17 0.00000000e+00 1.20214567e+00]
 [2.00000000e+00 8.03450873e-17 0.00000000e+00 2.40429136e+00]
 [2.00000000e+00 8.03450873e-17 0.00000000e+00 4.80858269e+00]
 [2.00000000e+00 8.03450873e-17 0.00000000e+00 9.61716535e+00]
 [2.00000000e+00 8.03450873e-17 0.00000000e+00 1.92343307e+01]
 [2.00000000e+00 8.03450873e-17 0.00000000e+00 3.84686613e+01]]
['S14'] [[2.00000000e+00 8.03450873e-17 0.00000000e+00 2.27531005e-01]
 [2.00000000e+00 8.03450873e-17 0.00000000e+00 4.55062009e-01]
 [2.00000000e+00 8.03450873e-17 0.00000000e+00 9.10124060e-01]
 [2.00000000e+00 8.03450873e-17 0.00000000e+00 1.82024812e+00]
 [2.00000000e+00 8.03450873e-17 0.00000000e+00 3.64049621e+00]
 [2.00000000e+00 8.03450873e-17 0.00000000e+00 7.28099246e+00]
 [2.00000000e+00 8.03450873e-17 0.00000000e+00 1.45619849e+01]
 [2.00000000e+00 8.03450873e-17 0.00000000e+00 2.91239698e+01]
 [2.00000000e+00 8.03450873e-17 0.00000000e+00 0.00000000e+00]
 [2.00000000e+00 8.03450873e-17 0.00000000e+00 0.00000000e+00]]
['S15'] [[ 4.00000000e+00 -1.22161053e-16  0.00000000e+00  1.72750764e-01]
 [ 4.00000000e+00 -1.22161053e-16  0.00000000e+00  3.45501604e-01]
 [ 4.00000000e+00 -1.22161053e-16  0.00000000e+00  6.91003184e-01]
 [ 4.00000000e+00 -1.22161053e-16  0.00000000e+00  1.38200634e+00]
 [ 4.00000000e+00 -1.22161053e-16  0.00000000e+00  2.76401273e+00]
 [ 4.00000000e+00 -1.22161053e-16  0.00000000e+00  5.52802541e+00]
 [ 4.00000000e+00 -1.22161053e-16  0.00000000e+00  1.10560509e+01]
 [ 4.00000000e+00 -1.22161053e-16  0.00000000e+00  2.21121017e+01]
 [ 4.00000000e+00 -1.22161053e-16  0.00000000e+00  4.42242030e+01]
 [ 4.00000000e+00 -1.22161053e-16  0.00000000e+00  0.00000000e+00]]
['S16'] [[2.00000000e+00 8.03450873e-17 0.00000000e+00 2.83688852e-01]
 [2.00000000e+00 8.03450873e-17 0.00000000e+00 5.67377764e-01]
 [2.00000000e+00 8.03450873e-17 0.00000000e+00 1.13475552e+00]
 [2.00000000e+00 8.03450873e-17 0.00000000e+00 2.26951102e+00]
 [2.00000000e+00 8.03450873e-17 0.00000000e+00 4.53902205e+00]
 [2.00000000e+00 8.03450873e-17 0.00000000e+00 9.07804412e+00]
 [2.00000000e+00 8.03450873e-17 0.00000000e+00 1.81560882e+01]
 [2.00000000e+00 8.03450873e-17 0.00000000e+00 3.63121765e+01]
 [2.00000000e+00 8.03450873e-17 0.00000000e+00 0.00000000e+00]
 [2.00000000e+00 8.03450873e-17 0.00000000e+00 0.00000000e+00]]
['S17'] [[ 4.00000000e+00 -1.22161053e-16  0.00000000e+00  1.99992782e-01]
 [ 4.00000000e+00 -1.22161053e-16  0.00000000e+00  3.99985524e-01]
 [ 4.00000000e+00 -1.22161053e-16  0.00000000e+00  7.99971179e-01]
 [ 4.00000000e+00 -1.22161053e-16  0.00000000e+00  1.59994232e+00]
 [ 4.00000000e+00 -1.22161053e-16  0.00000000e+00  3.19988461e+00]
 [ 4.00000000e+00 -1.22161053e-16  0.00000000e+00  6.39976923e+00]
 [ 4.00000000e+00 -1.22161053e-16  0.00000000e+00  1.27995384e+01]
 [ 4.00000000e+00 -1.22161053e-16  0.00000000e+00  2.55990769e+01]
 [ 4.00000000e+00 -1.22161053e-16  0.00000000e+00  0.00000000e+00]
 [ 4.00000000e+00 -1.22161053e-16  0.00000000e+00  0.00000000e+00]]
['S18'] [[6.00000000e+00 1.76759192e-16 0.00000000e+00 1.18979344e-01]
 [6.00000000e+00 1.76759192e-16 0.00000000e+00 2.37958731e-01]
 [6.00000000e+00 1.76759192e-16 0.00000000e+00 4.75917360e-01]
 [6.00000000e+00 1.76759192e-16 0.00000000e+00 9.51834777e-01]
 [6.00000000e+00 1.76759192e-16 0.00000000e+00 1.90366947e+00]
 [6.00000000e+00 1.76759192e-16 0.00000000e+00 3.80733898e+00]
 [6.00000000e+00 1.76759192e-16 0.00000000e+00 7.61467794e+00]
 [6.00000000e+00 1.76759192e-16 0.00000000e+00 1.52293559e+01]
 [6.00000000e+00 1.76759192e-16 0.00000000e+00 3.04587119e+01]
 [6.00000000e+00 1.76759192e-16 0.00000000e+00 0.00000000e+00]]
['S19'] [[2.00000000e+00 8.03450873e-17 0.00000000e+00 2.27531005e-01]
 [2.00000000e+00 8.03450873e-17 0.00000000e+00 4.55062082e-01]
 [2.00000000e+00 8.03450873e-17 0.00000000e+00 9.10124122e-01]
 [2.00000000e+00 8.03450873e-17 0.00000000e+00 1.82024827e+00]
 [2.00000000e+00 8.03450873e-17 0.00000000e+00 3.64049651e+00]
 [2.00000000e+00 8.03450873e-17 0.00000000e+00 7.28099300e+00]
 [2.00000000e+00 8.03450873e-17 0.00000000e+00 1.45619860e+01]
 [2.00000000e+00 8.03450873e-17 0.00000000e+00 2.91239720e+01]
 [2.00000000e+00 8.03450873e-17 0.00000000e+00 0.00000000e+00]
 [2.00000000e+00 8.03450873e-17 0.00000000e+00 0.00000000e+00]]
['S2'] [[2.00000000e+00 8.03450873e-17 0.00000000e+00 2.27531005e-01]
 [2.00000000e+00 8.03450873e-17 0.00000000e+00 4.55062082e-01]
 [2.00000000e+00 8.03450873e-17 0.00000000e+00 9.10124122e-01]
 [2.00000000e+00 8.03450873e-17 0.00000000e+00 1.82024827e+00]
 [2.00000000e+00 8.03450873e-17 0.00000000e+00 3.64049651e+00]
 [2.00000000e+00 8.03450873e-17 0.00000000e+00 7.28099300e+00]
 [2.00000000e+00 8.03450873e-17 0.00000000e+00 1.45619860e+01]
 [2.00000000e+00 8.03450873e-17 0.00000000e+00 2.91239720e+01]
 [2.00000000e+00 8.03450873e-17 0.00000000e+00 0.00000000e+00]
 [2.00000000e+00 8.03450873e-17 0.00000000e+00 0.00000000e+00]]
['S3'] [[ 5.00000000e+00 -1.60690175e-17  0.00000000e+00  1.93156325e-01]
 [ 5.00000000e+00 -1.60690175e-17  0.00000000e+00  3.86312657e-01]
 [ 5.00000000e+00 -1.60690175e-17  0.00000000e+00  7.72625386e-01]
 [ 5.00000000e+00 -1.60690175e-17  0.00000000e+00  1.54525072e+00]
 [ 5.00000000e+00 -1.60690175e-17  0.00000000e+00  3.09050144e+00]
 [ 5.00000000e+00 -1.60690175e-17  0.00000000e+00  6.18100287e+00]
 [ 5.00000000e+00 -1.60690175e-17  0.00000000e+00  1.23620058e+01]
 [ 5.00000000e+00 -1.60690175e-17  0.00000000e+00  2.47240114e+01]
 [ 5.00000000e+00 -1.60690175e-17  0.00000000e+00  4.92333728e+01]
 [ 5.00000000e+00 -1.60690175e-17  0.00000000e+00  0.00000000e+00]]
['S4'] [[2.00000000e+00 8.03450873e-17 0.00000000e+00 3.12413944e-01]
 [2.00000000e+00 8.03450873e-17 0.00000000e+00 6.24827910e-01]
 [2.00000000e+00 8.03450873e-17 0.00000000e+00 1.24965584e+00]
 [2.00000000e+00 8.03450873e-17 0.00000000e+00 2.49931168e+00]
 [2.00000000e+00 8.03450873e-17 0.00000000e+00 4.99862331e+00]
 [2.00000000e+00 8.03450873e-17 0.00000000e+00 9.99724666e+00]
 [2.00000000e+00 8.03450873e-17 0.00000000e+00 1.99944933e+01]
 [2.00000000e+00 8.03450873e-17 0.00000000e+00 3.99889866e+01]
 [2.00000000e+00 8.03450873e-17 0.00000000e+00 0.00000000e+00]
 [2.00000000e+00 8.03450873e-17 0.00000000e+00 0.00000000e+00]]
['S5'] [[2.00000000e+00 8.03450873e-17 0.00000000e+00 1.59226859e-01]
 [2.00000000e+00 8.03450873e-17 0.00000000e+00 3.18453713e-01]
 [2.00000000e+00 8.03450873e-17 0.00000000e+00 6.36907482e-01]
 [2.00000000e+00 8.03450873e-17 0.00000000e+00 1.27381489e+00]
 [2.00000000e+00 8.03450873e-17 0.00000000e+00 2.54762984e+00]
 [2.00000000e+00 8.03450873e-17 0.00000000e+00 5.09525966e+00]
 [2.00000000e+00 8.03450873e-17 0.00000000e+00 1.01905193e+01]
 [2.00000000e+00 8.03450873e-17 0.00000000e+00 2.03810386e+01]
 [2.00000000e+00 8.03450873e-17 0.00000000e+00 4.07620771e+01]
 [2.00000000e+00 8.03450873e-17 0.00000000e+00 0.00000000e+00]]
['S6'] [[2.00000000e+00 8.03450873e-17 0.00000000e+00 1.72750825e-01]
 [2.00000000e+00 8.03450873e-17 0.00000000e+00 3.45501604e-01]
 [2.00000000e+00 8.03450873e-17 0.00000000e+00 6.91003277e-01]
 [2.00000000e+00 8.03450873e-17 0.00000000e+00 1.38200650e+00]
 [2.00000000e+00 8.03450873e-17 0.00000000e+00 2.76401302e+00]
 [2.00000000e+00 8.03450873e-17 0.00000000e+00 5.52802604e+00]
 [2.00000000e+00 8.03450873e-17 0.00000000e+00 1.10560521e+01]
 [2.00000000e+00 8.03450873e-17 0.00000000e+00 2.21121042e+01]
 [2.00000000e+00 8.03450873e-17 0.00000000e+00 4.42242030e+01]
 [2.00000000e+00 8.03450873e-17 0.00000000e+00 0.00000000e+00]]
['S7'] [[ 1.00000000e+00 -1.06639843e-16  0.00000000e+00  1.72750825e-01]
 [ 1.00000000e+00 -1.06639843e-16  0.00000000e+00  3.45501604e-01]
 [ 1.00000000e+00 -1.06639843e-16  0.00000000e+00  6.91003277e-01]
 [ 1.00000000e+00 -1.06639843e-16  0.00000000e+00  1.38200654e+00]
 [ 1.00000000e+00 -1.06639843e-16  0.00000000e+00  2.76401308e+00]
 [ 1.00000000e+00 -1.06639843e-16  0.00000000e+00  5.52802616e+00]
 [ 1.00000000e+00 -1.06639843e-16  0.00000000e+00  1.10560523e+01]
 [ 1.00000000e+00 -1.06639843e-16  0.00000000e+00  2.21121046e+01]
 [ 1.00000000e+00 -1.06639843e-16  0.00000000e+00  4.42242030e+01]
 [ 1.00000000e+00 -1.06639843e-16  0.00000000e+00  0.00000000e+00]]
['S8'] [[2.00000000e+00 8.03450873e-17 0.00000000e+00 3.12413944e-01]
 [2.00000000e+00 8.03450873e-17 0.00000000e+00 6.24827910e-01]
 [2.00000000e+00 8.03450873e-17 0.00000000e+00 1.24965584e+00]
 [2.00000000e+00 8.03450873e-17 0.00000000e+00 2.49931168e+00]
 [2.00000000e+00 8.03450873e-17 0.00000000e+00 4.99862335e+00]
 [2.00000000e+00 8.03450873e-17 0.00000000e+00 9.99724672e+00]
 [2.00000000e+00 8.03450873e-17 0.00000000e+00 1.99944934e+01]
 [2.00000000e+00 8.03450873e-17 0.00000000e+00 3.99889868e+01]
 [2.00000000e+00 8.03450873e-17 0.00000000e+00 0.00000000e+00]
 [2.00000000e+00 8.03450873e-17 0.00000000e+00 0.00000000e+00]]
['S9'] [[ 5.00000000e+00 -1.60690175e-17  0.00000000e+00  1.93156325e-01]
 [ 5.00000000e+00 -1.60690175e-17  0.00000000e+00  3.86312657e-01]
 [ 5.00000000e+00 -1.60690175e-17  0.00000000e+00  7.72625386e-01]
 [ 5.00000000e+00 -1.60690175e-17  0.00000000e+00  1.54525072e+00]
 [ 5.00000000e+00 -1.60690175e-17  0.00000000e+00  3.09050144e+00]
 [ 5.00000000e+00 -1.60690175e-17  0.00000000e+00  6.18100287e+00]
 [ 5.00000000e+00 -1.60690175e-17  0.00000000e+00  1.23620058e+01]
 [ 5.00000000e+00 -1.60690175e-17  0.00000000e+00  2.47240114e+01]
 [ 5.00000000e+00 -1.60690175e-17  0.00000000e+00  4.92333728e+01]
 [ 5.00000000e+00 -1.60690175e-17  0.00000000e+00  0.00000000e+00]]
