['S1'] [[1.71430000e+04 4.94693221e-03 0.00000000e+00 1.14409818e+00]
 [1.71430000e+04 4.94693221e-03 0.00000000e+00 2.28819637e+00]
 [1.71430000e+04 4.94693221e-03 0.00000000e+00 4.57639270e+00]
 [1.71430000e+04 4.94693221e-03 0.00000000e+00 9.15278543e+00]
 [1.71430000e+04 4.94693221e-03 0.00000000e+00 1.83055709e+01]
 [1.71430000e+04 4.94693221e-03 0.00000000e+00 3.66111417e+01]
 [1.71430000e+04 4.94693221e-03 0.00000000e+00 0.00000000e+00]
 [1.71430000e+04 4.94693221e-03 0.00000000e+00 0.00000000e+00]
 [1.71430000e+04 4.94693221e-03 0.00000000e+00 0.00000000e+00]
 [1.71430000e+04 4.94693221e-03 0.00000000e+00 0.00000000e+00]]
['S10'] [[1.54470000e+04 3.25894420e-03 0.00000000e+00 1.10596538e+00]
 [1.54470000e+04 3.25894420e-03 0.00000000e+00 2.21193074e+00]
 [1.54470000e+04 3.25894420e-03 0.00000000e+00 4.42386150e+00]
 [1.54470000e+04 3.25894420e-03 0.00000000e+00 8.84772297e+00]
 [1.54470000e+04 3.25894420e-03 0.00000000e+00 1.76954460e+01]
 [1.54470000e+04 3.25894420e-03 0.00000000e+00 3.53908919e+01]
 [1.54470000e+04 3.25894420e-03 0.00000000e+00 0.00000000e+00]
 [1.54470000e+04 3.25894420e-03 0.00000000e+00 0.00000000e+00]
 [1.54470000e+04 3.25894420e-03 0.00000000e+00 0.00000000e+00]
 [1.54470000e+04 3.25894420e-03 0.00000000e+00 0.00000000e+00]]
['S11'] [[1.45190000e+04 2.72147374e-03 0.00000000e+00 1.12473767e+00]
 [1.45190000e+04 2.72147374e-03 0.00000000e+00 2.24947530e+00]
 [1.45190000e+04 2.72147374e-03 0.00000000e+00 4.49895061e+00]
 [1.45190000e+04 2.72147374e-03 0.00000000e+00 8.99790120e+00]
 [1.45190000e+04 2.72147374e-03 0.00000000e+00 1.79958024e+01]
 [1.45190000e+04 2.72147374e-03 0.00000000e+00 3.59916047e+01]
 [1.45190000e+04 2.72147374e-03 0.00000000e+00 0.00000000e+00]
 [1.45190000e+04 2.72147374e-03 0.00000000e+00 0.00000000e+00]
 [1.45190000e+04 2.72147374e-03 0.00000000e+00 0.00000000e+00]
 [1.45190000e+04 2.72147374e-03 0.00000000e+00 0.00000000e+00]]
['S12'] [[1.54470000e+04 3.25894420e-03 0.00000000e+00 1.10596538e+00]
 [1.54470000e+04 3.25894420e-03 0.00000000e+00 2.21193074e+00]
 [1.54470000e+04 3.25894420e-03 0.00000000e+00 4.42386150e+00]
 [1.54470000e+04 3.25894420e-03 0.00000000e+00 8.84772297e+00]
 [1.54470000e+04 3.25894420e-03 0.00000000e+00 1.76954460e+01]
 [1.54470000e+04 3.25894420e-03 0.00000000e+00 3.53908919e+01]
 [1.54470000e+04 3.25894420e-03 0.00000000e+00 0.00000000e+00]
 [1.54470000e+04 3.25894420e-03 0.00000000e+00 0.00000000e+00]
 [1.54470000e+04 3.25894420e-03 0.00000000e+00 0.00000000e+00]
 [1.54470000e+04 3.25894420e-03 0.00000000e+00 0.00000000e+00]]
['S13'] [[1.42630000e+04 5.97471542e-03 0.00000000e+00 1.22836786e+00]
 [1.42630000e+04 5.97471542e-03 0.00000000e+00 2.45673576e+00]
 [1.42630000e+04 5.97471542e-03 0.00000000e+00 4.91347151e+00]
 [1.42630000e+04 5.97471542e-03 0.00000000e+00 9.82694300e+00]
 [1.42630000e+04 5.97471542e-03 0.00000000e+00 1.96538860e+01]
 [1.42630000e+04 5.97471542e-03 0.00000000e+00 3.93077721e+01]
 [1.42630000e+04 5.97471542e-03 0.00000000e+00 0.00000000e+00]
 [1.42630000e+04 5.97471542e-03 0.00000000e+00 0.00000000e+00]
 [1.42630000e+04 5.97471542e-03 0.00000000e+00 0.00000000e+00]
 [1.42630000e+04 5.97471542e-03 0.00000000e+00 0.00000000e+00]]
['S14'] [[1.73990000e+04 2.99530001e-03 0.00000000e+00 1.16409030e+00]
 [1.73990000e+04 2.99530001e-03 0.00000000e+00 2.32818059e+00]
 [1.73990000e+04 2.99530001e-03 0.00000000e+00 4.65636117e+00]
 [1.73990000e+04 2.99530001e-03 0.00000000e+00 9.31272238e+00]
 [1.73990000e+04 2.99530001e-03 0.00000000e+00 1.86254448e+01]
 [1.73990000e+04 2.99530001e-03 0.00000000e+00 3.72508896e+01]
 [1.73990000e+04 2.99530001e-03 0.00000000e+00 0.00000000e+00]
 [1.73990000e+04 2.99530001e-03 0.00000000e+00 0.00000000e+00]
 [1.73990000e+04 2.99530001e-03 0.00000000e+00 0.00000000e+00]
 [1.73990000e+04 2.99530001e-03 0.00000000e+00 0.00000000e+00]]
['S15'] [[1.54470000e+04 3.25894420e-03 0.00000000e+00 1.10596538e+00]
 [1.54470000e+04 3.25894420e-03 0.00000000e+00 2.21193074e+00]
 [1.54470000e+04 3.25894420e-03 0.00000000e+00 4.42386150e+00]
 [1.54470000e+04 3.25894420e-03 0.00000000e+00 8.84772306e+00]
 [1.54470000e+04 3.25894420e-03 0.00000000e+00 1.76954460e+01]
 [1.54470000e+04 3.25894420e-03 0.00000000e+00 3.53908921e+01]
 [1.54470000e+04 3.25894420e-03 0.00000000e+00 0.00000000e+00]
 [1.54470000e+04 3.25894420e-03 0.00000000e+00 0.00000000e+00]
 [1.54470000e+04 3.25894420e-03 0.00000000e+00 0.00000000e+00]
 [1.54470000e+04 3.25894420e-03 0.00000000e+00 0.00000000e+00]]
['S16'] [[1.54470000e+04 3.25894420e-03 0.00000000e+00 1.18476228e+00]
 [1.54470000e+04 3.25894420e-03 0.00000000e+00 2.36952458e+00]
 [1.54470000e+04 3.25894420e-03 0.00000000e+00 4.73904911e+00]
 [1.54470000e+04 3.25894420e-03 0.00000000e+00 9.47809824e+00]
 [1.54470000e+04 3.25894420e-03 0.00000000e+00 1.89561965e+01]
 [1.54470000e+04 3.25894420e-03 0.00000000e+00 3.79123930e+01]
 [1.54470000e+04 3.25894420e-03 0.00000000e+00 0.00000000e+00]
 [1.54470000e+04 3.25894420e-03 0.00000000e+00 0.00000000e+00]
 [1.54470000e+04 3.25894420e-03 0.00000000e+00 0.00000000e+00]
 [1.54470000e+04 3.25894420e-03 0.00000000e+00 0.00000000e+00]]
['S17'] [[1.54470000e+04 3.25894420e-03 0.00000000e+00 1.27543231e+00]
 [1.54470000e+04 3.25894420e-03 0.00000000e+00 2.55086466e+00]
 [1.54470000e+04 3.25894420e-03 0.00000000e+00 5.10172929e+00]
 [1.54470000e+04 3.25894420e-03 0.00000000e+00 1.02034586e+01]
 [1.54470000e+04 3.25894420e-03 0.00000000e+00 2.04069171e+01]
 [1.54470000e+04 3.25894420e-03 0.00000000e+00 4.08138342e+01]
 [1.54470000e+04 3.25894420e-03 0.00000000e+00 0.00000000e+00]
 [1.54470000e+04 3.25894420e-03 0.00000000e+00 0.00000000e+00]
 [1.54470000e+04 3.25894420e-03 0.00000000e+00 0.00000000e+00]
 [1.54470000e+04 3.25894420e-03 0.00000000e+00 0.00000000e+00]]
['S18'] [[1.71430000e+04 4.94693221e-03 0.00000000e+00 1.10596538e+00]
 [1.71430000e+04 4.94693221e-03 0.00000000e+00 2.21193074e+00]
 [1.71430000e+04 4.94693221e-03 0.00000000e+00 4.42386145e+00]
 [1.71430000e+04 4.94693221e-03 0.00000000e+00 8.84772297e+00]
 [1.71430000e+04 4.94693221e-03 0.00000000e+00 1.76954459e+01]
 [1.71430000e+04 4.94693221e-03 0.00000000e+00 3.53908918e+01]
 [1.71430000e+04 4.94693221e-03 0.00000000e+00 0.00000000e+00]
 [1.71430000e+04 4.94693221e-03 0.00000000e+00 0.00000000e+00]
 [1.71430000e+04 4.94693221e-03 0.00000000e+00 0.00000000e+00]
 [1.71430000e+04 4.94693221e-03 0.00000000e+00 0.00000000e+00]]
['S19'] [[1.61850000e+04 5.91950143e-03 0.00000000e+00 1.14409818e+00]
 [1.61850000e+04 5.91950143e-03 0.00000000e+00 2.28819637e+00]
 [1.61850000e+04 5.91950143e-03 0.00000000e+00 4.57639273e+00]
 [1.61850000e+04 5.91950143e-03 0.00000000e+00 9.15278547e+00]
 [1.61850000e+04 5.91950143e-03 0.00000000e+00 1.83055709e+01]
 [1.61850000e+04 5.91950143e-03 0.00000000e+00 3.66111418e+01]
 [1.61850000e+04 5.91950143e-03 0.00000000e+00 0.00000000e+00]
 [1.61850000e+04 5.91950143e-03 0.00000000e+00 0.00000000e+00]
 [1.61850000e+04 5.91950143e-03 0.00000000e+00 0.00000000e+00]
 [1.61850000e+04 5.91950143e-03 0.00000000e+00 0.00000000e+00]]
['S2'] [[1.71430000e+04 4.94693221e-03 0.00000000e+00 1.14409814e+00]
 [1.71430000e+04 4.94693221e-03 0.00000000e+00 2.28819632e+00]
 [1.71430000e+04 4.94693221e-03 0.00000000e+00 4.57639263e+00]
 [1.71430000e+04 4.94693221e-03 0.00000000e+00 9.15278527e+00]
 [1.71430000e+04 4.94693221e-03 0.00000000e+00 1.83055705e+01]
 [1.71430000e+04 4.94693221e-03 0.00000000e+00 3.66111411e+01]
 [1.71430000e+04 4.94693221e-03 0.00000000e+00 0.00000000e+00]
 [1.71430000e+04 4.94693221e-03 0.00000000e+00 0.00000000e+00]
 [1.71430000e+04 4.94693221e-03 0.00000000e+00 0.00000000e+00]
 [1.71430000e+04 4.94693221e-03 0.00000000e+00 0.00000000e+00]]
['S3'] [[1.54470000e+04 3.25894420e-03 0.00000000e+00 1.10596534e+00]
 [1.54470000e+04 3.25894420e-03 0.00000000e+00 2.21193066e+00]
 [1.54470000e+04 3.25894420e-03 0.00000000e+00 4.42386135e+00]
 [1.54470000e+04 3.25894420e-03 0.00000000e+00 8.84772271e+00]
 [1.54470000e+04 3.25894420e-03 0.00000000e+00 1.76954454e+01]
 [1.54470000e+04 3.25894420e-03 0.00000000e+00 3.53908908e+01]
 [1.54470000e+04 3.25894420e-03 0.00000000e+00 0.00000000e+00]
 [1.54470000e+04 3.25894420e-03 0.00000000e+00 0.00000000e+00]
 [1.54470000e+04 3.25894420e-03 0.00000000e+00 0.00000000e+00]
 [1.54470000e+04 3.25894420e-03 0.00000000e+00 0.00000000e+00]]
['S4'] [[1.54470000e+04 3.25894420e-03 0.00000000e+00 1.10596534e+00]
 [1.54470000e+04 3.25894420e-03 0.00000000e+00 2.21193066e+00]
 [1.54470000e+04 3.25894420e-03 0.00000000e+00 4.42386135e+00]
 [1.54470000e+04 3.25894420e-03 0.00000000e+00 8.84772271e+00]
 [1.54470000e+04 3.25894420e-03 0.00000000e+00 1.76954454e+01]
 [1.54470000e+04 3.25894420e-03 0.00000000e+00 3.53908908e+01]
 [1.54470000e+04 3.25894420e-03 0.00000000e+00 0.00000000e+00]
 [1.54470000e+04 3.25894420e-03 0.00000000e+00 0.00000000e+00]
 [1.54470000e+04 3.25894420e-03 0.00000000e+00 0.00000000e+00]
 [1.54470000e+04 3.25894420e-03 0.00000000e+00 0.00000000e+00]]
['S5'] [[1.81030000e+04 3.87177300e-03 0.00000000e+00 1.12473763e+00]
 [1.81030000e+04 3.87177300e-03 0.00000000e+00 2.24947526e+00]
 [1.81030000e+04 3.87177300e-03 0.00000000e+00 4.49895049e+00]
 [1.81030000e+04 3.87177300e-03 0.00000000e+00 8.99790102e+00]
 [1.81030000e+04 3.87177300e-03 0.00000000e+00 1.79958020e+01]
 [1.81030000e+04 3.87177300e-03 0.00000000e+00 3.59916041e+01]
 [1.81030000e+04 3.87177300e-03 0.00000000e+00 0.00000000e+00]
 [1.81030000e+04 3.87177300e-03 0.00000000e+00 0.00000000e+00]
 [1.81030000e+04 3.87177300e-03 0.00000000e+00 0.00000000e+00]
 [1.81030000e+04 3.87177300e-03 0.00000000e+00 0.00000000e+00]]
['S6'] [[1.54470000e+04 3.25894420e-03 0.00000000e+00 1.10596534e+00]
 [1.54470000e+04 3.25894420e-03 0.00000000e+00 2.21193066e+00]
 [1.54470000e+04 3.25894420e-03 0.00000000e+00 4.42386135e+00]
 [1.54470000e+04 3.25894420e-03 0.00000000e+00 8.84772271e+00]
 [1.54470000e+04 3.25894420e-03 0.00000000e+00 1.76954455e+01]
 [1.54470000e+04 3.25894420e-03 0.00000000e+00 3.53908908e+01]
 [1.54470000e+04 3.25894420e-03 0.00000000e+00 0.00000000e+00]
 [1.54470000e+04 3.25894420e-03 0.00000000e+00 0.00000000e+00]
 [1.54470000e+04 3.25894420e-03 0.00000000e+00 0.00000000e+00]
 [1.54470000e+04 3.25894420e-03 0.00000000e+00 0.00000000e+00]]
['S7'] [[1.54470000e+04 3.25894420e-03 0.00000000e+00 1.14409818e+00]
 [1.54470000e+04 3.25894420e-03 0.00000000e+00 2.28819637e+00]
 [1.54470000e+04 3.25894420e-03 0.00000000e+00 4.57639270e+00]
 [1.54470000e+04 3.25894420e-03 0.00000000e+00 9.15278543e+00]
 [1.54470000e+04 3.25894420e-03 0.00000000e+00 1.83055709e+01]
 [1.54470000e+04 3.25894420e-03 0.00000000e+00 3.66111417e+01]
 [1.54470000e+04 3.25894420e-03 0.00000000e+00 0.00000000e+00]
 [1.54470000e+04 3.25894420e-03 0.00000000e+00 0.00000000e+00]
 [1.54470000e+04 3.25894420e-03 0.00000000e+00 0.00000000e+00]
 [1.54470000e+04 3.25894420e-03 0.00000000e+00 0.00000000e+00]]
['S8'] [[1.54470000e+04 3.25894420e-03 0.00000000e+00 1.14409818e+00]
 [1.54470000e+04 3.25894420e-03 0.00000000e+00 2.28819637e+00]
 [1.54470000e+04 3.25894420e-03 0.00000000e+00 4.57639270e+00]
 [1.54470000e+04 3.25894420e-03 0.00000000e+00 9.15278543e+00]
 [1.54470000e+04 3.25894420e-03 0.00000000e+00 1.83055709e+01]
 [1.54470000e+04 3.25894420e-03 0.00000000e+00 3.66111417e+01]
 [1.54470000e+04 3.25894420e-03 0.00000000e+00 0.00000000e+00]
 [1.54470000e+04 3.25894420e-03 0.00000000e+00 0.00000000e+00]
 [1.54470000e+04 3.25894420e-03 0.00000000e+00 0.00000000e+00]
 [1.54470000e+04 3.25894420e-03 0.00000000e+00 0.00000000e+00]]
['S9'] [[1.54470000e+04 3.25894420e-03 0.00000000e+00 1.22836791e+00]
 [1.54470000e+04 3.25894420e-03 0.00000000e+00 2.45673582e+00]
 [1.54470000e+04 3.25894420e-03 0.00000000e+00 4.91347161e+00]
 [1.54470000e+04 3.25894420e-03 0.00000000e+00 9.82694323e+00]
 [1.54470000e+04 3.25894420e-03 0.00000000e+00 1.96538865e+01]
 [1.54470000e+04 3.25894420e-03 0.00000000e+00 3.93077729e+01]
 [1.54470000e+04 3.25894420e-03 0.00000000e+00 0.00000000e+00]
 [1.54470000e+04 3.25894420e-03 0.00000000e+00 0.00000000e+00]
 [1.54470000e+04 3.25894420e-03 0.00000000e+00 0.00000000e+00]
 [1.54470000e+04 3.25894420e-03 0.00000000e+00 0.00000000e+00]]
