['S1'] [[8.59000000e+03 6.58274665e-03 0.00000000e+00 9.72955075e-01]
 [8.59000000e+03 6.58274665e-03 0.00000000e+00 1.94591016e+00]
 [8.59000000e+03 6.58274665e-03 0.00000000e+00 3.89182030e+00]
 [8.59000000e+03 6.58274665e-03 0.00000000e+00 7.78364061e+00]
 [8.59000000e+03 6.58274665e-03 0.00000000e+00 1.55672813e+01]
 [8.59000000e+03 6.58274665e-03 0.00000000e+00 3.11345625e+01]
 [8.59000000e+03 6.58274665e-03 0.00000000e+00 0.00000000e+00]
 [8.59000000e+03 6.58274665e-03 0.00000000e+00 0.00000000e+00]
 [8.59000000e+03 6.58274665e-03 0.00000000e+00 0.00000000e+00]
 [8.59000000e+03 6.58274665e-03 0.00000000e+00 0.00000000e+00]]
['S10'] [[1.39000000e+02 1.83181130e-02 0.00000000e+00 8.75082780e-01]
 [1.39000000e+02 1.83181130e-02 0.00000000e+00 1.75016559e+00]
 [1.39000000e+02 1.83181130e-02 0.00000000e+00 3.50033115e+00]
 [1.39000000e+02 1.83181130e-02 0.00000000e+00 7.00066229e+00]
 [1.39000000e+02 1.83181130e-02 0.00000000e+00 1.40013247e+01]
 [1.39000000e+02 1.83181130e-02 0.00000000e+00 2.80026492e+01]
 [1.39000000e+02 1.83181130e-02 0.00000000e+00 0.00000000e+00]
 [1.39000000e+02 1.83181130e-02 0.00000000e+00 0.00000000e+00]
 [1.39000000e+02 1.83181130e-02 0.00000000e+00 0.00000000e+00]
 [1.39000000e+02 1.83181130e-02 0.00000000e+00 0.00000000e+00]]
['S11'] [[4.18000000e+02 1.86765546e-02 0.00000000e+00 1.05280561e+00]
 [4.18000000e+02 1.86765546e-02 0.00000000e+00 2.10561124e+00]
 [4.18000000e+02 1.86765546e-02 0.00000000e+00 4.21122248e+00]
 [4.18000000e+02 1.86765546e-02 0.00000000e+00 8.42244498e+00]
 [4.18000000e+02 1.86765546e-02 0.00000000e+00 1.68448900e+01]
 [4.18000000e+02 1.86765546e-02 0.00000000e+00 3.36897799e+01]
 [4.18000000e+02 1.86765546e-02 0.00000000e+00 0.00000000e+00]
 [4.18000000e+02 1.86765546e-02 0.00000000e+00 0.00000000e+00]
 [4.18000000e+02 1.86765546e-02 0.00000000e+00 0.00000000e+00]
 [4.18000000e+02 1.86765546e-02 0.00000000e+00 0.00000000e+00]]
['S12'] [[4.90000000e+02 2.02929001e-02 0.00000000e+00 9.01660159e-01]
 [4.90000000e+02 2.02929001e-02 0.00000000e+00 1.80332029e+00]
 [4.90000000e+02 2.02929001e-02 0.00000000e+00 3.60664063e+00]
 [4.90000000e+02 2.02929001e-02 0.00000000e+00 7.21328122e+00]
 [4.90000000e+02 2.02929001e-02 0.00000000e+00 1.44265625e+01]
 [4.90000000e+02 2.02929001e-02 0.00000000e+00 2.88531249e+01]
 [4.90000000e+02 2.02929001e-02 0.00000000e+00 0.00000000e+00]
 [4.90000000e+02 2.02929001e-02 0.00000000e+00 0.00000000e+00]
 [4.90000000e+02 2.02929001e-02 0.00000000e+00 0.00000000e+00]
 [4.90000000e+02 2.02929001e-02 0.00000000e+00 0.00000000e+00]]
['S13'] [[9.11300000e+03 5.94606757e-03 0.00000000e+00 9.01660159e-01]
 [9.11300000e+03 5.94606757e-03 0.00000000e+00 1.80332029e+00]
 [9.11300000e+03 5.94606757e-03 0.00000000e+00 3.60664063e+00]
 [9.11300000e+03 5.94606757e-03 0.00000000e+00 7.21328127e+00]
 [9.11300000e+03 5.94606757e-03 0.00000000e+00 1.44265625e+01]
 [9.11300000e+03 5.94606757e-03 0.00000000e+00 2.88531250e+01]
 [9.11300000e+03 5.94606757e-03 0.00000000e+00 0.00000000e+00]
 [9.11300000e+03 5.94606757e-03 0.00000000e+00 0.00000000e+00]
 [9.11300000e+03 5.94606757e-03 0.00000000e+00 0.00000000e+00]
 [9.11300000e+03 5.94606757e-03 0.00000000e+00 0.00000000e+00]]
['S14'] [[9.11300000e+03 5.94606757e-03 0.00000000e+00 9.58084079e-01]
 [9.11300000e+03 5.94606757e-03 0.00000000e+00 1.91616816e+00]
 [9.11300000e+03 5.94606757e-03 0.00000000e+00 3.83233633e+00]
 [9.11300000e+03 5.94606757e-03 0.00000000e+00 7.66467261e+00]
 [9.11300000e+03 5.94606757e-03 0.00000000e+00 1.53293453e+01]
 [9.11300000e+03 5.94606757e-03 0.00000000e+00 3.06586906e+01]
 [9.11300000e+03 5.94606757e-03 0.00000000e+00 0.00000000e+00]
 [9.11300000e+03 5.94606757e-03 0.00000000e+00 0.00000000e+00]
 [9.11300000e+03 5.94606757e-03 0.00000000e+00 0.00000000e+00]
 [9.11300000e+03 5.94606757e-03 0.00000000e+00 0.00000000e+00]]
['S15'] [[6.70000000e+01 2.38214601e-02 0.00000000e+00 1.01968166e+00]
 [6.70000000e+01 2.38214601e-02 0.00000000e+00 2.03936327e+00]
 [6.70000000e+01 2.38214601e-02 0.00000000e+00 4.07872654e+00]
 [6.70000000e+01 2.38214601e-02 0.00000000e+00 8.15745308e+00]
 [6.70000000e+01 2.38214601e-02 0.00000000e+00 1.63149062e+01]
 [6.70000000e+01 2.38214601e-02 0.00000000e+00 3.26298124e+01]
 [6.70000000e+01 2.38214601e-02 0.00000000e+00 0.00000000e+00]
 [6.70000000e+01 2.38214601e-02 0.00000000e+00 0.00000000e+00]
 [6.70000000e+01 2.38214601e-02 0.00000000e+00 0.00000000e+00]
 [6.70000000e+01 2.38214601e-02 0.00000000e+00 0.00000000e+00]]
['S16'] [[9.76800000e+03 6.79382142e-03 0.00000000e+00 8.36988240e-01]
 [9.76800000e+03 6.79382142e-03 0.00000000e+00 1.67397648e+00]
 [9.76800000e+03 6.79382142e-03 0.00000000e+00 3.34795292e+00]
 [9.76800000e+03 6.79382142e-03 0.00000000e+00 6.69590586e+00]
 [9.76800000e+03 6.79382142e-03 0.00000000e+00 1.33918117e+01]
 [9.76800000e+03 6.79382142e-03 0.00000000e+00 2.67836235e+01]
 [9.76800000e+03 6.79382142e-03 0.00000000e+00 0.00000000e+00]
 [9.76800000e+03 6.79382142e-03 0.00000000e+00 0.00000000e+00]
 [9.76800000e+03 6.79382142e-03 0.00000000e+00 0.00000000e+00]
 [9.76800000e+03 6.79382142e-03 0.00000000e+00 0.00000000e+00]]
['S17'] [[1.66000000e+02 2.01232975e-02 0.00000000e+00 9.72955075e-01]
 [1.66000000e+02 2.01232975e-02 0.00000000e+00 1.94591016e+00]
 [1.66000000e+02 2.01232975e-02 0.00000000e+00 3.89182034e+00]
 [1.66000000e+02 2.01232975e-02 0.00000000e+00 7.78364066e+00]
 [1.66000000e+02 2.01232975e-02 0.00000000e+00 1.55672813e+01]
 [1.66000000e+02 2.01232975e-02 0.00000000e+00 3.11345626e+01]
 [1.66000000e+02 2.01232975e-02 0.00000000e+00 0.00000000e+00]
 [1.66000000e+02 2.01232975e-02 0.00000000e+00 0.00000000e+00]
 [1.66000000e+02 2.01232975e-02 0.00000000e+00 0.00000000e+00]
 [1.66000000e+02 2.01232975e-02 0.00000000e+00 0.00000000e+00]]
['S18'] [[1.39000000e+02 1.83181130e-02 0.00000000e+00 8.49464275e-01]
 [1.39000000e+02 1.83181130e-02 0.00000000e+00 1.69892856e+00]
 [1.39000000e+02 1.83181130e-02 0.00000000e+00 3.39785707e+00]
 [1.39000000e+02 1.83181130e-02 0.00000000e+00 6.79571417e+00]
 [1.39000000e+02 1.83181130e-02 0.00000000e+00 1.35914283e+01]
 [1.39000000e+02 1.83181130e-02 0.00000000e+00 2.71828567e+01]
 [1.39000000e+02 1.83181130e-02 0.00000000e+00 0.00000000e+00]
 [1.39000000e+02 1.83181130e-02 0.00000000e+00 0.00000000e+00]
 [1.39000000e+02 1.83181130e-02 0.00000000e+00 0.00000000e+00]
 [1.39000000e+02 1.83181130e-02 0.00000000e+00 0.00000000e+00]]
['S19'] [[9.65300000e+03 5.97358320e-03 0.00000000e+00 9.29291016e-01]
 [9.65300000e+03 5.97358320e-03 0.00000000e+00 1.85858201e+00]
 [9.65300000e+03 5.97358320e-03 0.00000000e+00 3.71716398e+00]
 [9.65300000e+03 5.97358320e-03 0.00000000e+00 7.43432795e+00]
 [9.65300000e+03 5.97358320e-03 0.00000000e+00 1.48686559e+01]
 [9.65300000e+03 5.97358320e-03 0.00000000e+00 2.97373118e+01]
 [9.65300000e+03 5.97358320e-03 0.00000000e+00 0.00000000e+00]
 [9.65300000e+03 5.97358320e-03 0.00000000e+00 0.00000000e+00]
 [9.65300000e+03 5.97358320e-03 0.00000000e+00 0.00000000e+00]
 [9.65300000e+03 5.97358320e-03 0.00000000e+00 0.00000000e+00]]
['S2'] [[5.26000000e+02 2.32519482e-02 0.00000000e+00 9.72955075e-01]
 [5.26000000e+02 2.32519482e-02 0.00000000e+00 1.94591016e+00]
 [5.26000000e+02 2.32519482e-02 0.00000000e+00 3.89182027e+00]
 [5.26000000e+02 2.32519482e-02 0.00000000e+00 7.78364057e+00]
 [5.26000000e+02 2.32519482e-02 0.00000000e+00 1.55672811e+01]
 [5.26000000e+02 2.32519482e-02 0.00000000e+00 3.11345623e+01]
 [5.26000000e+02 2.32519482e-02 0.00000000e+00 0.00000000e+00]
 [5.26000000e+02 2.32519482e-02 0.00000000e+00 0.00000000e+00]
 [5.26000000e+02 2.32519482e-02 0.00000000e+00 0.00000000e+00]
 [5.26000000e+02 2.32519482e-02 0.00000000e+00 0.00000000e+00]]
['S3'] [[5.26000000e+02 2.32519482e-02 0.00000000e+00 8.62159079e-01]
 [5.26000000e+02 2.32519482e-02 0.00000000e+00 1.72431819e+00]
 [5.26000000e+02 2.32519482e-02 0.00000000e+00 3.44863640e+00]
 [5.26000000e+02 2.32519482e-02 0.00000000e+00 6.89727281e+00]
 [5.26000000e+02 2.32519482e-02 0.00000000e+00 1.37945455e+01]
 [5.26000000e+02 2.32519482e-02 0.00000000e+00 2.75890911e+01]
 [5.26000000e+02 2.32519482e-02 0.00000000e+00 0.00000000e+00]
 [5.26000000e+02 2.32519482e-02 0.00000000e+00 0.00000000e+00]
 [5.26000000e+02 2.32519482e-02 0.00000000e+00 0.00000000e+00]
 [5.26000000e+02 2.32519482e-02 0.00000000e+00 0.00000000e+00]]
['S4'] [[4.54000000e+02 2.06926654e-02 0.00000000e+00 1.05280561e+00]
 [4.54000000e+02 2.06926654e-02 0.00000000e+00 2.10561124e+00]
 [4.54000000e+02 2.06926654e-02 0.00000000e+00 4.21122248e+00]
 [4.54000000e+02 2.06926654e-02 0.00000000e+00 8.42244502e+00]
 [4.54000000e+02 2.06926654e-02 0.00000000e+00 1.68448900e+01]
 [4.54000000e+02 2.06926654e-02 0.00000000e+00 3.36897799e+01]
 [4.54000000e+02 2.06926654e-02 0.00000000e+00 0.00000000e+00]
 [4.54000000e+02 2.06926654e-02 0.00000000e+00 0.00000000e+00]
 [4.54000000e+02 2.06926654e-02 0.00000000e+00 0.00000000e+00]
 [4.54000000e+02 2.06926654e-02 0.00000000e+00 0.00000000e+00]]
['S5'] [[5.26000000e+02 2.32519482e-02 0.00000000e+00 8.62159137e-01]
 [5.26000000e+02 2.32519482e-02 0.00000000e+00 1.72431825e+00]
 [5.26000000e+02 2.32519482e-02 0.00000000e+00 3.44863645e+00]
 [5.26000000e+02 2.32519482e-02 0.00000000e+00 6.89727292e+00]
 [5.26000000e+02 2.32519482e-02 0.00000000e+00 1.37945458e+01]
 [5.26000000e+02 2.32519482e-02 0.00000000e+00 2.75890917e+01]
 [5.26000000e+02 2.32519482e-02 0.00000000e+00 0.00000000e+00]
 [5.26000000e+02 2.32519482e-02 0.00000000e+00 0.00000000e+00]
 [5.26000000e+02 2.32519482e-02 0.00000000e+00 0.00000000e+00]
 [5.26000000e+02 2.32519482e-02 0.00000000e+00 0.00000000e+00]]
['S6'] [[5.26000000e+02 2.32519482e-02 0.00000000e+00 8.36988240e-01]
 [5.26000000e+02 2.32519482e-02 0.00000000e+00 1.67397648e+00]
 [5.26000000e+02 2.32519482e-02 0.00000000e+00 3.34795292e+00]
 [5.26000000e+02 2.32519482e-02 0.00000000e+00 6.69590586e+00]
 [5.26000000e+02 2.32519482e-02 0.00000000e+00 1.33918117e+01]
 [5.26000000e+02 2.32519482e-02 0.00000000e+00 2.67836234e+01]
 [5.26000000e+02 2.32519482e-02 0.00000000e+00 0.00000000e+00]
 [5.26000000e+02 2.32519482e-02 0.00000000e+00 0.00000000e+00]
 [5.26000000e+02 2.32519482e-02 0.00000000e+00 0.00000000e+00]
 [5.26000000e+02 2.32519482e-02 0.00000000e+00 0.00000000e+00]]
['S7'] [[5.26000000e+02 2.32519482e-02 0.00000000e+00 8.88246002e-01]
 [5.26000000e+02 2.32519482e-02 0.00000000e+00 1.77649198e+00]
 [5.26000000e+02 2.32519482e-02 0.00000000e+00 3.55298397e+00]
 [5.26000000e+02 2.32519482e-02 0.00000000e+00 7.10596792e+00]
 [5.26000000e+02 2.32519482e-02 0.00000000e+00 1.42119359e+01]
 [5.26000000e+02 2.32519482e-02 0.00000000e+00 2.84238718e+01]
 [5.26000000e+02 2.32519482e-02 0.00000000e+00 0.00000000e+00]
 [5.26000000e+02 2.32519482e-02 0.00000000e+00 0.00000000e+00]
 [5.26000000e+02 2.32519482e-02 0.00000000e+00 0.00000000e+00]
 [5.26000000e+02 2.32519482e-02 0.00000000e+00 0.00000000e+00]]
['S8'] [[1.39000000e+02 1.83181130e-02 0.00000000e+00 9.01660159e-01]
 [1.39000000e+02 1.83181130e-02 0.00000000e+00 1.80332029e+00]
 [1.39000000e+02 1.83181130e-02 0.00000000e+00 3.60664059e+00]
 [1.39000000e+02 1.83181130e-02 0.00000000e+00 7.21328122e+00]
 [1.39000000e+02 1.83181130e-02 0.00000000e+00 1.44265624e+01]
 [1.39000000e+02 1.83181130e-02 0.00000000e+00 2.88531247e+01]
 [1.39000000e+02 1.83181130e-02 0.00000000e+00 0.00000000e+00]
 [1.39000000e+02 1.83181130e-02 0.00000000e+00 0.00000000e+00]
 [1.39000000e+02 1.83181130e-02 0.00000000e+00 0.00000000e+00]
 [1.39000000e+02 1.83181130e-02 0.00000000e+00 0.00000000e+00]]
['S9'] [[5.26000000e+02 2.32519482e-02 0.00000000e+00 9.43534804e-01]
 [5.26000000e+02 2.32519482e-02 0.00000000e+00 1.88706965e+00]
 [5.26000000e+02 2.32519482e-02 0.00000000e+00 3.77413926e+00]
 [5.26000000e+02 2.32519482e-02 0.00000000e+00 7.54827853e+00]
 [5.26000000e+02 2.32519482e-02 0.00000000e+00 1.50965570e+01]
 [5.26000000e+02 2.32519482e-02 0.00000000e+00 3.01931141e+01]
 [5.26000000e+02 2.32519482e-02 0.00000000e+00 0.00000000e+00]
 [5.26000000e+02 2.32519482e-02 0.00000000e+00 0.00000000e+00]
 [5.26000000e+02 2.32519482e-02 0.00000000e+00 0.00000000e+00]
 [5.26000000e+02 2.32519482e-02 0.00000000e+00 0.00000000e+00]]
