['S1'] [[ 1.00000000e+00 -2.90703134e-16  7.24951174e-02]
 [ 4.00000000e+00  2.35922393e-16  6.57517298e-02]
 [ 8.00000000e+00  2.22409810e-16  4.85178296e-02]
 [ 6.00000000e+00 -1.97941079e-16  2.31987654e-03]
 [ 1.00000000e+00 -2.90703134e-16  3.71098535e-04]
 [ 1.00000000e+00 -2.90703134e-16  0.00000000e+00]
 [ 1.00000000e+00 -2.90703134e-16  0.00000000e+00]
 [ 1.00000000e+00 -2.90703134e-16  0.00000000e+00]
 [ 1.00000000e+00 -2.90703134e-16  0.00000000e+00]
 [ 1.00000000e+00 -2.90703134e-16  0.00000000e+00]]
['S10'] [[ 4.00000000e+00  2.35922393e-16  6.58846262e-02]
 [ 8.00000000e+00  2.22409810e-16  3.44424479e-02]
 [ 5.00000000e+00 -2.59295509e-17  2.55454303e-02]
 [ 9.00000000e+00  1.16135172e-16  3.85155198e-03]
 [ 9.00000000e+00  1.16135172e-16  0.00000000e+00]
 [ 9.00000000e+00  1.16135172e-16  0.00000000e+00]
 [ 9.00000000e+00  1.16135172e-16  0.00000000e+00]
 [ 9.00000000e+00  1.16135172e-16  0.00000000e+00]
 [ 9.00000000e+00  1.16135172e-16  0.00000000e+00]
 [ 9.00000000e+00  1.16135172e-16  0.00000000e+00]]
['S11'] [[ 4.00000000e+00  2.35922393e-16  7.91119395e-02]
 [ 7.00000000e+00  1.92097800e-16  7.54039396e-02]
 [ 9.00000000e+00  1.16135172e-16  3.41023022e-02]
 [ 6.00000000e+00 -1.97941079e-16  1.97889406e-02]
 [ 6.00000000e+00 -1.97941079e-16  0.00000000e+00]
 [ 6.00000000e+00 -1.97941079e-16  0.00000000e+00]
 [ 6.00000000e+00 -1.97941079e-16  0.00000000e+00]
 [ 6.00000000e+00 -1.97941079e-16  0.00000000e+00]
 [ 6.00000000e+00 -1.97941079e-16  0.00000000e+00]
 [ 6.00000000e+00 -1.97941079e-16  0.00000000e+00]]
['S12'] [[ 7.00000000e+00  1.92097800e-16  6.58846262e-02]
 [ 1.00000000e+00 -2.90703134e-16  3.78376112e-02]
 [ 7.00000000e+00  1.92097800e-16  2.83516213e-03]
 [ 1.00000000e+00 -2.90703134e-16  2.12430957e-04]
 [ 7.00000000e+00  1.92097800e-16  1.59144402e-05]
 [ 1.00000000e+00 -2.90703134e-16  1.25169754e-06]
 [ 7.00000000e+00  1.92097800e-16  1.19209290e-07]
 [ 1.00000000e+00 -2.90703134e-16  0.00000000e+00]
 [ 1.00000000e+00 -2.90703134e-16  0.00000000e+00]
 [ 1.00000000e+00 -2.90703134e-16  0.00000000e+00]]
['S13'] [[7.00000000e+00 1.92097800e-16 1.31586040e-02]
 [7.00000000e+00 1.92097800e-16 5.96046448e-08]
 [7.00000000e+00 1.92097800e-16 0.00000000e+00]
 [7.00000000e+00 1.92097800e-16 0.00000000e+00]
 [7.00000000e+00 1.92097800e-16 0.00000000e+00]
 [7.00000000e+00 1.92097800e-16 0.00000000e+00]
 [7.00000000e+00 1.92097800e-16 0.00000000e+00]
 [7.00000000e+00 1.92097800e-16 0.00000000e+00]
 [7.00000000e+00 1.92097800e-16 0.00000000e+00]
 [7.00000000e+00 1.92097800e-16 0.00000000e+00]]
['S14'] [[ 6.00000000e+00 -1.97941079e-16  5.26801760e-02]
 [ 6.00000000e+00 -1.97941079e-16  1.19209290e-07]
 [ 6.00000000e+00 -1.97941079e-16  0.00000000e+00]
 [ 6.00000000e+00 -1.97941079e-16  0.00000000e+00]
 [ 6.00000000e+00 -1.97941079e-16  0.00000000e+00]
 [ 6.00000000e+00 -1.97941079e-16  0.00000000e+00]
 [ 6.00000000e+00 -1.97941079e-16  0.00000000e+00]
 [ 6.00000000e+00 -1.97941079e-16  0.00000000e+00]
 [ 6.00000000e+00 -1.97941079e-16  0.00000000e+00]
 [ 6.00000000e+00 -1.97941079e-16  0.00000000e+00]]
['S15'] [[ 7.00000000e+00  1.92097800e-16  7.91119395e-02]
 [ 8.00000000e+00  2.22409810e-16  6.73490357e-02]
 [ 1.00000000e+00 -2.90703134e-16  3.88932120e-02]
 [ 4.00000000e+00  2.35922393e-16  1.68900456e-02]
 [ 7.00000000e+00  1.92097800e-16  3.06386714e-03]
 [ 1.00000000e+00 -2.90703134e-16  2.12073329e-04]
 [ 7.00000000e+00  1.92097800e-16  1.47819519e-05]
 [ 1.00000000e+00 -2.90703134e-16  1.07288361e-06]
 [ 7.00000000e+00  1.92097800e-16  1.19209290e-07]
 [ 1.00000000e+00 -2.90703134e-16  0.00000000e+00]]
['S16'] [[ 6.00000000e+00 -1.97941079e-16  3.94941742e-02]
 [ 9.00000000e+00  1.16135172e-16  2.58423381e-02]
 [ 8.00000000e+00  2.22409810e-16  8.26120378e-05]
 [ 9.00000000e+00  1.16135172e-16  8.70227814e-06]
 [ 8.00000000e+00  2.22409810e-16  9.53674316e-07]
 [ 8.00000000e+00  2.22409810e-16  0.00000000e+00]
 [ 8.00000000e+00  2.22409810e-16  0.00000000e+00]
 [ 8.00000000e+00  2.22409810e-16  0.00000000e+00]
 [ 8.00000000e+00  2.22409810e-16  0.00000000e+00]
 [ 8.00000000e+00  2.22409810e-16  0.00000000e+00]]
['S17'] [[ 7.00000000e+00  1.92097800e-16  7.91119395e-02]
 [ 9.00000000e+00  1.16135172e-16  1.81204241e-02]
 [ 3.00000000e+00  2.39026635e-16  4.95038500e-03]
 [ 3.00000000e+00  2.39026635e-16  1.19209290e-07]
 [ 3.00000000e+00  2.39026635e-16 -1.19209290e-07]
 [ 3.00000000e+00  2.39026635e-16  1.19209290e-07]
 [ 3.00000000e+00  2.39026635e-16 -1.19209290e-07]
 [ 3.00000000e+00  2.39026635e-16  1.19209290e-07]
 [ 3.00000000e+00  2.39026635e-16 -1.19209290e-07]
 [ 3.00000000e+00  2.39026635e-16  1.19209290e-07]]
['S18'] [[ 1.00000000e+00 -2.90703134e-16  7.24951174e-02]
 [ 1.00000000e+00 -2.90703134e-16  0.00000000e+00]
 [ 1.00000000e+00 -2.90703134e-16  0.00000000e+00]
 [ 1.00000000e+00 -2.90703134e-16  0.00000000e+00]
 [ 1.00000000e+00 -2.90703134e-16  0.00000000e+00]
 [ 1.00000000e+00 -2.90703134e-16  0.00000000e+00]
 [ 1.00000000e+00 -2.90703134e-16  0.00000000e+00]
 [ 1.00000000e+00 -2.90703134e-16  0.00000000e+00]
 [ 1.00000000e+00 -2.90703134e-16  0.00000000e+00]
 [ 1.00000000e+00 -2.90703134e-16  0.00000000e+00]]
['S19'] [[ 1.00000000e+00 -2.90703134e-16  8.57357419e-02]
 [ 6.00000000e+00 -1.97941079e-16  6.46637426e-02]
 [ 5.00000000e+00 -2.59295509e-17  3.75555788e-02]
 [ 4.00000000e+00  2.35922393e-16  6.59737622e-03]
 [ 1.00000000e+00 -2.90703134e-16  4.98024766e-03]
 [ 5.00000000e+00 -2.59295509e-17  8.68439893e-04]
 [ 1.00000000e+00 -2.90703134e-16  1.38401986e-04]
 [ 5.00000000e+00 -2.59295509e-17  2.21729279e-05]
 [ 1.00000000e+00 -2.90703134e-16  3.63588333e-06]
 [ 5.00000000e+00 -2.59295509e-17  4.76837158e-07]]
['S2'] [[4.00000000e+00 2.35922393e-16 6.58846262e-02]
 [9.00000000e+00 1.16135172e-16 8.69453172e-04]
 [4.00000000e+00 2.35922393e-16 1.15633011e-05]
 [9.00000000e+00 1.16135172e-16 1.78813934e-07]
 [4.00000000e+00 2.35922393e-16 0.00000000e+00]
 [4.00000000e+00 2.35922393e-16 0.00000000e+00]
 [4.00000000e+00 2.35922393e-16 0.00000000e+00]
 [4.00000000e+00 2.35922393e-16 0.00000000e+00]
 [4.00000000e+00 2.35922393e-16 0.00000000e+00]
 [4.00000000e+00 2.35922393e-16 0.00000000e+00]]
['S3'] [[4.00000000e+00 2.35922393e-16 7.91119395e-02]
 [9.00000000e+00 1.16135172e-16 4.07892029e-02]
 [4.00000000e+00 2.35922393e-16 6.68764214e-04]
 [9.00000000e+00 1.16135172e-16 1.09672546e-05]
 [4.00000000e+00 2.35922393e-16 1.78813934e-07]
 [4.00000000e+00 2.35922393e-16 5.96046448e-08]
 [4.00000000e+00 2.35922393e-16 0.00000000e+00]
 [4.00000000e+00 2.35922393e-16 0.00000000e+00]
 [4.00000000e+00 2.35922393e-16 0.00000000e+00]
 [4.00000000e+00 2.35922393e-16 0.00000000e+00]]
['S4'] [[ 1.00000000e+00 -2.90703134e-16  8.57357419e-02]
 [ 9.00000000e+00  1.16135172e-16  5.36376238e-02]
 [ 5.00000000e+00 -2.59295509e-17  3.81816093e-02]
 [ 1.00000000e+00 -2.90703134e-16  6.80910143e-03]
 [ 5.00000000e+00 -2.59295509e-17  1.10799120e-03]
 [ 1.00000000e+00 -2.90703134e-16  1.80244448e-04]
 [ 5.00000000e+00 -2.59295509e-17  2.93254852e-05]
 [ 1.00000000e+00 -2.90703134e-16  4.88758087e-06]
 [ 5.00000000e+00 -2.59295509e-17  7.74860382e-07]
 [ 1.00000000e+00 -2.90703134e-16  5.96046448e-08]]
['S5'] [[ 6.00000000e+00 -1.97941079e-16  6.58845663e-02]
 [ 9.00000000e+00  1.16135172e-16  5.20379070e-02]
 [ 8.00000000e+00  2.22409810e-16  2.75253410e-02]
 [ 1.00000000e+00 -2.90703134e-16  6.30661266e-03]
 [ 9.00000000e+00  1.16135172e-16  2.99418867e-03]
 [ 8.00000000e+00  2.22409810e-16  3.31401837e-04]
 [ 1.00000000e+00 -2.90703134e-16  5.56707383e-05]
 [ 9.00000000e+00  1.16135172e-16  3.57627869e-05]
 [ 8.00000000e+00  2.22409810e-16  3.93390656e-06]
 [ 1.00000000e+00 -2.90703134e-16  6.55651093e-07]]
['S6'] [[7.00000000e+00 1.92097800e-16 7.91119395e-02]
 [8.00000000e+00 2.22409810e-16 1.04534664e-03]
 [7.00000000e+00 1.92097800e-16 1.39474869e-05]
 [8.00000000e+00 2.22409810e-16 1.19209290e-07]
 [7.00000000e+00 1.92097800e-16 0.00000000e+00]
 [7.00000000e+00 1.92097800e-16 0.00000000e+00]
 [7.00000000e+00 1.92097800e-16 0.00000000e+00]
 [7.00000000e+00 1.92097800e-16 0.00000000e+00]
 [7.00000000e+00 1.92097800e-16 0.00000000e+00]
 [7.00000000e+00 1.92097800e-16 0.00000000e+00]]
['S7'] [[ 8.00000000e+00  2.22409810e-16  6.58846262e-02]
 [ 8.00000000e+00  2.22409810e-16  1.19209290e-07]
 [ 8.00000000e+00  2.22409810e-16 -2.38418579e-07]
 [ 8.00000000e+00  2.22409810e-16  1.78813934e-07]
 [ 8.00000000e+00  2.22409810e-16  0.00000000e+00]
 [ 8.00000000e+00  2.22409810e-16  0.00000000e+00]
 [ 8.00000000e+00  2.22409810e-16  0.00000000e+00]
 [ 8.00000000e+00  2.22409810e-16  0.00000000e+00]
 [ 8.00000000e+00  2.22409810e-16  0.00000000e+00]
 [ 8.00000000e+00  2.22409810e-16  0.00000000e+00]]
['S8'] [[ 1.00000000e+00 -2.90703134e-16  3.29065433e-02]
 [ 1.00000000e+00 -2.90703134e-16  1.19209290e-07]
 [ 1.00000000e+00 -2.90703134e-16  0.00000000e+00]
 [ 1.00000000e+00 -2.90703134e-16  0.00000000e+00]
 [ 1.00000000e+00 -2.90703134e-16  0.00000000e+00]
 [ 1.00000000e+00 -2.90703134e-16  0.00000000e+00]
 [ 1.00000000e+00 -2.90703134e-16  0.00000000e+00]
 [ 1.00000000e+00 -2.90703134e-16  0.00000000e+00]
 [ 1.00000000e+00 -2.90703134e-16  0.00000000e+00]
 [ 1.00000000e+00 -2.90703134e-16  0.00000000e+00]]
['S9'] [[ 6.00000000e+00 -1.97941079e-16  7.91119395e-02]
 [ 8.00000000e+00  2.22409810e-16  3.45085087e-02]
 [ 9.00000000e+00  1.16135172e-16  2.43115904e-03]
 [ 8.00000000e+00  2.22409810e-16  2.44975095e-04]
 [ 9.00000000e+00  1.16135172e-16  2.46167183e-05]
 [ 8.00000000e+00  2.22409810e-16  2.50339508e-06]
 [ 9.00000000e+00  1.16135172e-16  2.98023224e-07]
 [ 8.00000000e+00  2.22409810e-16  0.00000000e+00]
 [ 8.00000000e+00  2.22409810e-16  0.00000000e+00]
 [ 8.00000000e+00  2.22409810e-16  0.00000000e+00]]
