['S1'] [[5.40000000e+02 5.65563412e-01 2.90825831e-01]
 [2.48300000e+03 5.70448892e-01 1.60720462e-01]
 [1.79000000e+02 3.52047868e-01 1.45499243e-01]
 [2.16800000e+03 4.35684829e-01 1.30768038e-01]
 [2.46500000e+03 4.86942164e-01 1.23236033e-01]
 [2.32200000e+03 5.24518836e-01 7.79816856e-02]
 [2.88000000e+02 4.90929128e-01 6.47409550e-02]
 [1.29100000e+03 4.31015043e-02 7.11544515e-02]
 [2.34900000e+03 4.29916176e-01 4.77449963e-02]
 [1.88900000e+03 3.27266881e-01 4.77262378e-02]]
['S10'] [[5.40000000e+02 5.65563412e-01 3.49042632e-01]
 [1.51200000e+03 4.04829288e-01 1.31861772e-01]
 [2.11500000e+03 4.14926830e-01 1.35155977e-01]
 [3.06000000e+02 5.05327804e-01 1.31056767e-01]
 [2.55600000e+03 4.81325501e-01 1.02165270e-01]
 [1.49300000e+03 3.71211899e-01 8.59735805e-02]
 [1.63700000e+03 3.59256006e-01 7.39014276e-02]
 [1.69200000e+03 1.74505895e-01 7.20113527e-02]
 [2.05200000e+03 5.12764943e-01 6.37207965e-02]
 [1.13400000e+03 3.22257297e-01 5.95428279e-02]]
['S11'] [[5.58000000e+02 5.29717815e-01 2.06847800e-01]
 [2.32200000e+03 5.24518836e-01 1.70443416e-01]
 [5.40000000e+02 5.65563412e-01 1.50402432e-01]
 [1.51200000e+03 4.04829288e-01 1.55043572e-01]
 [2.34900000e+03 4.29916176e-01 1.11005845e-01]
 [2.07000000e+03 4.93546000e-01 8.48763973e-02]
 [1.69200000e+03 1.74505895e-01 7.63664135e-02]
 [1.79000000e+02 3.52047868e-01 5.82035890e-02]
 [2.46500000e+03 4.86942164e-01 4.21237771e-02]
 [1.84500000e+03 4.08954661e-01 3.10341770e-02]]
['S12'] [[7.01000000e+02 5.63232703e-01 2.13722040e-01]
 [1.63700000e+03 3.59256006e-01 1.66745813e-01]
 [5.40000000e+02 5.65563412e-01 1.47337257e-01]
 [5.58000000e+02 5.29717815e-01 1.02627248e-01]
 [2.32200000e+03 5.24518836e-01 1.00944942e-01]
 [2.11500000e+03 4.14926830e-01 1.05835564e-01]
 [1.97900000e+03 4.36556115e-01 8.59107724e-02]
 [1.98900000e+03 2.71806581e-01 8.14226758e-02]
 [3.14500000e+03 2.01632529e-01 7.17639112e-02]
 [1.38500000e+03 2.40076548e-01 4.85021764e-02]]
['S13'] [[5.40000000e+02 5.65563412e-01 2.06847738e-01]
 [2.48300000e+03 5.70448892e-01 1.81854755e-01]
 [7.01000000e+02 5.63232703e-01 1.36531210e-01]
 [1.74500000e+03 4.45130444e-01 1.25151768e-01]
 [2.32200000e+03 5.24518836e-01 1.35188512e-01]
 [2.11500000e+03 4.14926830e-01 1.09792828e-01]
 [1.76400000e+03 3.94148732e-01 6.35301861e-02]
 [2.46500000e+03 4.86942164e-01 5.74683555e-02]
 [4.49000000e+02 4.97637270e-01 5.05426719e-02]
 [1.63700000e+03 3.59256006e-01 4.16589999e-02]]
['S14'] [[5.40000000e+02 5.65563412e-01 3.19672185e-01]
 [5.58000000e+02 5.29717815e-01 2.49308948e-01]
 [2.32200000e+03 5.24518836e-01 1.81321124e-01]
 [2.48300000e+03 5.70448892e-01 1.36199012e-01]
 [1.25900000e+03 3.92317914e-01 1.32975900e-01]
 [2.46500000e+03 4.86942164e-01 1.20104151e-01]
 [2.43200000e+03 2.91086484e-01 7.80959853e-02]
 [2.07000000e+03 4.93546000e-01 7.64297840e-02]
 [2.09700000e+03 4.35513392e-01 6.60883453e-02]
 [7.01000000e+02 5.63232703e-01 5.41388018e-02]]
['S15'] [[5.40000000e+02 5.65563412e-01 2.34467295e-01]
 [2.11500000e+03 4.14926830e-01 2.03123045e-01]
 [5.58000000e+02 5.29717815e-01 1.73283836e-01]
 [1.63700000e+03 3.59256006e-01 1.42855515e-01]
 [2.21300000e+03 5.47962030e-01 1.50157857e-01]
 [2.32200000e+03 5.24518836e-01 1.25662785e-01]
 [2.46500000e+03 4.86942164e-01 8.80384608e-02]
 [2.48300000e+03 5.70448892e-01 7.39112562e-02]
 [2.88000000e+02 4.90929128e-01 6.86713229e-02]
 [2.34900000e+03 4.29916176e-01 6.08549997e-02]]
['S16'] [[5.40000000e+02 5.65563412e-01 1.93156325e-01]
 [1.51100000e+03 3.99562251e-01 1.47996467e-01]
 [1.63700000e+03 3.59256006e-01 1.44187565e-01]
 [2.32200000e+03 5.24518836e-01 1.24692454e-01]
 [7.01000000e+02 5.63232703e-01 9.77972141e-02]
 [2.34900000e+03 4.29916176e-01 7.38236978e-02]
 [1.96100000e+03 4.38855101e-01 8.50481001e-02]
 [1.51200000e+03 4.04829288e-01 5.98441276e-02]
 [1.80000000e+03 4.68357670e-01 5.01056782e-02]
 [5.58000000e+02 5.29717815e-01 3.82568209e-02]]
['S17'] [[7.01000000e+02 5.63232703e-01 2.13722040e-01]
 [1.51100000e+03 3.99562251e-01 1.57076348e-01]
 [5.40000000e+02 5.65563412e-01 1.41256552e-01]
 [2.46500000e+03 4.86942164e-01 1.04886994e-01]
 [3.10400000e+03 2.35360096e-01 8.65325183e-02]
 [1.13400000e+03 3.22257297e-01 7.41938960e-02]
 [1.51200000e+03 4.04829288e-01 7.82746352e-02]
 [2.05200000e+03 5.12764943e-01 6.97757079e-02]
 [4.49000000e+02 4.97637270e-01 5.66294375e-02]
 [8.10000000e+02 3.94601785e-01 4.22822498e-02]]
['S18'] [[5.40000000e+02 5.65563412e-01 2.48407470e-01]
 [2.32200000e+03 5.24518836e-01 1.66130957e-01]
 [2.34900000e+03 4.29916176e-01 1.13410278e-01]
 [4.49000000e+02 4.97637270e-01 1.26177863e-01]
 [1.88900000e+03 3.27266881e-01 1.19170499e-01]
 [2.05200000e+03 5.12764943e-01 9.21748749e-02]
 [9.53000000e+02 5.09198375e-01 7.98141465e-02]
 [2.57400000e+03 4.99298500e-01 5.85447935e-02]
 [3.10400000e+03 2.35360096e-01 6.11464156e-02]
 [1.98900000e+03 2.71806581e-01 5.70505310e-02]]
['S19'] [[2.88000000e+02 4.90929128e-01 2.55412812e-01]
 [9.53000000e+02 5.09198375e-01 1.79083188e-01]
 [2.71700000e+03 4.99432314e-01 1.51270965e-01]
 [7.01000000e+02 5.63232703e-01 1.02323554e-01]
 [2.46500000e+03 4.86942164e-01 9.73224431e-02]
 [2.32200000e+03 5.24518836e-01 7.62280436e-02]
 [1.63700000e+03 3.59256006e-01 8.74864642e-02]
 [2.05200000e+03 5.12764943e-01 6.08057035e-02]
 [2.34900000e+03 4.29916176e-01 5.27381533e-02]
 [2.21300000e+03 5.47962030e-01 4.82344627e-02]]
['S2'] [[7.01000000e+02 5.63232703e-01 2.27531005e-01]
 [2.34900000e+03 4.29916176e-01 2.32744753e-01]
 [5.40000000e+02 5.65563412e-01 1.56254705e-01]
 [2.48300000e+03 5.70448892e-01 1.54400607e-01]
 [2.18600000e+03 4.36401001e-01 1.14973532e-01]
 [9.53000000e+02 5.09198375e-01 1.01353692e-01]
 [1.79000000e+02 3.52047868e-01 8.23448955e-02]
 [1.51200000e+03 4.04829288e-01 7.05013165e-02]
 [8.10000000e+02 3.94601785e-01 7.32035097e-02]
 [1.63700000e+03 3.59256006e-01 4.40038526e-02]]
['S3'] [[5.40000000e+02 5.65563412e-01 2.90825831e-01]
 [2.11500000e+03 4.14926830e-01 2.27411794e-01]
 [2.48300000e+03 5.70448892e-01 1.42681791e-01]
 [1.63700000e+03 3.59256006e-01 1.32684235e-01]
 [2.05200000e+03 5.12764943e-01 1.24441418e-01]
 [2.18600000e+03 4.36401001e-01 6.46461455e-02]
 [9.53000000e+02 5.09198375e-01 6.14819367e-02]
 [2.32200000e+03 5.24518836e-01 5.04826760e-02]
 [1.63700000e+03 3.59256006e-01 4.07477088e-02]
 [3.07000000e+02 1.66406701e-01 2.85301702e-02]]
['S4'] [[5.40000000e+02 5.65563412e-01 3.94228680e-01]
 [5.58000000e+02 5.29717815e-01 2.33835827e-01]
 [7.01000000e+02 5.63232703e-01 1.25236772e-01]
 [2.05200000e+03 5.12764943e-01 8.12649360e-02]
 [1.63700000e+03 3.59256006e-01 6.78914669e-02]
 [2.30400000e+03 4.87969326e-01 7.38026624e-02]
 [2.55600000e+03 4.81325501e-01 5.59798376e-02]
 [2.34900000e+03 4.29916176e-01 6.31141509e-02]
 [9.53000000e+02 5.09198375e-01 5.31010872e-02]
 [1.44500000e+03 1.08384863e-01 4.38765300e-02]]
['S5'] [[5.40000000e+02 5.65563412e-01 2.20616173e-01]
 [5.58000000e+02 5.29717815e-01 1.94277029e-01]
 [1.25900000e+03 3.92317914e-01 1.49774570e-01]
 [2.32200000e+03 5.24518836e-01 1.27936331e-01]
 [1.79000000e+02 3.52047868e-01 1.00985948e-01]
 [1.63700000e+03 3.59256006e-01 8.43991377e-02]
 [7.46000000e+02 4.29836551e-01 8.72943891e-02]
 [2.21300000e+03 5.47962030e-01 5.06299773e-02]
 [1.76400000e+03 3.94148732e-01 4.91251562e-02]
 [1.76300000e+03 3.47278535e-01 4.46554777e-02]]
['S6'] [[1.63700000e+03 3.59256006e-01 1.72750764e-01]
 [5.40000000e+02 5.65563412e-01 1.77054618e-01]
 [1.25900000e+03 3.92317914e-01 1.50954255e-01]
 [2.32200000e+03 5.24518836e-01 1.17429869e-01]
 [2.34900000e+03 4.29916176e-01 1.26227158e-01]
 [2.09700000e+03 4.35513392e-01 1.14734551e-01]
 [2.48300000e+03 5.70448892e-01 8.40754635e-02]
 [1.53000000e+03 3.08475959e-01 6.31598706e-02]
 [1.98900000e+03 2.71806581e-01 6.55105468e-02]
 [2.57400000e+03 4.99298500e-01 5.67712748e-02]]
['S7'] [[5.40000000e+02 5.65563412e-01 1.65981291e-01]
 [2.34900000e+03 4.29916176e-01 1.65926278e-01]
 [2.57400000e+03 4.99298500e-01 1.37601967e-01]
 [2.48300000e+03 5.70448892e-01 1.32596764e-01]
 [5.58000000e+02 5.29717815e-01 1.00115261e-01]
 [1.51200000e+03 4.04829288e-01 9.39780696e-02]
 [2.05200000e+03 5.12764943e-01 9.44841697e-02]
 [1.63700000e+03 3.59256006e-01 8.80903596e-02]
 [2.21300000e+03 5.47962030e-01 6.63021275e-02]
 [1.74500000e+03 4.45130444e-01 6.42305299e-02]]
['S8'] [[5.40000000e+02 5.65563412e-01 3.94228680e-01]
 [5.58000000e+02 5.29717815e-01 2.50061044e-01]
 [2.34900000e+03 4.29916176e-01 1.92910396e-01]
 [1.25900000e+03 3.92317914e-01 1.57961260e-01]
 [2.16800000e+03 4.35684829e-01 1.51334933e-01]
 [7.01000000e+02 5.63232703e-01 1.40472293e-01]
 [1.98900000e+03 2.71806581e-01 1.11460968e-01]
 [2.27600000e+03 2.96834242e-01 7.97425246e-02]
 [9.53000000e+02 5.09198375e-01 8.53882185e-02]
 [2.18600000e+03 4.36401001e-01 8.38672936e-02]]
['S9'] [[3.06000000e+02 5.05327804e-01 2.27531005e-01]
 [2.11500000e+03 4.14926830e-01 2.08453427e-01]
 [2.05200000e+03 5.12764943e-01 1.44958955e-01]
 [1.25900000e+03 3.92317914e-01 1.19063615e-01]
 [1.51200000e+03 4.04829288e-01 9.08662022e-02]
 [5.40000000e+02 5.65563412e-01 9.32873107e-02]
 [5.58000000e+02 5.29717815e-01 5.77298724e-02]
 [2.21300000e+03 5.47962030e-01 5.45227138e-02]
 [1.44500000e+03 1.08384863e-01 5.42736653e-02]
 [2.63500000e+03 2.03084487e-01 4.49622223e-02]]
