['S1'] [[5.76000000e+02 4.68699927e-01 1.99992782e-01]
 [1.91000000e+02 4.20984881e-01 1.49454589e-01]
 [6.71000000e+02 2.92504912e-01 1.14117924e-01]
 [1.00000000e+00 2.49147133e-01 9.71928365e-02]
 [7.68000000e+02 4.16714347e-01 7.12568332e-02]
 [1.24000000e+02 1.09599737e-01 6.22914802e-02]
 [7.34000000e+02 2.01502670e-01 4.82702491e-02]
 [9.12000000e+02 2.06904508e-01 4.03927159e-02]
 [1.26000000e+02 1.84409937e-01 3.94261191e-02]
 [6.24000000e+02 1.19857105e-01 3.34429791e-02]]
['S10'] [[3.83000000e+02 4.14475818e-01 1.72750764e-01]
 [7.68000000e+02 4.16714347e-01 1.26585868e-01]
 [1.24000000e+02 1.09599737e-01 1.06323996e-01]
 [3.20000000e+01 4.40674154e-01 8.51259083e-02]
 [6.24000000e+02 1.19857105e-01 6.84923852e-02]
 [1.26000000e+02 1.84409937e-01 5.14427735e-02]
 [1.90000000e+02 3.03249967e-01 4.28984862e-02]
 [5.76000000e+02 4.68699927e-01 2.97455271e-02]
 [1.00000000e+02 5.64366250e-02 2.22846793e-02]
 [1.42000000e+02 1.52429016e-01 1.96624700e-02]]
['S11'] [[3.50000000e+02 2.65702643e-01 9.90064243e-02]
 [6.50000000e+01 2.17516707e-01 8.80805685e-02]
 [4.08000000e+02 8.07483220e-02 7.13431010e-02]
 [1.91000000e+02 4.20984881e-01 6.45992200e-02]
 [7.68000000e+02 4.16714347e-01 6.12061838e-02]
 [1.26000000e+02 1.84409937e-01 3.98438880e-02]
 [5.76000000e+02 4.68699927e-01 3.66060837e-02]
 [6.71000000e+02 2.92504912e-01 3.00204306e-02]
 [7.17000000e+02 1.20362085e-01 2.72807784e-02]
 [6.60000000e+01 2.03347928e-01 2.17633030e-02]]
['S12'] [[1.91000000e+02 4.20984881e-01 1.79536012e-01]
 [7.68000000e+02 4.16714347e-01 1.60790489e-01]
 [7.35000000e+02 4.46192472e-01 8.32537508e-02]
 [6.60000000e+02 9.63414451e-02 7.34053987e-02]
 [6.71000000e+02 2.92504912e-01 7.08259296e-02]
 [5.43000000e+02 3.50666759e-01 4.24942864e-02]
 [4.80000000e+02 2.40905203e-01 3.20759108e-02]
 [9.27000000e+02 4.28208889e-01 2.69292104e-02]
 [7.18000000e+02 1.44674030e-01 2.60782334e-02]
 [6.71000000e+02 2.92504912e-01 1.52473343e-02]]
['S13'] [[5.76000000e+02 4.68699927e-01 1.72750764e-01]
 [1.91000000e+02 4.20984881e-01 1.39019619e-01]
 [3.83000000e+02 4.14475818e-01 8.15776595e-02]
 [7.68000000e+02 4.16714347e-01 6.45830596e-02]
 [1.24000000e+02 1.09599737e-01 6.08277193e-02]
 [7.00000000e+01 8.22733960e-02 5.10168553e-02]
 [4.08000000e+02 8.07483220e-02 4.54825009e-02]
 [7.34000000e+02 2.01502670e-01 3.25623155e-02]
 [1.00000000e+02 5.64366250e-02 2.68736187e-02]
 [1.59000000e+02 2.89788185e-01 1.90840282e-02]]
['S14'] [[5.76000000e+02 4.68699927e-01 2.41425876e-01]
 [3.83000000e+02 4.14475818e-01 1.75287861e-01]
 [1.11900000e+03 4.24666938e-01 1.17162292e-01]
 [3.51000000e+02 3.69327584e-01 8.66896166e-02]
 [7.34000000e+02 2.01502670e-01 6.20805005e-02]
 [3.20000000e+01 4.40674154e-01 4.68854235e-02]
 [5.00000000e+02 8.71729810e-02 3.68549706e-02]
 [5.09000000e+02 1.37401438e-01 1.81344954e-02]
 [7.68000000e+02 4.16714347e-01 1.74268838e-02]
 [7.83000000e+02 2.26950040e-01 1.81182777e-02]]
['S15'] [[2.24000000e+02 4.16375148e-01 1.18979284e-01]
 [6.71000000e+02 2.92504912e-01 8.79345444e-02]
 [5.76000000e+02 4.68699927e-01 6.35735743e-02]
 [6.24000000e+02 1.19857105e-01 6.37198389e-02]
 [3.83000000e+02 4.14475818e-01 5.29585898e-02]
 [1.24000000e+02 1.09599737e-01 4.87416371e-02]
 [5.74000000e+02 1.82777044e-01 3.10354895e-02]
 [1.91000000e+02 4.20984881e-01 2.65338685e-02]
 [5.58000000e+02 1.29956034e-01 2.52486462e-02]
 [1.26000000e+02 1.84409937e-01 1.80125641e-02]]
['S16'] [[5.76000000e+02 4.68699927e-01 2.13722040e-01]
 [7.35000000e+02 4.46192472e-01 9.30209641e-02]
 [6.71000000e+02 2.92504912e-01 5.39830177e-02]
 [3.83000000e+02 4.14475818e-01 5.03997340e-02]
 [1.00000000e+02 5.64366250e-02 4.87650577e-02]
 [1.05900000e+03 7.86746398e-02 4.81749584e-02]
 [1.91000000e+02 4.20984881e-01 3.12929335e-02]
 [7.18000000e+02 1.44674030e-01 3.08870510e-02]
 [2.00000000e+00 1.61045832e-01 1.85655225e-02]
 [9.12000000e+02 2.06904508e-01 1.60622700e-02]]
['S17'] [[3.83000000e+02 4.14475818e-01 2.55412748e-01]
 [5.76000000e+02 4.68699927e-01 1.16311207e-01]
 [5.58000000e+02 1.29956034e-01 5.92186303e-02]
 [9.27000000e+02 4.28208889e-01 5.98297114e-02]
 [1.91000000e+02 4.20984881e-01 3.68518072e-02]
 [1.07400000e+03 1.47966983e-01 2.68478509e-02]
 [2.00000000e+00 1.61045832e-01 2.67693548e-02]
 [7.68000000e+02 4.16714347e-01 2.34191307e-02]
 [7.17000000e+02 1.20362085e-01 2.16693218e-02]
 [7.18000000e+02 1.44674030e-01 8.60795777e-03]]
['S18'] [[1.92000000e+02 3.97242523e-01 1.59226798e-01]
 [7.68000000e+02 4.16714347e-01 1.23493349e-01]
 [1.91000000e+02 4.20984881e-01 8.02152800e-02]
 [6.71000000e+02 2.92504912e-01 4.53809637e-02]
 [1.11900000e+03 4.24666938e-01 3.26021141e-02]
 [7.52000000e+02 1.55854243e-01 2.77163407e-02]
 [6.57000000e+02 1.22616437e-01 2.73534907e-02]
 [2.88000000e+02 2.04466740e-01 2.67317770e-02]
 [1.07400000e+03 1.47966983e-01 1.08512727e-02]
 [1.24600000e+03 8.82526137e-02 7.12961118e-03]]
['S19'] [[3.51000000e+02 3.69327584e-01 1.65981291e-01]
 [7.68000000e+02 4.16714347e-01 1.41921239e-01]
 [3.83000000e+02 4.14475818e-01 9.36841494e-02]
 [6.71000000e+02 2.92504912e-01 9.35339485e-02]
 [5.74000000e+02 1.82777044e-01 5.66696205e-02]
 [8.33000000e+02 2.23236949e-01 4.31332856e-02]
 [6.24000000e+02 1.19857105e-01 1.65158028e-02]
 [3.13000000e+02 1.17803310e-01 1.21290671e-02]
 [5.05000000e+02 1.20739892e-01 1.06623637e-02]
 [5.60000000e+02 1.59266654e-01 6.87824606e-03]]
['S2'] [[1.91000000e+02 4.20984881e-01 2.06847863e-01]
 [5.76000000e+02 4.68699927e-01 1.55650395e-01]
 [6.24000000e+02 1.19857105e-01 9.61237955e-02]
 [7.35000000e+02 4.46192472e-01 7.04057744e-02]
 [8.63000000e+02 2.90444391e-01 3.27148870e-02]
 [8.32000000e+02 2.42585668e-01 1.98241808e-02]
 [2.24000000e+02 4.16375148e-01 1.69942048e-02]
 [1.07400000e+03 1.47966983e-01 1.34728358e-02]
 [8.33000000e+02 2.23236949e-01 1.20161594e-02]
 [6.66000000e+02 1.34567993e-01 9.90512577e-03]]
['S3'] [[5.76000000e+02 4.68699927e-01 1.72750764e-01]
 [7.68000000e+02 4.16714347e-01 1.17173169e-01]
 [7.34000000e+02 2.01502670e-01 5.75205626e-02]
 [7.35000000e+02 4.46192472e-01 3.39078857e-02]
 [7.52000000e+02 1.55854243e-01 3.61182309e-02]
 [1.92000000e+02 3.97242523e-01 2.27962874e-02]
 [8.32000000e+02 2.42585668e-01 2.14839843e-02]
 [1.93000000e+02 2.32503900e-01 1.62373148e-02]
 [1.07400000e+03 1.47966983e-01 1.53356295e-02]
 [3.82000000e+02 2.81178623e-01 8.04238969e-03]]
['S4'] [[3.51000000e+02 3.69327584e-01 2.48407470e-01]
 [3.20000000e+01 4.40674154e-01 1.47083280e-01]
 [7.17000000e+02 1.20362085e-01 7.53412982e-02]
 [4.16000000e+02 3.95541331e-01 6.78385932e-02]
 [1.24000000e+02 1.09599737e-01 6.51495946e-02]
 [8.33000000e+02 2.23236949e-01 3.80987576e-02]
 [7.18000000e+02 1.44674030e-01 2.45844767e-02]
 [3.50000000e+02 2.65702643e-01 2.34361870e-02]
 [5.76000000e+02 4.68699927e-01 1.79561599e-02]
 [4.93000000e+02 1.01029917e-01 1.74239623e-02]]
['S5'] [[3.83000000e+02 4.14475818e-01 2.55412748e-01]
 [1.91000000e+02 4.20984881e-01 1.97256106e-01]
 [5.76000000e+02 4.68699927e-01 1.45274559e-01]
 [1.92000000e+02 3.97242523e-01 4.63720069e-02]
 [1.90000000e+02 3.03249967e-01 3.16781823e-02]
 [7.35000000e+02 4.46192472e-01 1.91583824e-02]
 [3.82000000e+02 2.81178623e-01 1.51105698e-02]
 [7.68000000e+02 4.16714347e-01 7.21192942e-03]
 [4.80000000e+02 2.40905203e-01 2.27058324e-03]
 [6.72000000e+02 1.51995050e-01 5.09679362e-04]]
['S6'] [[7.34000000e+02 2.01502670e-01 1.32346252e-01]
 [1.90000000e+02 3.03249967e-01 7.69663300e-02]
 [1.91000000e+02 4.20984881e-01 6.18786209e-02]
 [6.24000000e+02 1.19857105e-01 4.97077815e-02]
 [6.71000000e+02 2.92504912e-01 3.74070144e-02]
 [5.76000000e+02 4.68699927e-01 2.56862492e-02]
 [6.53000000e+02 1.10399679e-01 2.00228623e-02]
 [3.83000000e+02 4.14475818e-01 1.89874337e-02]
 [7.68000000e+02 4.16714347e-01 1.54335831e-02]
 [5.00000000e+02 8.71729810e-02 1.56653224e-02]]
['S7'] [[3.83000000e+02 4.14475818e-01 1.45760347e-01]
 [3.82000000e+02 2.81178623e-01 9.79245493e-02]
 [7.68000000e+02 4.16714347e-01 9.14303122e-02]
 [6.24000000e+02 1.19857105e-01 8.66576081e-02]
 [1.91000000e+02 4.20984881e-01 8.15146575e-02]
 [4.08000000e+02 8.07483220e-02 3.42855025e-02]
 [1.11900000e+03 4.24666938e-01 2.70220228e-02]
 [7.18000000e+02 1.44674030e-01 2.87239248e-02]
 [5.76000000e+02 4.68699927e-01 1.80865576e-02]
 [8.32000000e+02 2.42585668e-01 1.28439575e-02]]
['S8'] [[3.20000000e+01 4.40674154e-01 2.34467295e-01]
 [1.91000000e+02 4.20984881e-01 1.58074916e-01]
 [1.90000000e+02 3.03249967e-01 5.78500783e-02]
 [8.33000000e+02 2.23236949e-01 4.48884021e-02]
 [3.83000000e+02 4.14475818e-01 3.98295005e-02]
 [6.71000000e+02 2.92504912e-01 3.27882198e-02]
 [6.24000000e+02 1.19857105e-01 2.49713098e-02]
 [6.41000000e+02 1.89394333e-01 2.68121817e-02]
 [1.04300000e+03 1.30897583e-01 2.47252888e-02]
 [7.52000000e+02 1.55854243e-01 1.70688514e-02]]
['S9'] [[3.83000000e+02 4.14475818e-01 1.72750764e-01]
 [5.76000000e+02 4.68699927e-01 1.42384849e-01]
 [3.50000000e+02 2.65702643e-01 1.06975558e-01]
 [7.68000000e+02 4.16714347e-01 9.56405158e-02]
 [1.04300000e+03 1.30897583e-01 8.47428808e-02]
 [8.32000000e+02 2.42585668e-01 5.26431186e-02]
 [8.63000000e+02 2.90444391e-01 5.56964298e-02]
 [8.33000000e+02 2.23236949e-01 3.81850117e-02]
 [5.74000000e+02 1.82777044e-01 2.90756474e-02]
 [4.08000000e+02 8.07483220e-02 2.17142252e-02]]
