['S1'] [[ 2.00000000e+00 -1.53386076e-17  1.45760347e-01]
 [ 6.00000000e+00  2.37383213e-17  1.49015441e-01]
 [ 5.00000000e+00  1.59777162e-16  5.99060398e-02]
 [ 2.00000000e+00 -1.53386076e-17  1.79093552e-02]
 [ 6.00000000e+00  2.37383213e-17  3.83790232e-03]
 [ 5.00000000e+00  1.59777162e-16  2.47359780e-03]
 [ 2.00000000e+00 -1.53386076e-17  6.29723155e-04]
 [ 6.00000000e+00  2.37383213e-17  1.58607961e-04]
 [ 5.00000000e+00  1.59777162e-16  8.85725024e-05]
 [ 2.00000000e+00 -1.53386076e-17  2.43186951e-05]]
['S10'] [[ 5.00000000e+00  1.59777162e-16  1.86337594e-01]
 [ 2.00000000e+00 -1.53386076e-17  1.68973576e-01]
 [ 3.00000000e+00 -3.17728300e-17  4.49644321e-02]
 [ 6.00000000e+00  2.37383213e-17  3.37367439e-02]
 [ 5.00000000e+00  1.59777162e-16  2.66197002e-02]
 [ 9.00000000e+00  9.13012356e-17  1.05074339e-02]
 [ 2.00000000e+00 -1.53386076e-17  4.67470713e-03]
 [ 6.00000000e+00  2.37383213e-17  1.73574860e-03]
 [ 5.00000000e+00  1.59777162e-16  1.00481544e-03]
 [ 3.00000000e+00 -3.17728300e-17  9.66906849e-04]]
['S11'] [[ 2.00000000e+00 -1.53386076e-17  1.32346191e-01]
 [ 5.00000000e+00  1.59777162e-16  1.06461017e-01]
 [ 3.00000000e+00 -3.17728300e-17  3.99777943e-02]
 [ 2.00000000e+00 -1.53386076e-17  8.82994234e-03]
 [ 5.00000000e+00  1.59777162e-16  4.18450891e-03]
 [ 2.00000000e+00 -1.53386076e-17  4.45842772e-04]
 [ 5.00000000e+00  1.59777162e-16  4.76241112e-05]
 [ 2.00000000e+00 -1.53386076e-17  5.12599945e-06]
 [ 5.00000000e+00  1.59777162e-16  5.36441803e-07]
 [ 2.00000000e+00 -1.53386076e-17  0.00000000e+00]]
['S12'] [[ 3.00000000e+00 -3.17728300e-17  1.18979284e-01]
 [ 2.00000000e+00 -1.53386076e-17  5.88915741e-02]
 [ 6.00000000e+00  2.37383213e-17  4.33106423e-02]
 [ 5.00000000e+00  1.59777162e-16  2.05743603e-03]
 [ 2.00000000e+00 -1.53386076e-17  1.75178230e-03]
 [ 5.00000000e+00  1.59777162e-16  1.68979170e-04]
 [ 6.00000000e+00  2.37383213e-17  1.09493733e-04]
 [ 2.00000000e+00 -1.53386076e-17  2.02059746e-05]
 [ 5.00000000e+00  1.59777162e-16  4.35113907e-06]
 [ 6.00000000e+00  2.37383213e-17  7.74860382e-07]]
['S13'] [[ 3.00000000e+00 -3.17728300e-17  7.91119395e-02]
 [ 9.00000000e+00  9.13012356e-17  4.60255616e-02]
 [ 5.00000000e+00  1.59777162e-16  3.33643921e-02]
 [ 3.00000000e+00 -3.17728300e-17  6.76266727e-03]
 [ 9.00000000e+00  9.13012356e-17  1.02913416e-03]
 [ 5.00000000e+00  1.59777162e-16  6.13987523e-04]
 [ 3.00000000e+00 -3.17728300e-17  1.45018102e-04]
 [ 9.00000000e+00  9.13012356e-17  2.13980675e-05]
 [ 5.00000000e+00  1.59777162e-16  1.32322311e-05]
 [ 3.00000000e+00 -3.17728300e-17  3.03983688e-06]]
['S14'] [[ 3.00000000e+00 -3.17728300e-17  9.23670579e-02]
 [ 5.00000000e+00  1.59777162e-16  7.38198024e-02]
 [ 8.00000000e+00  5.30916685e-17  5.10746433e-02]
 [ 3.00000000e+00 -3.17728300e-17  4.77794468e-03]
 [ 5.00000000e+00  1.59777162e-16  1.54721860e-03]
 [ 3.00000000e+00 -3.17728300e-17  1.37805940e-04]
 [ 5.00000000e+00  1.59777162e-16  1.23381615e-05]
 [ 3.00000000e+00 -3.17728300e-17  1.07288361e-06]
 [ 5.00000000e+00  1.59777162e-16  5.96046448e-08]
 [ 3.00000000e+00 -3.17728300e-17  0.00000000e+00]]
['S15'] [[ 6.00000000e+00  2.37383213e-17  1.52486743e-01]
 [ 2.00000000e+00 -1.53386076e-17  1.42755878e-01]
 [ 9.00000000e+00  9.13012356e-17  1.12795768e-01]
 [ 8.00000000e+00  5.30916685e-17  8.62768222e-02]
 [ 3.00000000e+00 -3.17728300e-17  4.31491700e-02]
 [ 2.00000000e+00 -1.53386076e-17  2.17988442e-02]
 [ 6.00000000e+00  2.37383213e-17  1.33455570e-02]
 [ 9.00000000e+00  9.13012356e-17  1.86676004e-03]
 [ 2.00000000e+00 -1.53386076e-17  1.36494721e-03]
 [ 6.00000000e+00  2.37383213e-17  2.03192237e-04]]
['S16'] [[8.00000000e+00 5.30916685e-17 2.63217663e-02]
 [8.00000000e+00 5.30916685e-17 1.78813934e-07]
 [8.00000000e+00 5.30916685e-17 0.00000000e+00]
 [8.00000000e+00 5.30916685e-17 0.00000000e+00]
 [8.00000000e+00 5.30916685e-17 0.00000000e+00]
 [8.00000000e+00 5.30916685e-17 0.00000000e+00]
 [8.00000000e+00 5.30916685e-17 0.00000000e+00]
 [8.00000000e+00 5.30916685e-17 0.00000000e+00]
 [8.00000000e+00 5.30916685e-17 0.00000000e+00]
 [8.00000000e+00 5.30916685e-17 0.00000000e+00]]
['S17'] [[ 3.00000000e+00 -3.17728300e-17  1.18979344e-01]
 [ 9.00000000e+00  9.13012356e-17  8.97927732e-02]
 [ 2.00000000e+00 -1.53386076e-17  1.31445348e-02]
 [ 5.00000000e+00  1.59777162e-16  1.19104057e-02]
 [ 3.00000000e+00 -3.17728300e-17  8.34198274e-03]
 [ 9.00000000e+00  9.13012356e-17  2.06387336e-03]
 [ 8.00000000e+00  5.30916685e-17  1.06364529e-03]
 [ 2.00000000e+00 -1.53386076e-17  9.91225567e-04]
 [ 5.00000000e+00  1.59777162e-16  8.93473863e-04]
 [ 3.00000000e+00 -3.17728300e-17  1.65224077e-04]]
['S18'] [[ 9.00000000e+00  9.13012356e-17  9.23670579e-02]
 [ 5.00000000e+00  1.59777162e-16  7.97917721e-02]
 [ 2.00000000e+00 -1.53386076e-17  8.28664024e-02]
 [ 6.00000000e+00  2.37383213e-17  2.62312239e-02]
 [ 8.00000000e+00  5.30916685e-17  1.52816150e-02]
 [ 5.00000000e+00  1.59777162e-16  1.02520600e-02]
 [ 9.00000000e+00  9.13012356e-17  7.73874472e-03]
 [ 2.00000000e+00 -1.53386076e-17  5.83100967e-03]
 [ 7.00000000e+00 -9.09588559e-18  2.65300896e-03]
 [ 9.00000000e+00  9.13012356e-17  1.05416814e-03]]
['S19'] [[ 2.00000000e+00 -1.53386076e-17  1.45760347e-01]
 [ 9.00000000e+00  9.13012356e-17  1.06144001e-01]
 [ 5.00000000e+00  1.59777162e-16  5.58505690e-02]
 [ 2.00000000e+00 -1.53386076e-17  1.62503121e-02]
 [ 9.00000000e+00  9.13012356e-17  2.62153749e-03]
 [ 5.00000000e+00  1.59777162e-16  1.84762688e-03]
 [ 2.00000000e+00 -1.53386076e-17  4.69088589e-04]
 [ 9.00000000e+00  9.13012356e-17  8.29100611e-05]
 [ 5.00000000e+00  1.59777162e-16  5.35845757e-05]
 [ 2.00000000e+00 -1.53386076e-17  1.43647194e-05]]
['S2'] [[ 6.00000000e+00  2.37383213e-17  1.52486743e-01]
 [ 2.00000000e+00 -1.53386076e-17  1.15370714e-01]
 [ 3.00000000e+00 -3.17728300e-17  1.07812088e-01]
 [ 5.00000000e+00  1.59777162e-16  7.91516453e-02]
 [ 8.00000000e+00  5.30916685e-17  2.11365103e-02]
 [ 6.00000000e+00  2.37383213e-17  6.95657031e-03]
 [ 2.00000000e+00 -1.53386076e-17  6.79932582e-03]
 [ 3.00000000e+00 -3.17728300e-17  4.98167821e-03]
 [ 5.00000000e+00  1.59777162e-16  2.66969838e-03]
 [ 8.00000000e+00  5.30916685e-17  5.43594414e-04]]
['S3'] [[ 5.00000000e+00  1.59777162e-16  5.26801760e-02]
 [ 6.00000000e+00  2.37383213e-17  4.65613619e-02]
 [ 3.00000000e+00 -3.17728300e-17  1.51979703e-02]
 [ 2.00000000e+00 -1.53386076e-17  6.33963495e-03]
 [ 5.00000000e+00  1.59777162e-16  2.25603963e-03]
 [ 2.00000000e+00 -1.53386076e-17  2.25663189e-04]
 [ 5.00000000e+00  1.59777162e-16  2.25901604e-05]
 [ 2.00000000e+00 -1.53386076e-17  2.26497650e-06]
 [ 5.00000000e+00  1.59777162e-16  2.38418579e-07]
 [ 2.00000000e+00 -1.53386076e-17  5.96046448e-08]]
['S4'] [[ 5.00000000e+00  1.59777162e-16  1.72750764e-01]
 [ 9.00000000e+00  9.13012356e-17  8.15069173e-02]
 [ 8.00000000e+00  5.30916685e-17  4.97557028e-02]
 [ 2.00000000e+00 -1.53386076e-17  1.66043996e-02]
 [ 5.00000000e+00  1.59777162e-16  4.13634752e-03]
 [ 8.00000000e+00  5.30916685e-17  2.21670037e-03]
 [ 2.00000000e+00 -1.53386076e-17  7.17938070e-04]
 [ 5.00000000e+00  1.59777162e-16  1.35600568e-04]
 [ 8.00000000e+00  5.30916685e-17  9.50098041e-05]
 [ 2.00000000e+00 -1.53386076e-17  2.63452530e-05]]
['S5'] [[ 5.00000000e+00  1.59777162e-16  9.23670579e-02]
 [ 3.00000000e+00 -3.17728300e-17  1.00564584e-01]
 [ 8.00000000e+00  5.30916685e-17  9.19166978e-02]
 [ 2.00000000e+00 -1.53386076e-17  5.27445488e-02]
 [ 5.00000000e+00  1.59777162e-16  1.76747963e-02]
 [ 8.00000000e+00  5.30916685e-17  6.69632430e-03]
 [ 2.00000000e+00 -1.53386076e-17  2.81292942e-03]
 [ 5.00000000e+00  1.59777162e-16  5.84602423e-04]
 [ 8.00000000e+00  5.30916685e-17  3.52501884e-04]
 [ 2.00000000e+00 -1.53386076e-17  1.09076500e-04]]
['S6'] [[6.00000000e+00 2.37383213e-17 4.60851733e-02]
 [5.00000000e+00 1.59777162e-16 1.34903031e-02]
 [6.00000000e+00 2.37383213e-17 9.72747806e-05]
 [5.00000000e+00 1.59777162e-16 7.15255737e-07]
 [5.00000000e+00 1.59777162e-16 0.00000000e+00]
 [5.00000000e+00 1.59777162e-16 0.00000000e+00]
 [5.00000000e+00 1.59777162e-16 0.00000000e+00]
 [5.00000000e+00 1.59777162e-16 0.00000000e+00]
 [5.00000000e+00 1.59777162e-16 0.00000000e+00]
 [5.00000000e+00 1.59777162e-16 0.00000000e+00]]
['S7'] [[ 5.00000000e+00  1.59777162e-16  1.72750764e-01]
 [ 6.00000000e+00  2.37383213e-17  1.58346118e-01]
 [ 9.00000000e+00  9.13012356e-17  4.26219521e-02]
 [ 8.00000000e+00  5.30916685e-17  2.56174798e-02]
 [ 3.00000000e+00 -3.17728300e-17  2.30678697e-02]
 [ 5.00000000e+00  1.59777162e-16  8.63132453e-03]
 [ 3.00000000e+00 -3.17728300e-17  7.52806806e-04]
 [ 5.00000000e+00  1.59777162e-16  6.55651093e-05]
 [ 3.00000000e+00 -3.17728300e-17  5.72204590e-06]
 [ 5.00000000e+00  1.59777162e-16  5.96046448e-07]]
['S8'] [[ 6.00000000e+00  2.37383213e-17  1.52486743e-01]
 [ 5.00000000e+00  1.59777162e-16  1.50268194e-01]
 [ 3.00000000e+00 -3.17728300e-17  1.17143137e-01]
 [ 9.00000000e+00  9.13012356e-17  2.66139144e-02]
 [ 8.00000000e+00  5.30916685e-17  2.20966532e-02]
 [ 5.00000000e+00  1.59777162e-16  1.39941767e-02]
 [ 3.00000000e+00 -3.17728300e-17  3.87646709e-03]
 [ 6.00000000e+00  2.37383213e-17  2.43783480e-03]
 [ 5.00000000e+00  1.59777162e-16  5.43355995e-04]
 [ 8.00000000e+00  5.30916685e-17  4.13894677e-04]]
['S9'] [[ 5.00000000e+00  1.59777162e-16  1.86337656e-01]
 [ 6.00000000e+00  2.37383213e-17  1.31396153e-01]
 [ 9.00000000e+00  9.13012356e-17  2.84592428e-02]
 [ 4.00000000e+00 -8.36319318e-17  1.40456256e-02]
 [ 5.00000000e+00  1.59777162e-16  4.85197537e-03]
 [ 4.00000000e+00 -8.36319318e-17  2.24947933e-04]
 [ 5.00000000e+00  1.59777162e-16  1.04904175e-05]
 [ 4.00000000e+00 -8.36319318e-17  4.76837158e-07]
 [ 4.00000000e+00 -8.36319318e-17  5.96046448e-08]
 [ 4.00000000e+00 -8.36319318e-17  0.00000000e+00]]
