['S1'] [[1.28000000e+02 5.84411448e-01 3.79003965e-01]
 [7.90000000e+01 4.56619782e-01 2.35022010e-01]
 [1.10300000e+03 5.88568587e-01 1.84521864e-01]
 [1.09500000e+03 5.08196913e-01 1.60719729e-01]
 [9.96000000e+02 3.98829856e-01 1.48149379e-01]
 [1.03200000e+03 5.37352477e-01 1.29231198e-01]
 [1.63000000e+03 2.45539227e-01 1.34531789e-01]
 [1.65200000e+03 2.46462232e-01 9.86166435e-02]
 [1.68000000e+02 2.76266943e-01 9.68614938e-02]
 [8.59000000e+02 4.54468681e-01 9.78720141e-02]]
['S10'] [[1.28000000e+02 5.84411448e-01 4.41000791e-01]
 [7.04000000e+02 4.97070212e-01 2.34241911e-01]
 [9.40000000e+02 4.76910187e-01 2.10933846e-01]
 [9.68000000e+02 3.37255370e-01 1.81805477e-01]
 [1.63000000e+03 2.45539227e-01 1.33707528e-01]
 [3.60000000e+02 4.97915485e-01 1.13802911e-01]
 [6.72000000e+02 4.04711079e-01 1.07723085e-01]
 [1.15200000e+03 1.54803648e-01 9.96308824e-02]
 [6.65000000e+02 1.13731005e-01 9.25737960e-02]
 [9.55000000e+02 2.27226963e-01 8.23900830e-02]]
['S11'] [[1.99000000e+02 6.18891237e-01 2.90825831e-01]
 [7.90000000e+01 4.56619782e-01 2.46811951e-01]
 [6.72000000e+02 4.04711079e-01 2.02921483e-01]
 [9.40000000e+02 4.76910187e-01 2.03545905e-01]
 [1.03200000e+03 5.37352477e-01 1.77063227e-01]
 [7.04000000e+02 4.97070212e-01 1.42903023e-01]
 [1.54800000e+03 3.46314790e-01 1.17426727e-01]
 [6.65000000e+02 1.13731005e-01 1.11106074e-01]
 [3.52000000e+02 5.73661540e-01 1.02077999e-01]
 [1.09500000e+03 5.08196913e-01 9.99294746e-02]]
['S12'] [[3.11000000e+02 6.24870355e-01 2.97991682e-01]
 [7.04000000e+02 4.97070212e-01 1.62992804e-01]
 [8.51000000e+02 3.79867457e-01 1.40102049e-01]
 [7.90000000e+01 4.56619782e-01 1.38235605e-01]
 [1.39400000e+03 2.98830913e-01 1.21500967e-01]
 [1.99000000e+02 6.18891237e-01 1.19870083e-01]
 [8.71000000e+02 4.77387402e-01 1.12140178e-01]
 [9.40000000e+02 4.76910187e-01 1.34407377e-01]
 [4.91000000e+02 2.42406980e-01 1.10589926e-01]
 [1.54800000e+03 3.46314790e-01 1.07232097e-01]]
['S13'] [[1.99000000e+02 6.18891237e-01 3.19672251e-01]
 [7.04000000e+02 4.97070212e-01 2.13574418e-01]
 [4.91000000e+02 2.42406980e-01 1.89254721e-01]
 [8.59000000e+02 4.54468681e-01 1.91033657e-01]
 [9.40000000e+02 4.76910187e-01 1.55726538e-01]
 [9.55000000e+02 2.27226963e-01 1.35115551e-01]
 [2.40000000e+02 6.29376761e-01 1.40992256e-01]
 [6.65000000e+02 1.13731005e-01 1.37254002e-01]
 [1.03200000e+03 5.37352477e-01 1.18968221e-01]
 [1.10300000e+03 5.88568587e-01 1.07863403e-01]]
['S14'] [[1.28000000e+02 5.84411448e-01 3.79003965e-01]
 [2.40000000e+02 6.29376761e-01 2.47261563e-01]
 [1.10300000e+03 5.88568587e-01 2.57403933e-01]
 [1.09500000e+03 5.08196913e-01 2.01579643e-01]
 [1.07000000e+02 6.14278150e-01 1.84287268e-01]
 [4.91000000e+02 2.42406980e-01 1.97843064e-01]
 [8.28000000e+02 4.48581663e-01 1.39590360e-01]
 [7.90000000e+01 4.56619782e-01 1.54512551e-01]
 [1.99000000e+02 6.18891237e-01 1.35270095e-01]
 [1.03200000e+03 5.37352477e-01 1.17982057e-01]]
['S15'] [[1.28000000e+02 5.84411448e-01 3.49042766e-01]
 [9.40000000e+02 4.76910187e-01 2.86896863e-01]
 [1.39400000e+03 2.98830913e-01 1.82055016e-01]
 [2.40000000e+02 6.29376761e-01 1.62613129e-01]
 [1.10300000e+03 5.88568587e-01 1.53668246e-01]
 [8.28000000e+02 4.48581663e-01 1.05974500e-01]
 [1.07500000e+03 4.58310487e-01 1.18586905e-01]
 [1.54800000e+03 3.46314790e-01 1.02461124e-01]
 [1.03200000e+03 5.37352477e-01 1.08052752e-01]
 [6.23000000e+02 4.22232189e-01 1.10547690e-01]]
['S16'] [[2.40000000e+02 6.29376761e-01 2.34467295e-01]
 [6.95000000e+02 3.38530381e-01 1.91009305e-01]
 [6.71000000e+02 3.89828321e-01 1.32235862e-01]
 [8.71000000e+02 4.77387402e-01 1.40886652e-01]
 [1.28000000e+02 5.84411448e-01 1.16778117e-01]
 [8.51000000e+02 3.79867457e-01 1.21103090e-01]
 [1.39400000e+03 2.98830913e-01 1.01748142e-01]
 [9.40000000e+02 4.76910187e-01 1.03247523e-01]
 [1.03200000e+03 5.37352477e-01 9.97251537e-02]
 [1.63000000e+03 2.45539227e-01 9.11254116e-02]]
['S17'] [[1.99000000e+02 6.18891237e-01 3.63945043e-01]
 [1.29000000e+03 3.11393724e-01 1.55364767e-01]
 [1.28000000e+02 5.84411448e-01 1.67948068e-01]
 [1.41200000e+03 3.46396157e-01 1.70168935e-01]
 [6.63000000e+02 3.72778877e-01 1.27409939e-01]
 [3.60000000e+02 4.97915485e-01 1.01633297e-01]
 [9.40000000e+02 4.76910187e-01 1.04340502e-01]
 [4.91000000e+02 2.42406980e-01 9.69862186e-02]
 [7.90000000e+01 4.56619782e-01 9.77921593e-02]
 [1.03200000e+03 5.37352477e-01 8.78898549e-02]]
['S18'] [[2.40000000e+02 6.29376761e-01 2.62442778e-01]
 [8.59000000e+02 4.54468681e-01 1.86682262e-01]
 [1.03200000e+03 5.37352477e-01 1.58899227e-01]
 [9.40000000e+02 4.76910187e-01 1.66334364e-01]
 [1.09500000e+03 5.08196913e-01 1.27988981e-01]
 [1.99000000e+02 6.18891237e-01 1.15607857e-01]
 [7.80000000e+02 2.89686616e-01 1.08994905e-01]
 [1.37900000e+03 3.66784540e-01 1.03490487e-01]
 [1.63000000e+03 2.45539227e-01 1.05774808e-01]
 [8.28000000e+02 4.48581663e-01 1.01233857e-01]]
['S19'] [[1.99000000e+02 6.18891237e-01 3.94228680e-01]
 [1.28000000e+02 5.84411448e-01 2.54137265e-01]
 [7.67000000e+02 2.41133391e-01 2.15982059e-01]
 [8.28000000e+02 4.48581663e-01 1.66765299e-01]
 [9.40000000e+02 4.76910187e-01 1.78366130e-01]
 [1.03200000e+03 5.37352477e-01 1.38207356e-01]
 [8.59000000e+02 4.54468681e-01 1.15966072e-01]
 [3.60000000e+02 4.97915485e-01 9.88555883e-02]
 [1.00400000e+03 3.58755704e-01 8.81919361e-02]
 [7.90000000e+01 4.56619782e-01 8.91421342e-02]]
['S2'] [[2.07000000e+02 5.13680403e-01 2.69498196e-01]
 [9.40000000e+02 4.76910187e-01 2.49864989e-01]
 [1.28000000e+02 5.84411448e-01 2.07649891e-01]
 [7.90000000e+01 4.56619782e-01 1.72426338e-01]
 [1.10300000e+03 5.88568587e-01 1.83363692e-01]
 [1.03200000e+03 5.37352477e-01 1.13636628e-01]
 [3.60000000e+02 4.97915485e-01 9.67639663e-02]
 [1.99000000e+02 6.18891237e-01 1.00149878e-01]
 [4.79000000e+02 1.79988432e-01 1.07417199e-01]
 [6.42000000e+02 1.84909355e-01 1.04171186e-01]]
['S3'] [[2.40000000e+02 6.29376761e-01 3.79003965e-01]
 [9.40000000e+02 4.76910187e-01 2.42188322e-01]
 [9.91000000e+02 5.02867730e-01 1.77420031e-01]
 [1.99000000e+02 6.18891237e-01 1.24457399e-01]
 [7.27000000e+02 4.04145189e-01 1.23916999e-01]
 [8.71000000e+02 4.77387402e-01 1.35996100e-01]
 [7.90000000e+01 4.56619782e-01 9.86229029e-02]
 [1.10300000e+03 5.88568587e-01 8.79913077e-02]
 [8.35000000e+02 2.04664882e-01 6.54106996e-02]
 [1.00400000e+03 3.58755704e-01 6.36552643e-02]]
['S4'] [[1.28000000e+02 5.84411448e-01 4.56994591e-01]
 [2.40000000e+02 6.29376761e-01 3.17823325e-01]
 [1.99000000e+02 6.18891237e-01 1.68517186e-01]
 [3.52000000e+02 5.73661540e-01 9.95047084e-02]
 [1.65200000e+03 2.46462232e-01 9.43062835e-02]
 [7.84000000e+02 3.93659033e-01 8.38879422e-02]
 [1.00400000e+03 3.58755704e-01 7.51264038e-02]
 [1.09500000e+03 5.08196913e-01 7.78857377e-02]
 [6.30000000e+02 2.06074990e-01 7.01107701e-02]
 [1.61000000e+03 2.66151803e-01 7.28757299e-02]]
['S5'] [[1.20000000e+01 5.72564478e-01 3.05187451e-01]
 [1.99000000e+02 6.18891237e-01 2.16221110e-01]
 [7.90000000e+01 4.56619782e-01 2.33778568e-01]
 [8.28000000e+02 4.48581663e-01 1.87256129e-01]
 [4.31000000e+02 4.62658469e-01 1.17471567e-01]
 [9.40000000e+02 4.76910187e-01 1.16766274e-01]
 [1.03200000e+03 5.37352477e-01 1.15377962e-01]
 [8.59000000e+02 4.54468681e-01 9.13008491e-02]
 [5.60000000e+01 3.02012461e-01 9.41908832e-02]
 [2.40000000e+02 6.29376761e-01 1.05544687e-01]]
['S6'] [[1.28000000e+02 5.84411448e-01 2.20616173e-01]
 [8.28000000e+02 4.48581663e-01 1.94890236e-01]
 [9.40000000e+02 4.76910187e-01 1.74145764e-01]
 [1.99000000e+02 6.18891237e-01 1.45775811e-01]
 [4.91000000e+02 2.42406980e-01 1.44413457e-01]
 [7.27000000e+02 4.04145189e-01 1.45468075e-01]
 [8.59000000e+02 4.54468681e-01 1.32179940e-01]
 [8.84000000e+02 3.51585766e-01 1.17435127e-01]
 [7.04000000e+02 4.97070212e-01 1.20919589e-01]
 [1.63000000e+03 2.45539227e-01 1.10669088e-01]]
['S7'] [[1.28000000e+02 5.84411448e-01 2.48407470e-01]
 [1.09500000e+03 5.08196913e-01 1.66509292e-01]
 [1.10300000e+03 5.88568587e-01 1.65367754e-01]
 [9.40000000e+02 4.76910187e-01 1.48986922e-01]
 [9.32000000e+02 4.78069144e-01 1.89615454e-01]
 [1.99000000e+02 6.18891237e-01 1.28668395e-01]
 [6.65000000e+02 1.13731005e-01 1.20276006e-01]
 [6.72000000e+02 4.04711079e-01 9.96773557e-02]
 [1.63000000e+03 2.45539227e-01 9.95762227e-02]
 [1.61000000e+03 2.66151803e-01 8.11590984e-02]]
['S8'] [[2.40000000e+02 6.29376761e-01 4.41000791e-01]
 [1.28000000e+02 5.84411448e-01 3.02499332e-01]
 [9.40000000e+02 4.76910187e-01 2.60134652e-01]
 [1.99000000e+02 6.18891237e-01 2.56176215e-01]
 [8.84000000e+02 3.51585766e-01 3.04117085e-01]
 [7.90000000e+01 4.56619782e-01 2.42230330e-01]
 [1.63000000e+03 2.45539227e-01 1.83917566e-01]
 [1.99000000e+02 6.18891237e-01 1.90715311e-01]
 [1.61000000e+03 2.66151803e-01 1.66996447e-01]
 [9.40000000e+02 4.76910187e-01 1.55347549e-01]]
['S9'] [[1.36000000e+02 5.46592452e-01 3.12413944e-01]
 [9.40000000e+02 4.76910187e-01 2.39566956e-01]
 [4.13000000e+02 4.28318161e-01 1.47585405e-01]
 [1.99000000e+02 6.18891237e-01 1.27029167e-01]
 [4.91000000e+02 2.42406980e-01 1.36983865e-01]
 [9.12000000e+02 5.30433247e-01 1.27399883e-01]
 [1.17100000e+03 3.09972605e-01 9.62621586e-02]
 [1.61000000e+03 2.66151803e-01 8.09790467e-02]
 [2.40000000e+01 5.89338051e-01 8.81394958e-02]
 [7.67000000e+02 2.41133391e-01 8.24043054e-02]]
