['S1'] [[2.00000000e+00 6.13544303e-17 0.00000000e+00 1.79536073e-01]
 [2.00000000e+00 6.13544303e-17 0.00000000e+00 3.59072122e-01]
 [2.00000000e+00 6.13544303e-17 0.00000000e+00 7.18144227e-01]
 [2.00000000e+00 6.13544303e-17 0.00000000e+00 1.43628844e+00]
 [2.00000000e+00 6.13544303e-17 0.00000000e+00 2.87257688e+00]
 [2.00000000e+00 6.13544303e-17 0.00000000e+00 5.74515376e+00]
 [2.00000000e+00 6.13544303e-17 0.00000000e+00 1.14903075e+01]
 [2.00000000e+00 6.13544303e-17 0.00000000e+00 2.29806151e+01]
 [2.00000000e+00 6.13544303e-17 0.00000000e+00 4.59613291e+01]
 [2.00000000e+00 6.13544303e-17 0.00000000e+00 0.00000000e+00]]
['S10'] [[ 4.00000000e+00 -3.43292646e-17  0.00000000e+00  1.93156325e-01]
 [ 4.00000000e+00 -3.43292646e-17  0.00000000e+00  3.86312657e-01]
 [ 4.00000000e+00 -3.43292646e-17  0.00000000e+00  7.72625386e-01]
 [ 4.00000000e+00 -3.43292646e-17  0.00000000e+00  1.54525072e+00]
 [ 4.00000000e+00 -3.43292646e-17  0.00000000e+00  3.09050144e+00]
 [ 4.00000000e+00 -3.43292646e-17  0.00000000e+00  6.18100287e+00]
 [ 4.00000000e+00 -3.43292646e-17  0.00000000e+00  1.23620057e+01]
 [ 4.00000000e+00 -3.43292646e-17  0.00000000e+00  2.47240114e+01]
 [ 4.00000000e+00 -3.43292646e-17  0.00000000e+00  4.92333728e+01]
 [ 4.00000000e+00 -3.43292646e-17  0.00000000e+00  0.00000000e+00]]
['S11'] [[2.00000000e+00 6.13544303e-17 0.00000000e+00 1.93156325e-01]
 [2.00000000e+00 6.13544303e-17 0.00000000e+00 3.86312588e-01]
 [2.00000000e+00 6.13544303e-17 0.00000000e+00 7.72625180e-01]
 [2.00000000e+00 6.13544303e-17 0.00000000e+00 1.54525045e+00]
 [2.00000000e+00 6.13544303e-17 0.00000000e+00 3.09050088e+00]
 [2.00000000e+00 6.13544303e-17 0.00000000e+00 6.18100180e+00]
 [2.00000000e+00 6.13544303e-17 0.00000000e+00 1.23620036e+01]
 [2.00000000e+00 6.13544303e-17 0.00000000e+00 2.47240071e+01]
 [2.00000000e+00 6.13544303e-17 0.00000000e+00 4.92333728e+01]
 [2.00000000e+00 6.13544303e-17 0.00000000e+00 0.00000000e+00]]
['S12'] [[ 4.00000000e+00 -3.43292646e-17  0.00000000e+00  1.79536012e-01]
 [ 4.00000000e+00 -3.43292646e-17  0.00000000e+00  3.59072054e-01]
 [ 4.00000000e+00 -3.43292646e-17  0.00000000e+00  7.18144083e-01]
 [ 4.00000000e+00 -3.43292646e-17  0.00000000e+00  1.43628815e+00]
 [ 4.00000000e+00 -3.43292646e-17  0.00000000e+00  2.87257633e+00]
 [ 4.00000000e+00 -3.43292646e-17  0.00000000e+00  5.74515264e+00]
 [ 4.00000000e+00 -3.43292646e-17  0.00000000e+00  1.14903053e+01]
 [ 4.00000000e+00 -3.43292646e-17  0.00000000e+00  2.29806106e+01]
 [ 4.00000000e+00 -3.43292646e-17  0.00000000e+00  4.59613291e+01]
 [ 4.00000000e+00 -3.43292646e-17  0.00000000e+00  0.00000000e+00]]
['S13'] [[ 1.00000000e+00 -1.41699518e-16  0.00000000e+00  1.05654502e-01]
 [ 1.00000000e+00 -1.41699518e-16  0.00000000e+00  2.11309086e-01]
 [ 1.00000000e+00 -1.41699518e-16  0.00000000e+00  4.22618166e-01]
 [ 1.00000000e+00 -1.41699518e-16  0.00000000e+00  8.45236324e-01]
 [ 1.00000000e+00 -1.41699518e-16  0.00000000e+00  1.69047261e+00]
 [ 1.00000000e+00 -1.41699518e-16  0.00000000e+00  3.38094521e+00]
 [ 1.00000000e+00 -1.41699518e-16  0.00000000e+00  6.76189049e+00]
 [ 1.00000000e+00 -1.41699518e-16  0.00000000e+00  1.35237809e+01]
 [ 1.00000000e+00 -1.41699518e-16  0.00000000e+00  2.70475619e+01]
 [ 1.00000000e+00 -1.41699518e-16  0.00000000e+00  0.00000000e+00]]
['S14'] [[ 1.00000000e+00 -1.41699518e-16  0.00000000e+00  1.72750764e-01]
 [ 1.00000000e+00 -1.41699518e-16  0.00000000e+00  3.45501604e-01]
 [ 1.00000000e+00 -1.41699518e-16  0.00000000e+00  6.91003184e-01]
 [ 1.00000000e+00 -1.41699518e-16  0.00000000e+00  1.38200634e+00]
 [ 1.00000000e+00 -1.41699518e-16  0.00000000e+00  2.76401273e+00]
 [ 1.00000000e+00 -1.41699518e-16  0.00000000e+00  5.52802541e+00]
 [ 1.00000000e+00 -1.41699518e-16  0.00000000e+00  1.10560509e+01]
 [ 1.00000000e+00 -1.41699518e-16  0.00000000e+00  2.21121017e+01]
 [ 1.00000000e+00 -1.41699518e-16  0.00000000e+00  4.42242030e+01]
 [ 1.00000000e+00 -1.41699518e-16  0.00000000e+00  0.00000000e+00]]
['S15'] [[ 3.00000000e+00 -2.42496082e-16  0.00000000e+00  2.06847800e-01]
 [ 3.00000000e+00 -2.42496082e-16  0.00000000e+00  4.13695637e-01]
 [ 3.00000000e+00 -2.42496082e-16  0.00000000e+00  8.27391239e-01]
 [ 3.00000000e+00 -2.42496082e-16  0.00000000e+00  1.65478247e+00]
 [ 3.00000000e+00 -2.42496082e-16  0.00000000e+00  3.30956494e+00]
 [ 3.00000000e+00 -2.42496082e-16  0.00000000e+00  6.61912985e+00]
 [ 3.00000000e+00 -2.42496082e-16  0.00000000e+00  1.32382597e+01]
 [ 3.00000000e+00 -2.42496082e-16  0.00000000e+00  2.64765195e+01]
 [ 3.00000000e+00 -2.42496082e-16  0.00000000e+00  0.00000000e+00]
 [ 3.00000000e+00 -2.42496082e-16  0.00000000e+00  0.00000000e+00]]
['S16'] [[2.00000000e+00 6.13544303e-17 0.00000000e+00 1.93156325e-01]
 [2.00000000e+00 6.13544303e-17 0.00000000e+00 3.86312588e-01]
 [2.00000000e+00 6.13544303e-17 0.00000000e+00 7.72625180e-01]
 [2.00000000e+00 6.13544303e-17 0.00000000e+00 1.54525045e+00]
 [2.00000000e+00 6.13544303e-17 0.00000000e+00 3.09050088e+00]
 [2.00000000e+00 6.13544303e-17 0.00000000e+00 6.18100180e+00]
 [2.00000000e+00 6.13544303e-17 0.00000000e+00 1.23620036e+01]
 [2.00000000e+00 6.13544303e-17 0.00000000e+00 2.47240071e+01]
 [2.00000000e+00 6.13544303e-17 0.00000000e+00 4.92333728e+01]
 [2.00000000e+00 6.13544303e-17 0.00000000e+00 0.00000000e+00]]
['S17'] [[ 4.00000000e+00 -3.43292646e-17  0.00000000e+00  1.93156325e-01]
 [ 4.00000000e+00 -3.43292646e-17  0.00000000e+00  3.86312588e-01]
 [ 4.00000000e+00 -3.43292646e-17  0.00000000e+00  7.72625180e-01]
 [ 4.00000000e+00 -3.43292646e-17  0.00000000e+00  1.54525045e+00]
 [ 4.00000000e+00 -3.43292646e-17  0.00000000e+00  3.09050088e+00]
 [ 4.00000000e+00 -3.43292646e-17  0.00000000e+00  6.18100175e+00]
 [ 4.00000000e+00 -3.43292646e-17  0.00000000e+00  1.23620035e+01]
 [ 4.00000000e+00 -3.43292646e-17  0.00000000e+00  2.47240070e+01]
 [ 4.00000000e+00 -3.43292646e-17  0.00000000e+00  4.92333728e+01]
 [ 4.00000000e+00 -3.43292646e-17  0.00000000e+00  0.00000000e+00]]
['S18'] [[ 1.00000000e+00 -1.41699518e-16  1.00000000e+00  3.94941742e-02]
 [ 4.00000000e+00 -3.43292646e-17  1.00000000e+00  2.10712141e-02]
 [ 0.00000000e+00 -4.74766425e-16  0.00000000e+00  9.30789170e-03]
 [ 0.00000000e+00 -4.74766425e-16  0.00000000e+00  1.86157270e-02]
 [ 0.00000000e+00 -4.74766425e-16  0.00000000e+00  3.72314728e-02]
 [ 0.00000000e+00 -4.74766425e-16  0.00000000e+00  7.44628823e-02]
 [ 0.00000000e+00 -4.74766425e-16  0.00000000e+00  1.48925741e-01]
 [ 0.00000000e+00 -4.74766425e-16  0.00000000e+00  2.97851557e-01]
 [ 0.00000000e+00 -4.74766425e-16  0.00000000e+00  5.95703133e-01]
 [ 0.00000000e+00 -4.74766425e-16  0.00000000e+00  1.19140622e+00]]
['S19'] [[2.00000000e+00 6.13544303e-17 0.00000000e+00 2.06847800e-01]
 [2.00000000e+00 6.13544303e-17 0.00000000e+00 4.13695637e-01]
 [2.00000000e+00 6.13544303e-17 0.00000000e+00 8.27391239e-01]
 [2.00000000e+00 6.13544303e-17 0.00000000e+00 1.65478247e+00]
 [2.00000000e+00 6.13544303e-17 0.00000000e+00 3.30956494e+00]
 [2.00000000e+00 6.13544303e-17 0.00000000e+00 6.61912985e+00]
 [2.00000000e+00 6.13544303e-17 0.00000000e+00 1.32382598e+01]
 [2.00000000e+00 6.13544303e-17 0.00000000e+00 2.64765195e+01]
 [2.00000000e+00 6.13544303e-17 0.00000000e+00 0.00000000e+00]
 [2.00000000e+00 6.13544303e-17 0.00000000e+00 0.00000000e+00]]
['S2'] [[ 4.00000000e+00 -3.43292646e-17  0.00000000e+00  1.52486682e-01]
 [ 4.00000000e+00 -3.43292646e-17  0.00000000e+00  3.04973506e-01]
 [ 4.00000000e+00 -3.43292646e-17  0.00000000e+00  6.09947006e-01]
 [ 4.00000000e+00 -3.43292646e-17  0.00000000e+00  1.21989403e+00]
 [ 4.00000000e+00 -3.43292646e-17  0.00000000e+00  2.43978805e+00]
 [ 4.00000000e+00 -3.43292646e-17  0.00000000e+00  4.87957607e+00]
 [ 4.00000000e+00 -3.43292646e-17  0.00000000e+00  9.75915218e+00]
 [ 4.00000000e+00 -3.43292646e-17  0.00000000e+00  1.95183044e+01]
 [ 4.00000000e+00 -3.43292646e-17  0.00000000e+00  3.90366087e+01]
 [ 4.00000000e+00 -3.43292646e-17  0.00000000e+00  0.00000000e+00]]
['S3'] [[ 1.00000000e+00 -1.41699518e-16  0.00000000e+00  1.05654502e-01]
 [ 1.00000000e+00 -1.41699518e-16  0.00000000e+00  2.11309086e-01]
 [ 1.00000000e+00 -1.41699518e-16  0.00000000e+00  4.22618166e-01]
 [ 1.00000000e+00 -1.41699518e-16  0.00000000e+00  8.45236324e-01]
 [ 1.00000000e+00 -1.41699518e-16  0.00000000e+00  1.69047261e+00]
 [ 1.00000000e+00 -1.41699518e-16  0.00000000e+00  3.38094521e+00]
 [ 1.00000000e+00 -1.41699518e-16  0.00000000e+00  6.76189049e+00]
 [ 1.00000000e+00 -1.41699518e-16  0.00000000e+00  1.35237809e+01]
 [ 1.00000000e+00 -1.41699518e-16  0.00000000e+00  2.70475619e+01]
 [ 1.00000000e+00 -1.41699518e-16  0.00000000e+00  0.00000000e+00]]
['S4'] [[2.00000000e+00 6.13544303e-17 0.00000000e+00 2.20616173e-01]
 [2.00000000e+00 6.13544303e-17 0.00000000e+00 4.41232262e-01]
 [2.00000000e+00 6.13544303e-17 0.00000000e+00 8.82464573e-01]
 [2.00000000e+00 6.13544303e-17 0.00000000e+00 1.76492918e+00]
 [2.00000000e+00 6.13544303e-17 0.00000000e+00 3.52985832e+00]
 [2.00000000e+00 6.13544303e-17 0.00000000e+00 7.05971669e+00]
 [2.00000000e+00 6.13544303e-17 0.00000000e+00 1.41194334e+01]
 [2.00000000e+00 6.13544303e-17 0.00000000e+00 2.82388667e+01]
 [2.00000000e+00 6.13544303e-17 0.00000000e+00 0.00000000e+00]
 [2.00000000e+00 6.13544303e-17 0.00000000e+00 0.00000000e+00]]
['S5'] [[ 1.00000000e+00 -1.41699518e-16  0.00000000e+00  1.45760469e-01]
 [ 1.00000000e+00 -1.41699518e-16  0.00000000e+00  2.91520903e-01]
 [ 1.00000000e+00 -1.41699518e-16  0.00000000e+00  5.83041749e-01]
 [ 1.00000000e+00 -1.41699518e-16  0.00000000e+00  1.16608354e+00]
 [ 1.00000000e+00 -1.41699518e-16  0.00000000e+00  2.33216709e+00]
 [ 1.00000000e+00 -1.41699518e-16  0.00000000e+00  4.66433416e+00]
 [ 1.00000000e+00 -1.41699518e-16  0.00000000e+00  9.32866834e+00]
 [ 1.00000000e+00 -1.41699518e-16  0.00000000e+00  1.86573367e+01]
 [ 1.00000000e+00 -1.41699518e-16  0.00000000e+00  3.73146733e+01]
 [ 1.00000000e+00 -1.41699518e-16  0.00000000e+00  0.00000000e+00]]
['S6'] [[ 0.00000000e+00 -4.74766425e-16  0.00000000e+00  1.79536073e-01]
 [ 0.00000000e+00 -4.74766425e-16  0.00000000e+00  3.59072122e-01]
 [ 0.00000000e+00 -4.74766425e-16  0.00000000e+00  7.18144227e-01]
 [ 0.00000000e+00 -4.74766425e-16  0.00000000e+00  1.43628848e+00]
 [ 0.00000000e+00 -4.74766425e-16  0.00000000e+00  2.87257695e+00]
 [ 0.00000000e+00 -4.74766425e-16  0.00000000e+00  5.74515384e+00]
 [ 0.00000000e+00 -4.74766425e-16  0.00000000e+00  1.14903077e+01]
 [ 0.00000000e+00 -4.74766425e-16  0.00000000e+00  2.29806155e+01]
 [ 0.00000000e+00 -4.74766425e-16  0.00000000e+00  4.59613291e+01]
 [ 0.00000000e+00 -4.74766425e-16  0.00000000e+00  0.00000000e+00]]
['S7'] [[ 1.00000000e+00 -1.41699518e-16  0.00000000e+00  1.72750764e-01]
 [ 1.00000000e+00 -1.41699518e-16  0.00000000e+00  3.45501537e-01]
 [ 1.00000000e+00 -1.41699518e-16  0.00000000e+00  6.91003184e-01]
 [ 1.00000000e+00 -1.41699518e-16  0.00000000e+00  1.38200630e+00]
 [ 1.00000000e+00 -1.41699518e-16  0.00000000e+00  2.76401261e+00]
 [ 1.00000000e+00 -1.41699518e-16  0.00000000e+00  5.52802518e+00]
 [ 1.00000000e+00 -1.41699518e-16  0.00000000e+00  1.10560504e+01]
 [ 1.00000000e+00 -1.41699518e-16  0.00000000e+00  2.21121008e+01]
 [ 1.00000000e+00 -1.41699518e-16  0.00000000e+00  4.42242030e+01]
 [ 1.00000000e+00 -1.41699518e-16  0.00000000e+00  0.00000000e+00]]
['S8'] [[2.00000000e+00 6.13544303e-17 0.00000000e+00 2.20616173e-01]
 [2.00000000e+00 6.13544303e-17 0.00000000e+00 4.41232262e-01]
 [2.00000000e+00 6.13544303e-17 0.00000000e+00 8.82464573e-01]
 [2.00000000e+00 6.13544303e-17 0.00000000e+00 1.76492918e+00]
 [2.00000000e+00 6.13544303e-17 0.00000000e+00 3.52985832e+00]
 [2.00000000e+00 6.13544303e-17 0.00000000e+00 7.05971669e+00]
 [2.00000000e+00 6.13544303e-17 0.00000000e+00 1.41194334e+01]
 [2.00000000e+00 6.13544303e-17 0.00000000e+00 2.82388667e+01]
 [2.00000000e+00 6.13544303e-17 0.00000000e+00 0.00000000e+00]
 [2.00000000e+00 6.13544303e-17 0.00000000e+00 0.00000000e+00]]
['S9'] [[ 3.00000000e+00 -2.42496082e-16  0.00000000e+00  2.06847738e-01]
 [ 3.00000000e+00 -2.42496082e-16  0.00000000e+00  4.13695567e-01]
 [ 3.00000000e+00 -2.42496082e-16  0.00000000e+00  8.27391128e-01]
 [ 3.00000000e+00 -2.42496082e-16  0.00000000e+00  1.65478225e+00]
 [ 3.00000000e+00 -2.42496082e-16  0.00000000e+00  3.30956450e+00]
 [ 3.00000000e+00 -2.42496082e-16  0.00000000e+00  6.61912899e+00]
 [ 3.00000000e+00 -2.42496082e-16  0.00000000e+00  1.32382580e+01]
 [ 3.00000000e+00 -2.42496082e-16  0.00000000e+00  2.64765159e+01]
 [ 3.00000000e+00 -2.42496082e-16  0.00000000e+00  0.00000000e+00]
 [ 3.00000000e+00 -2.42496082e-16  0.00000000e+00  0.00000000e+00]]
