['S1'] [[5.60000000e+01 5.31143607e-01 2.83688917e-01]
 [4.15000000e+02 4.08112435e-01 2.15162452e-01]
 [3.56700000e+03 4.37945113e-01 2.06491842e-01]
 [2.96000000e+03 6.20592062e-01 1.81215691e-01]
 [3.49100000e+03 4.71109894e-01 1.77178836e-01]
 [6.31000000e+02 4.48445532e-01 1.59102281e-01]
 [3.37600000e+03 4.27903408e-01 1.22784802e-01]
 [3.46000000e+03 4.78707482e-01 1.13883519e-01]
 [3.16000000e+03 3.84822359e-01 1.13898071e-01]
 [5.12000000e+02 4.35886647e-01 1.23391074e-01]]
['S10'] [[5.60000000e+01 5.31143607e-01 2.97991747e-01]
 [2.72800000e+03 5.92290786e-01 2.38551426e-01]
 [2.53900000e+03 3.57445292e-01 1.52188765e-01]
 [3.97900000e+03 5.53839166e-01 1.46984497e-01]
 [3.04300000e+03 5.01108634e-01 1.30892391e-01]
 [6.07100000e+03 4.42955818e-01 1.22686599e-01]
 [5.28000000e+02 5.13119075e-01 1.34420000e-01]
 [4.31000000e+02 4.29087544e-01 8.48502821e-02]
 [2.52700000e+03 4.62186519e-01 9.43802517e-02]
 [5.12000000e+02 4.35886647e-01 8.14098956e-02]]
['S11'] [[2.96000000e+03 6.20592062e-01 3.41647372e-01]
 [1.75000000e+02 5.48895918e-01 2.20858766e-01]
 [1.91000000e+02 5.43872334e-01 1.77774174e-01]
 [3.46000000e+03 4.78707482e-01 1.32144216e-01]
 [2.52700000e+03 4.62186519e-01 1.02476483e-01]
 [2.89600000e+03 4.20991705e-01 1.01042550e-01]
 [4.20700000e+03 4.54797865e-01 9.29921658e-02]
 [3.70000000e+03 5.37063230e-01 8.39347620e-02]
 [1.70800000e+03 4.18499903e-01 8.01966835e-02]
 [6.79000000e+02 4.51161345e-01 7.02779477e-02]]
['S12'] [[1.91000000e+02 5.43872334e-01 2.48407407e-01]
 [3.46000000e+03 4.78707482e-01 2.28220040e-01]
 [3.49100000e+03 4.71109894e-01 1.82309567e-01]
 [2.99900000e+03 3.99111892e-01 1.59521635e-01]
 [3.04300000e+03 5.01108634e-01 1.44265944e-01]
 [1.00800000e+03 5.73438894e-01 1.24595537e-01]
 [3.40000000e+03 4.61016466e-01 1.01095359e-01]
 [2.75900000e+03 3.62009245e-01 1.03946866e-01]
 [4.60000000e+03 4.44056336e-01 8.71024405e-02]
 [5.12000000e+02 4.35886647e-01 9.46153932e-02]]
['S13'] [[1.00800000e+03 5.73438894e-01 2.97991682e-01]
 [3.04300000e+03 5.01108634e-01 2.33559044e-01]
 [9.19000000e+02 5.13186671e-01 1.83854012e-01]
 [4.26300000e+03 4.56257961e-01 1.79472435e-01]
 [3.97900000e+03 5.53839166e-01 1.74045019e-01]
 [2.96000000e+03 6.20592062e-01 1.33240105e-01]
 [3.94800000e+03 4.67643107e-01 1.20091331e-01]
 [3.37600000e+03 4.27903408e-01 1.15777719e-01]
 [3.56700000e+03 4.37945113e-01 1.07518495e-01]
 [2.52700000e+03 4.62186519e-01 1.06670384e-01]]
['S14'] [[1.00800000e+03 5.73438894e-01 3.26963220e-01]
 [2.96000000e+03 6.20592062e-01 2.74376359e-01]
 [4.94400000e+03 5.74708945e-01 2.00909241e-01]
 [3.03100000e+03 6.10387023e-01 1.65800451e-01]
 [3.94000000e+03 4.73746497e-01 1.62691215e-01]
 [6.99000000e+02 5.18327038e-01 1.38759315e-01]
 [3.94800000e+03 4.67643107e-01 1.41115251e-01]
 [5.28000000e+02 5.13119075e-01 1.45364528e-01]
 [3.55900000e+03 4.80396518e-01 1.03768708e-01]
 [7.60000000e+02 4.75162505e-01 1.07087517e-01]]
['S15'] [[1.00000000e+03 4.99659623e-01 3.26963220e-01]
 [3.49100000e+03 4.71109894e-01 1.75233413e-01]
 [2.96000000e+03 6.20592062e-01 1.76497179e-01]
 [3.94800000e+03 4.67643107e-01 1.68723635e-01]
 [7.60000000e+02 4.75162505e-01 1.70196112e-01]
 [6.31000000e+02 4.48445532e-01 1.30348503e-01]
 [2.53900000e+03 3.57445292e-01 1.27680002e-01]
 [1.63100000e+03 4.21238277e-01 1.14638347e-01]
 [4.26300000e+03 4.56257961e-01 1.12456341e-01]
 [3.04300000e+03 5.01108634e-01 1.03652549e-01]]
['S16'] [[2.96000000e+03 6.20592062e-01 2.13721978e-01]
 [3.49100000e+03 4.71109894e-01 1.92562696e-01]
 [2.86300000e+03 4.17749388e-01 1.79629995e-01]
 [1.00800000e+03 5.73438894e-01 1.52551954e-01]
 [7.60000000e+02 4.75162505e-01 1.27671400e-01]
 [2.52700000e+03 4.62186519e-01 1.29248289e-01]
 [3.79900000e+03 5.32248718e-01 1.15837824e-01]
 [2.98800000e+03 3.55095063e-01 8.92437897e-02]
 [9.03000000e+02 5.60214444e-01 8.63053457e-02]
 [3.76200000e+03 2.55380501e-01 8.16919047e-02]]
['S17'] [[1.00000000e+03 4.99659623e-01 2.69498196e-01]
 [1.91000000e+02 5.43872334e-01 2.06766082e-01]
 [3.40000000e+03 4.61016466e-01 1.56003099e-01]
 [7.60000000e+02 4.75162505e-01 1.21993860e-01]
 [4.03100000e+03 4.11247040e-01 1.19914102e-01]
 [2.07000000e+02 4.73457650e-01 1.15577836e-01]
 [2.53900000e+03 3.57445292e-01 1.15977127e-01]
 [2.86300000e+03 4.17749388e-01 1.05253466e-01]
 [4.43900000e+03 4.99930432e-01 9.30153728e-02]
 [3.71200000e+03 4.63333083e-01 8.83729282e-02]]
['S18'] [[1.00800000e+03 5.73438894e-01 2.27531005e-01]
 [4.37600000e+03 4.60415431e-01 1.47869878e-01]
 [3.49900000e+03 4.54474488e-01 1.46419985e-01]
 [3.56700000e+03 4.37945113e-01 1.40047103e-01]
 [3.46000000e+03 4.78707482e-01 1.19933210e-01]
 [3.40000000e+03 4.61016466e-01 1.07344725e-01]
 [2.52700000e+03 4.62186519e-01 1.13092659e-01]
 [3.97900000e+03 5.53839166e-01 1.07076544e-01]
 [1.88700000e+03 4.12755838e-01 9.55004248e-02]
 [7.60000000e+02 4.75162505e-01 1.01530980e-01]]
['S19'] [[1.00800000e+03 5.73438894e-01 3.86594973e-01]
 [3.97900000e+03 5.53839166e-01 2.85561887e-01]
 [1.91000000e+02 5.43872334e-01 1.56622622e-01]
 [3.56700000e+03 4.37945113e-01 1.54313570e-01]
 [5.60000000e+01 5.31143607e-01 1.37267728e-01]
 [3.01900000e+03 3.68159905e-01 1.23683926e-01]
 [3.94000000e+03 4.73746497e-01 1.00648938e-01]
 [4.15000000e+02 4.08112435e-01 8.91074083e-02]
 [4.11200000e+03 4.74354631e-01 8.56899287e-02]
 [4.31000000e+02 4.29087544e-01 7.37911559e-02]]
['S2'] [[1.75000000e+02 5.48895918e-01 2.48407343e-01]
 [4.20700000e+03 4.54797865e-01 2.08394307e-01]
 [3.97900000e+03 5.53839166e-01 1.74953320e-01]
 [4.42000000e+03 4.15094236e-01 1.54175022e-01]
 [2.67200000e+03 4.11982095e-01 1.35920512e-01]
 [6.99000000e+02 5.18327038e-01 1.18643846e-01]
 [3.94800000e+03 4.67643107e-01 9.97549525e-02]
 [4.15000000e+02 4.08112435e-01 1.06857815e-01]
 [2.52700000e+03 4.62186519e-01 9.55454171e-02]
 [1.91000000e+02 5.43872334e-01 7.81401226e-02]]
['S3'] [[1.00800000e+03 5.73438894e-01 2.41425813e-01]
 [4.21900000e+03 4.86308518e-01 1.95596953e-01]
 [4.51100000e+03 4.41676474e-01 1.51812320e-01]
 [4.75100000e+03 5.14313936e-01 1.54556133e-01]
 [4.26300000e+03 4.56257961e-01 1.24052698e-01]
 [3.46000000e+03 4.78707482e-01 1.17567048e-01]
 [7.60000000e+02 4.75162505e-01 1.07497452e-01]
 [3.03100000e+03 6.10387023e-01 1.07291063e-01]
 [3.76200000e+03 2.55380501e-01 1.11218797e-01]
 [3.55900000e+03 4.80396518e-01 1.09305903e-01]]
['S4'] [[1.00800000e+03 5.73438894e-01 3.56474911e-01]
 [3.04300000e+03 5.01108634e-01 2.36882526e-01]
 [7.60000000e+02 4.75162505e-01 2.16191766e-01]
 [1.91000000e+02 5.43872334e-01 1.65697294e-01]
 [5.28000000e+02 5.13119075e-01 1.30495638e-01]
 [4.98300000e+03 4.88969115e-01 1.09730210e-01]
 [3.70000000e+03 5.37063230e-01 1.18526459e-01]
 [4.27900000e+03 5.11101720e-01 1.13993353e-01]
 [1.15100000e+03 4.64443172e-01 9.41469848e-02]
 [3.94000000e+03 4.73746497e-01 8.16932848e-02]]
['S5'] [[1.00800000e+03 5.73438894e-01 2.69498196e-01]
 [1.59000000e+02 4.87557612e-01 2.04438252e-01]
 [2.86300000e+03 4.17749388e-01 1.91250112e-01]
 [1.91000000e+02 5.43872334e-01 1.74832332e-01]
 [3.94000000e+03 4.73746497e-01 1.64071376e-01]
 [3.63200000e+03 5.56503224e-01 1.36346497e-01]
 [4.15000000e+02 4.08112435e-01 1.33017820e-01]
 [3.37600000e+03 4.27903408e-01 1.20182700e-01]
 [2.53900000e+03 3.57445292e-01 1.17217160e-01]
 [3.15200000e+03 4.40725546e-01 9.09610379e-02]]
['S6'] [[3.97900000e+03 5.53839166e-01 2.62442778e-01]
 [3.04300000e+03 5.01108634e-01 2.08066621e-01]
 [3.94000000e+03 4.73746497e-01 2.03705094e-01]
 [2.86300000e+03 4.17749388e-01 1.48885036e-01]
 [3.97100000e+03 4.47054977e-01 1.19701268e-01]
 [3.63200000e+03 5.56503224e-01 1.06251177e-01]
 [3.94800000e+03 4.67643107e-01 9.08279800e-02]
 [5.28000000e+02 5.13119075e-01 8.70010034e-02]
 [2.53900000e+03 3.57445292e-01 8.21600684e-02]
 [1.00800000e+03 5.73438894e-01 7.34000653e-02]]
['S7'] [[3.97900000e+03 5.53839166e-01 2.20616173e-01]
 [3.46800000e+03 5.22696533e-01 1.84861863e-01]
 [4.27900000e+03 5.11101720e-01 1.75871373e-01]
 [3.03100000e+03 6.10387023e-01 1.40589921e-01]
 [3.94000000e+03 4.73746497e-01 1.09557141e-01]
 [3.56700000e+03 4.37945113e-01 1.07183863e-01]
 [9.19000000e+02 5.13186671e-01 1.05398592e-01]
 [2.52700000e+03 4.62186519e-01 1.03899389e-01]
 [5.60000000e+01 5.31143607e-01 1.11405629e-01]
 [2.86300000e+03 4.17749388e-01 8.20614162e-02]]
['S8'] [[1.00800000e+03 5.73438894e-01 3.86594973e-01]
 [2.96000000e+03 6.20592062e-01 2.38389869e-01]
 [1.00000000e+03 4.99659623e-01 1.86099943e-01]
 [3.49100000e+03 4.71109894e-01 1.98457740e-01]
 [4.15000000e+02 4.08112435e-01 1.59518089e-01]
 [3.94000000e+03 4.73746497e-01 1.58306884e-01]
 [4.43200000e+03 3.71360508e-01 1.38338640e-01]
 [6.99000000e+02 5.18327038e-01 1.39411082e-01]
 [3.97900000e+03 5.53839166e-01 1.32579901e-01]
 [2.53900000e+03 3.57445292e-01 9.68954875e-02]]
['S9'] [[1.47200000e+03 5.34438385e-01 2.20616173e-01]
 [2.62700000e+03 4.19492782e-01 1.89282886e-01]
 [2.96000000e+03 6.20592062e-01 1.71555404e-01]
 [4.43900000e+03 4.99930432e-01 1.52721912e-01]
 [3.37600000e+03 4.27903408e-01 1.26798153e-01]
 [3.39200000e+03 4.96901725e-01 1.14017990e-01]
 [3.94000000e+03 4.73746497e-01 1.08020972e-01]
 [3.40000000e+03 4.61016466e-01 1.02973489e-01]
 [3.46000000e+03 4.78707482e-01 9.67252806e-02]
 [5.83900000e+03 3.88961518e-01 8.02787487e-02]]
