['S1'] [[ 8.00000000e+00  1.94289029e-16  1.18979284e-01]
 [ 5.00000000e+00  2.45417721e-16  7.22942137e-02]
 [ 7.00000000e+00 -4.47010849e-16  3.53154059e-02]
 [ 3.00000000e+00  2.92163954e-16  1.24706534e-02]
 [ 6.00000000e+00 -2.71712477e-16  2.38770700e-03]
 [ 8.00000000e+00  1.94289029e-16  3.67760675e-04]
 [ 5.00000000e+00  2.45417721e-16  3.92198563e-05]
 [ 6.00000000e+00 -2.71712477e-16  2.25305557e-05]
 [ 5.00000000e+00  2.45417721e-16  1.96695328e-06]
 [ 6.00000000e+00 -2.71712477e-16  1.78813934e-07]]
['S10'] [[ 3.00000000e+00  2.92163954e-16  1.52486804e-01]
 [ 8.00000000e+00  1.94289029e-16  1.26968051e-01]
 [ 5.00000000e+00  2.45417721e-16  7.60814634e-02]
 [ 1.00000000e+00 -6.95350210e-16  3.49873541e-02]
 [ 4.00000000e+00  9.49532850e-17  2.44691320e-02]
 [ 3.00000000e+00  2.92163954e-16  4.63489037e-03]
 [ 1.00000000e+00 -6.95350210e-16  3.58177763e-03]
 [ 5.00000000e+00  2.45417721e-16  1.31082610e-03]
 [ 3.00000000e+00  2.92163954e-16  3.58700768e-04]
 [ 4.00000000e+00  9.49532850e-17  2.03430655e-04]]
['S11'] [[ 3.00000000e+00  2.92163954e-16  1.39047145e-01]
 [ 6.00000000e+00 -2.71712477e-16  1.21048414e-01]
 [ 9.00000000e+00 -1.00066154e-16  7.09653279e-02]
 [ 5.00000000e+00  2.45417721e-16  4.90473040e-02]
 [ 1.00000000e+00 -6.95350210e-16  2.60737600e-02]
 [ 9.00000000e+00 -1.00066154e-16  8.95977153e-03]
 [ 5.00000000e+00  2.45417721e-16  2.56634322e-03]
 [ 9.00000000e+00 -1.00066154e-16  5.03301663e-04]
 [ 5.00000000e+00  2.45417721e-16  9.87052921e-05]
 [ 9.00000000e+00 -1.00066154e-16  1.93715096e-05]]
['S12'] [[ 6.00000000e+00 -2.71712477e-16  1.39047084e-01]
 [ 3.00000000e+00  2.92163954e-16  8.03915902e-02]
 [ 5.00000000e+00  2.45417721e-16  6.78090129e-02]
 [ 4.00000000e+00  9.49532850e-17  6.10835369e-02]
 [ 1.00000000e+00 -6.95350210e-16  4.00650162e-02]
 [ 7.00000000e+00 -4.47010849e-16  2.79998018e-02]
 [ 9.00000000e+00 -1.00066154e-16  1.08293952e-02]
 [ 5.00000000e+00  2.45417721e-16  7.18820554e-03]
 [ 4.00000000e+00  9.49532850e-17  7.30610972e-03]
 [ 1.00000000e+00 -6.95350210e-16  5.50239871e-03]]
['S13'] [[ 6.00000000e+00 -2.71712477e-16  7.24951174e-02]
 [ 3.00000000e+00  2.92163954e-16  3.57808502e-02]
 [ 1.00000000e+00 -6.95350210e-16  3.58719833e-02]
 [ 4.00000000e+00  9.49532850e-17  1.18355913e-02]
 [ 3.00000000e+00  2.92163954e-16  2.39927037e-03]
 [ 1.00000000e+00 -6.95350210e-16  1.49816387e-03]
 [ 3.00000000e+00  2.92163954e-16  1.39713288e-04]
 [ 1.00000000e+00 -6.95350210e-16  1.30534172e-05]
 [ 3.00000000e+00  2.92163954e-16  1.19209290e-06]
 [ 1.00000000e+00 -6.95350210e-16  5.96046448e-08]]
['S14'] [[ 7.00000000e+00 -4.47010849e-16  5.92798201e-02]
 [ 4.00000000e+00  9.49532850e-17  3.22832515e-02]
 [ 3.00000000e+00  2.92163954e-16  2.16918033e-02]
 [ 6.00000000e+00 -2.71712477e-16  1.76275151e-02]
 [ 7.00000000e+00 -4.47010849e-16  7.37846032e-04]
 [ 6.00000000e+00 -2.71712477e-16  2.47955322e-05]
 [ 7.00000000e+00 -4.47010849e-16  8.34465027e-07]
 [ 6.00000000e+00 -2.71712477e-16  5.96046448e-08]
 [ 6.00000000e+00 -2.71712477e-16  0.00000000e+00]
 [ 6.00000000e+00 -2.71712477e-16  0.00000000e+00]]
['S15'] [[ 6.00000000e+00 -2.71712477e-16  1.39047084e-01]
 [ 7.00000000e+00 -4.47010849e-16  1.20153010e-01]
 [ 8.00000000e+00  1.94289029e-16  1.26497020e-01]
 [ 3.00000000e+00  2.92163954e-16  1.00421528e-01]
 [ 8.00000000e+00  1.94289029e-16  7.08973365e-03]
 [ 1.00000000e+00 -6.95350210e-16  5.41281026e-03]
 [ 7.00000000e+00 -4.47010849e-16  2.92886141e-03]
 [ 6.00000000e+00 -2.71712477e-16  9.68337362e-04]
 [ 3.00000000e+00  2.92163954e-16  4.90605871e-04]
 [ 1.00000000e+00 -6.95350210e-16  4.27305724e-04]]
['S16'] [[ 1.00000000e+00 -6.95350210e-16  1.05654502e-01]
 [ 6.00000000e+00 -2.71712477e-16  3.60801535e-02]
 [ 8.00000000e+00  1.94289029e-16  3.46515520e-02]
 [ 9.00000000e+00 -1.00066154e-16  1.14329074e-02]
 [ 6.00000000e+00 -2.71712477e-16  7.28368760e-05]
 [ 6.00000000e+00 -2.71712477e-16  5.96046448e-08]
 [ 6.00000000e+00 -2.71712477e-16 -1.19209290e-07]
 [ 6.00000000e+00 -2.71712477e-16  5.96046448e-08]
 [ 6.00000000e+00 -2.71712477e-16  5.96046448e-08]
 [ 6.00000000e+00 -2.71712477e-16 -1.19209290e-07]]
['S17'] [[ 3.00000000e+00  2.92163954e-16  1.52486804e-01]
 [ 1.00000000e+00 -6.95350210e-16  1.37335387e-01]
 [ 6.00000000e+00 -2.71712477e-16  1.05887702e-01]
 [ 9.00000000e+00 -1.00066154e-16  8.80985289e-02]
 [ 4.00000000e+00  9.49532850e-17  9.22550054e-02]
 [ 8.00000000e+00  1.94289029e-16  8.93084969e-02]
 [ 4.00000000e+00  9.49532850e-17  1.31231927e-02]
 [ 3.00000000e+00  2.92163954e-16  8.08745373e-03]
 [ 9.00000000e+00 -1.00066154e-16  6.99501717e-03]
 [ 1.00000000e+00 -6.95350210e-16  5.79464961e-03]]
['S18'] [[ 9.00000000e+00 -1.00066154e-16  7.24951174e-02]
 [ 7.00000000e+00 -4.47010849e-16  5.47907803e-02]
 [ 4.00000000e+00  9.49532850e-17  4.60750190e-02]
 [ 6.00000000e+00 -2.71712477e-16  3.67616226e-02]
 [ 5.00000000e+00  2.45417721e-16  1.62427403e-02]
 [ 7.00000000e+00 -4.47010849e-16  7.09700579e-03]
 [ 6.00000000e+00 -2.71712477e-16  1.19376239e-03]
 [ 5.00000000e+00  2.45417721e-16  2.15351585e-04]
 [ 7.00000000e+00 -4.47010849e-16  6.31809235e-05]
 [ 6.00000000e+00 -2.71712477e-16  1.43647194e-05]]
['S19'] [[ 2.00000000e+00  3.17728300e-16 -6.57901719e-03]
 [ 2.00000000e+00  3.17728300e-16  0.00000000e+00]
 [ 2.00000000e+00  3.17728300e-16  0.00000000e+00]
 [ 2.00000000e+00  3.17728300e-16  0.00000000e+00]
 [ 2.00000000e+00  3.17728300e-16  0.00000000e+00]
 [ 2.00000000e+00  3.17728300e-16  0.00000000e+00]
 [ 2.00000000e+00  3.17728300e-16  0.00000000e+00]
 [ 2.00000000e+00  3.17728300e-16  0.00000000e+00]
 [ 2.00000000e+00  3.17728300e-16  0.00000000e+00]
 [ 2.00000000e+00  3.17728300e-16  0.00000000e+00]]
['S2'] [[ 3.00000000e+00  2.92163954e-16  1.25657214e-01]
 [ 7.00000000e+00 -4.47010849e-16  9.55276127e-02]
 [ 5.00000000e+00  2.45417721e-16  8.63272639e-02]
 [ 1.00000000e+00 -6.95350210e-16  4.07427534e-02]
 [ 9.00000000e+00 -1.00066154e-16  1.75397499e-02]
 [ 7.00000000e+00 -4.47010849e-16  1.00147496e-02]
 [ 5.00000000e+00  2.45417721e-16  3.58672488e-03]
 [ 1.00000000e+00 -6.95350210e-16  8.28564357e-04]
 [ 7.00000000e+00 -4.47010849e-16  3.13758860e-04]
 [ 1.00000000e+00 -6.95350210e-16  4.78029251e-05]]
['S3'] [[ 1.00000000e+00 -6.95350210e-16  1.18979284e-01]
 [ 7.00000000e+00 -4.47010849e-16  1.30766643e-01]
 [ 8.00000000e+00  1.94289029e-16  1.03504825e-01]
 [ 5.00000000e+00  2.45417721e-16  8.02116807e-02]
 [ 9.00000000e+00 -1.00066154e-16  9.18825557e-02]
 [ 5.00000000e+00  2.45417721e-16  2.03248231e-02]
 [ 1.00000000e+00 -6.95350210e-16  1.83868860e-02]
 [ 7.00000000e+00 -4.47010849e-16  1.82651325e-02]
 [ 9.00000000e+00 -1.00066154e-16  3.74664629e-03]
 [ 1.00000000e+00 -6.95350210e-16  3.31552051e-03]]
['S4'] [[ 8.00000000e+00  1.94289029e-16  1.05654502e-01]
 [ 9.00000000e+00 -1.00066154e-16  9.51743623e-02]
 [ 4.00000000e+00  9.49532850e-17  9.21570215e-02]
 [ 8.00000000e+00  1.94289029e-16  6.73304242e-03]
 [ 3.00000000e+00  2.92163954e-16  4.23934615e-03]
 [ 9.00000000e+00 -1.00066154e-16  6.70671564e-04]
 [ 4.00000000e+00  9.49532850e-17  3.13222419e-04]
 [ 8.00000000e+00  1.94289029e-16  2.00271609e-04]
 [ 4.00000000e+00  9.49532850e-17  2.20537186e-05]
 [ 8.00000000e+00  1.94289029e-16  2.38418579e-06]]
['S5'] [[ 7.00000000e+00 -4.47010849e-16  8.57357419e-02]
 [ 9.00000000e+00 -1.00066154e-16  8.06628140e-02]
 [ 3.00000000e+00  2.92163954e-16  6.38689192e-02]
 [ 1.00000000e+00 -6.95350210e-16  5.62088425e-02]
 [ 6.00000000e+00 -2.71712477e-16  3.80308889e-02]
 [ 6.00000000e+00 -2.71712477e-16  0.00000000e+00]
 [ 6.00000000e+00 -2.71712477e-16  0.00000000e+00]
 [ 6.00000000e+00 -2.71712477e-16  0.00000000e+00]
 [ 6.00000000e+00 -2.71712477e-16  0.00000000e+00]
 [ 6.00000000e+00 -2.71712477e-16  0.00000000e+00]]
['S6'] [[ 1.00000000e+00 -6.95350210e-16  1.45760408e-01]
 [ 6.00000000e+00 -2.71712477e-16  9.99781179e-02]
 [ 6.00000000e+00 -2.71712477e-16  0.00000000e+00]
 [ 6.00000000e+00 -2.71712477e-16  0.00000000e+00]
 [ 6.00000000e+00 -2.71712477e-16  0.00000000e+00]
 [ 6.00000000e+00 -2.71712477e-16  0.00000000e+00]
 [ 6.00000000e+00 -2.71712477e-16  0.00000000e+00]
 [ 6.00000000e+00 -2.71712477e-16  0.00000000e+00]
 [ 6.00000000e+00 -2.71712477e-16  0.00000000e+00]
 [ 6.00000000e+00 -2.71712477e-16  0.00000000e+00]]
['S7'] [[ 1.00000000e+00 -6.95350210e-16  1.32346252e-01]
 [ 5.00000000e+00  2.45417721e-16  7.87387644e-02]
 [ 8.00000000e+00  1.94289029e-16  6.69193821e-02]
 [ 4.00000000e+00  9.49532850e-17  2.68439738e-02]
 [ 8.00000000e+00  1.94289029e-16  3.66868235e-03]
 [ 4.00000000e+00  9.49532850e-17  5.01513523e-04]
 [ 8.00000000e+00  1.94289029e-16  6.86049462e-05]
 [ 4.00000000e+00  9.49532850e-17  9.41753387e-06]
 [ 8.00000000e+00  1.94289029e-16  1.31130219e-06]
 [ 4.00000000e+00  9.49532850e-17  1.19209290e-07]]
['S8'] [[ 3.00000000e+00  2.92163954e-16  1.52486743e-01]
 [ 4.00000000e+00  9.49532850e-17  5.41391604e-02]
 [ 7.00000000e+00 -4.47010849e-16  5.80083220e-02]
 [ 5.00000000e+00  2.45417721e-16  5.79739937e-02]
 [ 4.00000000e+00  9.49532850e-17  1.00290561e-02]
 [ 7.00000000e+00 -4.47010849e-16  4.26372489e-03]
 [ 5.00000000e+00  2.45417721e-16  7.92980360e-04]
 [ 4.00000000e+00  9.49532850e-17  5.60283720e-04]
 [ 7.00000000e+00 -4.47010849e-16  1.10089779e-04]
 [ 5.00000000e+00  2.45417721e-16  3.76701355e-05]]
['S9'] [[ 1.00000000e+00 -6.95350210e-16  1.45760408e-01]
 [ 7.00000000e+00 -4.47010849e-16  1.35482558e-01]
 [ 9.00000000e+00 -1.00066154e-16  4.89122741e-02]
 [ 1.00000000e+00 -6.95350210e-16  2.08605980e-02]
 [ 7.00000000e+00 -4.47010849e-16  1.57058240e-04]
 [ 1.00000000e+00 -6.95350210e-16  2.50339508e-05]
 [ 7.00000000e+00 -4.47010849e-16  3.93390656e-06]
 [ 1.00000000e+00 -6.95350210e-16  6.55651093e-07]
 [ 7.00000000e+00 -4.47010849e-16  1.19209290e-07]
 [ 1.00000000e+00 -6.95350210e-16  0.00000000e+00]]
