['S1'] [[9.60000000e+02 4.64037049e-01 1.93156325e-01]
 [4.41500000e+03 5.08803220e-01 1.67012013e-01]
 [3.40700000e+03 3.08080191e-01 9.81415558e-02]
 [2.27200000e+03 3.15886170e-01 8.64733072e-02]
 [9.60000000e+01 3.99555606e-01 6.80601502e-02]
 [4.86300000e+03 4.81503210e-01 5.12881093e-02]
 [3.64800000e+03 4.49611199e-01 4.39732759e-02]
 [3.85500000e+03 3.30406064e-01 3.63474730e-02]
 [3.93500000e+03 4.78657571e-01 1.80210307e-02]
 [2.82800000e+03 1.64127296e-01 1.54315560e-02]]
['S10'] [[9.60000000e+02 4.64037049e-01 2.20616173e-01]
 [2.68800000e+03 3.63869500e-01 8.69318783e-02]
 [4.41500000e+03 5.08803220e-01 7.78135379e-02]
 [9.60000000e+01 3.99555606e-01 6.57656180e-02]
 [5.45000000e+02 2.55538762e-01 5.65568455e-02]
 [4.86300000e+03 4.81503210e-01 5.31438847e-02]
 [3.10300000e+03 3.85589257e-01 4.49336139e-02]
 [3.64800000e+03 4.49611199e-01 4.58052759e-02]
 [2.80600000e+03 6.68566749e-02 3.57788807e-02]
 [2.01600000e+03 2.52170990e-01 1.40634509e-02]]
['S11'] [[3.68000000e+03 4.42478801e-01 1.45760347e-01]
 [2.68800000e+03 3.63869500e-01 9.02531150e-02]
 [9.60000000e+02 4.64037049e-01 7.91265143e-02]
 [9.44000000e+02 3.68843745e-01 6.16256502e-02]
 [4.12800000e+03 4.64818695e-01 3.63031283e-02]
 [3.10300000e+03 3.85589257e-01 3.23595655e-02]
 [3.18000000e+02 2.62650826e-01 3.13212138e-02]
 [3.40700000e+03 3.08080191e-01 2.38846649e-02]
 [8.30000000e+02 2.65289443e-01 2.54644345e-02]
 [3.28100000e+03 2.08647709e-01 2.17425508e-02]]
['S12'] [[5.44000000e+02 4.20494424e-01 1.65981352e-01]
 [3.40700000e+03 3.08080191e-01 8.46806862e-02]
 [4.41500000e+03 5.08803220e-01 7.13833596e-02]
 [2.88000000e+03 2.58303364e-01 7.09436422e-02]
 [2.91100000e+03 3.20463424e-01 6.31032596e-02]
 [9.44000000e+02 3.68843745e-01 5.88105896e-02]
 [3.64800000e+03 4.49611199e-01 4.93442567e-02]
 [3.76000000e+03 3.03419867e-01 4.47654294e-02]
 [3.68000000e+03 4.42478801e-01 3.39608756e-02]
 [3.51900000e+03 3.88419498e-01 1.97431464e-02]]
['S13'] [[4.41500000e+03 5.08803220e-01 2.34467295e-01]
 [1.24700000e+03 4.46077724e-01 1.37195151e-01]
 [3.10300000e+03 3.85589257e-01 1.27679275e-01]
 [3.64800000e+03 4.49611199e-01 6.01527362e-02]
 [3.68000000e+03 4.42478801e-01 4.11221162e-02]
 [3.51900000e+03 3.88419498e-01 3.14661362e-02]
 [9.60000000e+02 4.64037049e-01 2.57077807e-02]
 [2.82800000e+03 1.64127296e-01 2.24010260e-02]
 [3.68100000e+03 1.78734282e-01 2.12249436e-02]
 [4.12800000e+03 4.64818695e-01 1.40919476e-02]]
['S14'] [[4.41500000e+03 5.08803220e-01 2.20616110e-01]
 [9.60000000e+02 4.64037049e-01 1.96730603e-01]
 [9.44000000e+02 3.68843745e-01 1.13520282e-01]
 [3.68000000e+03 4.42478801e-01 8.70208823e-02]
 [3.10300000e+03 3.85589257e-01 6.87100095e-02]
 [2.68800000e+03 3.63869500e-01 4.86323018e-02]
 [8.30000000e+02 2.65289443e-01 4.54973135e-02]
 [3.64800000e+03 4.49611199e-01 4.12141227e-02]
 [8.79000000e+02 3.55704389e-01 3.55862318e-02]
 [4.86300000e+03 4.81503210e-01 2.58060744e-02]]
['S15'] [[9.60000000e+02 4.64037049e-01 1.25657214e-01]
 [4.41500000e+03 5.08803220e-01 1.24278347e-01]
 [2.91100000e+03 3.20463424e-01 8.74777552e-02]
 [3.93500000e+03 4.78657571e-01 8.82941752e-02]
 [3.76000000e+03 3.03419867e-01 6.01098450e-02]
 [3.68000000e+03 4.42478801e-01 5.95344537e-02]
 [2.88000000e+03 2.58303364e-01 6.15477502e-02]
 [2.27200000e+03 3.15886170e-01 4.17250373e-02]
 [3.76100000e+03 2.50048827e-01 3.74745218e-02]
 [3.40700000e+03 3.08080191e-01 3.18242416e-02]]
['S16'] [[3.10300000e+03 3.85589257e-01 1.12311959e-01]
 [3.48700000e+03 3.75388543e-01 8.11330593e-02]
 [2.27200000e+03 3.15886170e-01 6.74032830e-02]
 [4.86300000e+03 4.81503210e-01 6.36752531e-02]
 [1.24700000e+03 4.46077724e-01 6.36148082e-02]
 [9.60000000e+02 4.64037049e-01 3.75452527e-02]
 [3.40700000e+03 3.08080191e-01 3.33820547e-02]
 [2.91100000e+03 3.20463424e-01 2.29734059e-02]
 [4.41500000e+03 5.08803220e-01 2.24151594e-02]
 [2.78000000e+03 1.50824152e-01 1.98099297e-02]]
['S17'] [[1.24700000e+03 4.46077724e-01 1.32346252e-01]
 [3.10300000e+03 3.85589257e-01 1.02720613e-01]
 [3.64800000e+03 4.49611199e-01 1.01758742e-01]
 [9.60000000e+02 4.64037049e-01 8.18438950e-02]
 [2.27200000e+03 3.15886170e-01 6.67663509e-02]
 [3.68000000e+03 4.42478801e-01 4.55373314e-02]
 [2.46400000e+03 2.72835163e-01 4.45526939e-02]
 [3.93500000e+03 4.78657571e-01 2.30489053e-02]
 [3.13500000e+03 3.26077983e-01 1.49056028e-02]
 [4.41500000e+03 5.08803220e-01 1.26808526e-02]]
['S18'] [[3.93500000e+03 4.78657571e-01 1.52486804e-01]
 [9.60000000e+02 4.64037049e-01 1.29895069e-01]
 [3.40700000e+03 3.08080191e-01 1.31528471e-01]
 [3.64800000e+03 4.49611199e-01 8.39862641e-02]
 [3.68000000e+03 4.42478801e-01 7.11855433e-02]
 [8.31000000e+02 3.86461830e-01 5.98165514e-02]
 [4.86300000e+03 4.81503210e-01 3.19689897e-02]
 [4.41500000e+03 5.08803220e-01 2.72874591e-02]
 [2.01600000e+03 2.52170990e-01 1.34917935e-02]
 [3.28100000e+03 2.08647709e-01 8.07463790e-03]]
['S19'] [[4.41500000e+03 5.08803220e-01 1.93156263e-01]
 [9.60000000e+02 4.64037049e-01 1.67012013e-01]
 [1.24700000e+03 4.46077724e-01 9.79288821e-02]
 [3.64800000e+03 4.49611199e-01 7.14521354e-02]
 [3.36100000e+03 2.09390678e-01 4.88598758e-02]
 [3.85500000e+03 3.30406064e-01 3.81095617e-02]
 [1.27800000e+03 2.53689384e-01 3.07382558e-02]
 [3.68000000e+03 4.42478801e-01 2.80054091e-02]
 [1.27900000e+03 4.03436560e-01 2.19850191e-02]
 [2.91100000e+03 3.20463424e-01 2.04320367e-02]]
['S2'] [[4.41500000e+03 5.08803220e-01 1.65981291e-01]
 [9.44000000e+02 3.68843745e-01 1.15822783e-01]
 [4.86300000e+03 4.81503210e-01 9.57061416e-02]
 [1.24700000e+03 4.46077724e-01 8.83118961e-02]
 [3.76000000e+03 3.03419867e-01 8.52798467e-02]
 [9.60000000e+02 4.64037049e-01 4.41799089e-02]
 [3.76100000e+03 2.50048827e-01 3.92656536e-02]
 [3.10300000e+03 3.85589257e-01 3.43264395e-02]
 [2.91100000e+03 3.20463424e-01 3.21973912e-02]
 [2.80600000e+03 6.68566749e-02 2.42379673e-02]]
['S3'] [[9.60000000e+02 4.64037049e-01 1.39047084e-01]
 [4.41500000e+03 5.08803220e-01 1.24363090e-01]
 [3.76000000e+03 3.03419867e-01 8.65475313e-02]
 [3.64800000e+03 4.49611199e-01 8.24184679e-02]
 [3.96700000e+03 4.30286259e-01 3.32392028e-02]
 [2.91100000e+03 3.20463424e-01 3.14135129e-02]
 [2.95800000e+03 1.01592512e-01 2.66401590e-02]
 [9.61000000e+02 2.81497355e-01 2.42206718e-02]
 [3.76100000e+03 2.50048827e-01 1.92283244e-02]
 [3.68000000e+03 4.42478801e-01 1.90018632e-02]]
['S4'] [[9.60000000e+02 4.64037049e-01 2.62442778e-01]
 [1.24700000e+03 4.46077724e-01 1.38061922e-01]
 [3.68000000e+03 4.42478801e-01 9.40976747e-02]
 [4.41500000e+03 5.08803220e-01 4.33313042e-02]
 [8.30000000e+02 2.65289443e-01 4.26697823e-02]
 [3.64800000e+03 4.49611199e-01 3.89413262e-02]
 [2.88000000e+03 2.58303364e-01 3.02569181e-02]
 [9.92000000e+02 4.51613657e-01 2.47334597e-02]
 [5.45000000e+02 2.55538762e-01 1.79479318e-02]
 [1.27900000e+03 4.03436560e-01 1.69617705e-02]]
['S5'] [[9.60000000e+02 4.64037049e-01 1.65981291e-01]
 [9.44000000e+02 3.68843745e-01 1.29370351e-01]
 [4.41500000e+03 5.08803220e-01 9.15333320e-02]
 [2.27200000e+03 3.15886170e-01 7.33034647e-02]
 [8.79000000e+02 3.55704389e-01 6.75501599e-02]
 [3.10300000e+03 3.85589257e-01 5.43598093e-02]
 [3.36100000e+03 2.09390678e-01 2.82764671e-02]
 [3.93500000e+03 4.78657571e-01 1.80890618e-02]
 [3.18000000e+02 2.62650826e-01 1.39111313e-02]
 [3.36100000e+03 2.09390678e-01 5.73933188e-04]]
['S6'] [[3.72800000e+03 3.10773281e-01 7.91119995e-02]
 [2.27200000e+03 3.15886170e-01 7.13752719e-02]
 [2.91100000e+03 3.20463424e-01 6.86182639e-02]
 [4.41500000e+03 5.08803220e-01 5.97490169e-02]
 [2.23900000e+03 3.35872503e-01 4.57822202e-02]
 [9.60000000e+02 4.64037049e-01 3.98287244e-02]
 [3.40700000e+03 3.08080191e-01 3.55719086e-02]
 [2.82800000e+03 1.64127296e-01 3.43404034e-02]
 [3.36100000e+03 2.09390678e-01 3.03269582e-02]
 [2.88000000e+03 2.58303364e-01 2.39945196e-02]]
['S7'] [[3.93500000e+03 4.78657571e-01 1.12311959e-01]
 [3.68000000e+03 4.42478801e-01 9.12009590e-02]
 [3.10300000e+03 3.85589257e-01 9.08457689e-02]
 [3.72800000e+03 3.10773281e-01 7.37294284e-02]
 [9.44000000e+02 3.68843745e-01 5.88418708e-02]
 [3.64800000e+03 4.49611199e-01 5.44225197e-02]
 [3.40700000e+03 3.08080191e-01 3.77948135e-02]
 [9.60000000e+02 4.64037049e-01 2.60967234e-02]
 [2.49500000e+03 3.36570058e-01 2.45600241e-02]
 [4.41500000e+03 5.08803220e-01 2.57482194e-02]]
['S8'] [[9.60000000e+02 4.64037049e-01 2.62442778e-01]
 [9.92000000e+02 4.51613657e-01 1.42125152e-01]
 [3.10300000e+03 3.85589257e-01 1.30912461e-01]
 [1.24700000e+03 4.46077724e-01 7.71840427e-02]
 [2.78000000e+03 1.50824152e-01 6.13929098e-02]
 [3.53600000e+03 2.15652380e-01 5.61145492e-02]
 [3.13500000e+03 3.26077983e-01 4.98497534e-02]
 [5.45000000e+02 2.55538762e-01 4.05712857e-02]
 [8.30000000e+02 2.65289443e-01 3.40259197e-02]
 [3.76000000e+03 3.03419867e-01 3.01523955e-02]]
['S9'] [[4.86300000e+03 4.81503210e-01 1.18979284e-01]
 [9.70000000e+01 2.99098244e-01 1.03972654e-01]
 [3.64800000e+03 4.49611199e-01 8.87834708e-02]
 [4.09600000e+03 4.32812712e-01 7.30783882e-02]
 [3.10300000e+03 3.85589257e-01 6.22286524e-02]
 [3.76000000e+03 3.03419867e-01 5.69088686e-02]
 [1.24600000e+03 3.11183706e-01 5.82759555e-02]
 [4.41500000e+03 5.08803220e-01 4.10350062e-02]
 [3.40700000e+03 3.08080191e-01 3.19049686e-02]
 [7.98000000e+02 3.36652431e-01 2.19789962e-02]]
