['Gerhard Schroeder'] [[8.66000000e+02 1.08315968e-01 0.00000000e+00 5.55675617e-01]
 [8.66000000e+02 1.08315968e-01 0.00000000e+00 1.11135129e+00]
 [8.66000000e+02 1.08315968e-01 0.00000000e+00 2.22270258e+00]
 [8.66000000e+02 1.08315968e-01 0.00000000e+00 4.44540515e+00]
 [8.66000000e+02 1.08315968e-01 0.00000000e+00 8.89081028e+00]
 [8.66000000e+02 1.08315968e-01 0.00000000e+00 1.77816206e+01]
 [8.66000000e+02 1.08315968e-01 0.00000000e+00 3.55632412e+01]
 [8.66000000e+02 1.08315968e-01 0.00000000e+00 0.00000000e+00]
 [8.66000000e+02 1.08315968e-01 0.00000000e+00 0.00000000e+00]
 [8.66000000e+02 1.08315968e-01 0.00000000e+00 0.00000000e+00]]
['Jacques Chirac'] [[9.89000000e+02 4.65933165e-02 0.00000000e+00 7.23459432e-01]
 [9.89000000e+02 4.65933165e-02 0.00000000e+00 1.44691891e+00]
 [9.89000000e+02 4.65933165e-02 0.00000000e+00 2.89383781e+00]
 [9.89000000e+02 4.65933165e-02 0.00000000e+00 5.78767564e+00]
 [9.89000000e+02 4.65933165e-02 0.00000000e+00 1.15753513e+01]
 [9.89000000e+02 4.65933165e-02 0.00000000e+00 2.31507026e+01]
 [9.89000000e+02 4.65933165e-02 0.00000000e+00 4.63015110e+01]
 [9.89000000e+02 4.65933165e-02 0.00000000e+00 0.00000000e+00]
 [9.89000000e+02 4.65933165e-02 0.00000000e+00 0.00000000e+00]
 [9.89000000e+02 4.65933165e-02 0.00000000e+00 0.00000000e+00]]
['Jean Chretien'] [[5.25000000e+02 4.64116346e-02 0.00000000e+00 8.22061716e-01]
 [5.25000000e+02 4.64116346e-02 0.00000000e+00 1.64412348e+00]
 [5.25000000e+02 4.64116346e-02 0.00000000e+00 3.28824693e+00]
 [5.25000000e+02 4.64116346e-02 0.00000000e+00 6.57649385e+00]
 [5.25000000e+02 4.64116346e-02 0.00000000e+00 1.31529877e+01]
 [5.25000000e+02 4.64116346e-02 0.00000000e+00 2.63059755e+01]
 [5.25000000e+02 4.64116346e-02 0.00000000e+00 0.00000000e+00]
 [5.25000000e+02 4.64116346e-02 0.00000000e+00 0.00000000e+00]
 [5.25000000e+02 4.64116346e-02 0.00000000e+00 0.00000000e+00]
 [5.25000000e+02 4.64116346e-02 0.00000000e+00 0.00000000e+00]]
['Junichiro Koizumi'] [[8.80000000e+02 1.52585865e-01 0.00000000e+00 5.81575362e-01]
 [8.80000000e+02 1.52585865e-01 0.00000000e+00 1.16315076e+00]
 [8.80000000e+02 1.52585865e-01 0.00000000e+00 2.32630153e+00]
 [8.80000000e+02 1.52585865e-01 0.00000000e+00 4.65260305e+00]
 [8.80000000e+02 1.52585865e-01 0.00000000e+00 9.30520608e+00]
 [8.80000000e+02 1.52585865e-01 0.00000000e+00 1.86104122e+01]
 [8.80000000e+02 1.52585865e-01 0.00000000e+00 3.72208244e+01]
 [8.80000000e+02 1.52585865e-01 0.00000000e+00 0.00000000e+00]
 [8.80000000e+02 1.52585865e-01 0.00000000e+00 0.00000000e+00]
 [8.80000000e+02 1.52585865e-01 0.00000000e+00 0.00000000e+00]]
['Serena Williams'] [[ 2.          0.0896322   0.          0.8580238 ]
 [ 2.          0.0896322   0.          1.7160476 ]
 [ 2.          0.0896322   0.          3.4320952 ]
 [ 2.          0.0896322   0.          6.86419042]
 [ 2.          0.0896322   0.         13.72838085]
 [ 2.          0.0896322   0.         27.45676169]
 [ 2.          0.0896322   0.          0.        ]
 [ 2.          0.0896322   0.          0.        ]
 [ 2.          0.0896322   0.          0.        ]
 [ 2.          0.0896322   0.          0.        ]]
