['Gerhard Schroeder'] [[5.00000000e+00 8.08876775e-17 1.00000000e+00 3.46573568e-01]
 [7.00000000e+00 5.22333499e-16 0.00000000e+00 2.32681610e-01]
 [7.00000000e+00 5.22333499e-16 0.00000000e+00 4.65363195e-01]
 [7.00000000e+00 5.22333499e-16 0.00000000e+00 9.30726458e-01]
 [7.00000000e+00 5.22333499e-16 0.00000000e+00 1.86145290e+00]
 [7.00000000e+00 5.22333499e-16 0.00000000e+00 3.72290582e+00]
 [7.00000000e+00 5.22333499e-16 0.00000000e+00 7.44581158e+00]
 [7.00000000e+00 5.22333499e-16 0.00000000e+00 1.48916232e+01]
 [7.00000000e+00 5.22333499e-16 0.00000000e+00 2.97832464e+01]
 [7.00000000e+00 5.22333499e-16 0.00000000e+00 0.00000000e+00]]
['Jacques Chirac'] [[5.00000000e+00 8.08876775e-17 0.00000000e+00 2.83553212e-01]
 [5.00000000e+00 8.08876775e-17 0.00000000e+00 5.67106444e-01]
 [5.00000000e+00 8.08876775e-17 0.00000000e+00 1.13421287e+00]
 [5.00000000e+00 8.08876775e-17 0.00000000e+00 2.26842576e+00]
 [5.00000000e+00 8.08876775e-17 0.00000000e+00 4.53685154e+00]
 [5.00000000e+00 8.08876775e-17 0.00000000e+00 9.07370308e+00]
 [5.00000000e+00 8.08876775e-17 0.00000000e+00 1.81474061e+01]
 [5.00000000e+00 8.08876775e-17 0.00000000e+00 3.62948123e+01]
 [5.00000000e+00 8.08876775e-17 0.00000000e+00 0.00000000e+00]
 [5.00000000e+00 8.08876775e-17 0.00000000e+00 0.00000000e+00]]
['Jean Chretien'] [[ 1.00000000e+00 -2.00897500e-16  0.00000000e+00  3.46573568e-01]
 [ 1.00000000e+00 -2.00897500e-16  0.00000000e+00  6.93147125e-01]
 [ 1.00000000e+00 -2.00897500e-16  0.00000000e+00  1.38629426e+00]
 [ 1.00000000e+00 -2.00897500e-16  0.00000000e+00  2.77258851e+00]
 [ 1.00000000e+00 -2.00897500e-16  0.00000000e+00  5.54517703e+00]
 [ 1.00000000e+00 -2.00897500e-16  0.00000000e+00  1.10903541e+01]
 [ 1.00000000e+00 -2.00897500e-16  0.00000000e+00  2.21807081e+01]
 [ 1.00000000e+00 -2.00897500e-16  0.00000000e+00  4.43614165e+01]
 [ 1.00000000e+00 -2.00897500e-16  0.00000000e+00  0.00000000e+00]
 [ 1.00000000e+00 -2.00897500e-16  0.00000000e+00  0.00000000e+00]]
['Junichiro Koizumi'] [[ 1.00000000e+00 -2.00897500e-16  1.00000000e+00  5.05800420e-01]
 [ 7.00000000e+00  5.22333499e-16  1.00000000e+00  3.44140562e-01]
 [ 0.00000000e+00  2.06184276e-16  1.00000000e+00  3.45943247e-01]
 [ 6.00000000e+00 -2.68832575e-16  1.00000000e+00  3.69957995e-01]
 [ 2.00000000e+00  1.12872674e-16  0.00000000e+00  2.49430591e-01]
 [ 2.00000000e+00  1.12872674e-16  0.00000000e+00  4.98861149e-01]
 [ 2.00000000e+00  1.12872674e-16  0.00000000e+00  9.97722353e-01]
 [ 2.00000000e+00  1.12872674e-16  0.00000000e+00  1.99544467e+00]
 [ 2.00000000e+00  1.12872674e-16  0.00000000e+00  3.99088938e+00]
 [ 2.00000000e+00  1.12872674e-16  0.00000000e+00  7.98177872e+00]]
['Serena Williams'] [[0.00000000e+00 2.06184276e-16 0.00000000e+00 3.46573568e-01]
 [0.00000000e+00 2.06184276e-16 0.00000000e+00 6.93147125e-01]
 [0.00000000e+00 2.06184276e-16 0.00000000e+00 1.38629426e+00]
 [0.00000000e+00 2.06184276e-16 0.00000000e+00 2.77258851e+00]
 [0.00000000e+00 2.06184276e-16 0.00000000e+00 5.54517703e+00]
 [0.00000000e+00 2.06184276e-16 0.00000000e+00 1.10903541e+01]
 [0.00000000e+00 2.06184276e-16 0.00000000e+00 2.21807082e+01]
 [0.00000000e+00 2.06184276e-16 0.00000000e+00 4.43614165e+01]
 [0.00000000e+00 2.06184276e-16 0.00000000e+00 0.00000000e+00]
 [0.00000000e+00 2.06184276e-16 0.00000000e+00 0.00000000e+00]]
