['S1'] [[ 7.00000000e+00 -8.32667268e-17  0.00000000e+00  2.83688917e-01]
 [ 7.00000000e+00 -8.32667268e-17  0.00000000e+00  5.67377804e-01]
 [ 7.00000000e+00 -8.32667268e-17  0.00000000e+00  1.13475561e+00]
 [ 7.00000000e+00 -8.32667268e-17  0.00000000e+00  2.26951120e+00]
 [ 7.00000000e+00 -8.32667268e-17  0.00000000e+00  4.53902240e+00]
 [ 7.00000000e+00 -8.32667268e-17  0.00000000e+00  9.07804484e+00]
 [ 7.00000000e+00 -8.32667268e-17  0.00000000e+00  1.81560897e+01]
 [ 7.00000000e+00 -8.32667268e-17  0.00000000e+00  3.63121793e+01]
 [ 7.00000000e+00 -8.32667268e-17  0.00000000e+00  0.00000000e+00]
 [ 7.00000000e+00 -8.32667268e-17  0.00000000e+00  0.00000000e+00]]
['S10'] [[ 7.00000000e+00 -8.32667268e-17  0.00000000e+00  2.97991682e-01]
 [ 7.00000000e+00 -8.32667268e-17  0.00000000e+00  5.95983414e-01]
 [ 7.00000000e+00 -8.32667268e-17  0.00000000e+00  1.19196682e+00]
 [ 7.00000000e+00 -8.32667268e-17  0.00000000e+00  2.38393363e+00]
 [ 7.00000000e+00 -8.32667268e-17  0.00000000e+00  4.76786727e+00]
 [ 7.00000000e+00 -8.32667268e-17  0.00000000e+00  9.53573451e+00]
 [ 7.00000000e+00 -8.32667268e-17  0.00000000e+00  1.90714690e+01]
 [ 7.00000000e+00 -8.32667268e-17  0.00000000e+00  3.81429381e+01]
 [ 7.00000000e+00 -8.32667268e-17  0.00000000e+00  0.00000000e+00]
 [ 7.00000000e+00 -8.32667268e-17  0.00000000e+00  0.00000000e+00]]
['S11'] [[ 3.00000000e+00 -6.13544303e-17  0.00000000e+00  2.41425813e-01]
 [ 3.00000000e+00 -6.13544303e-17  0.00000000e+00  4.82851628e-01]
 [ 3.00000000e+00 -6.13544303e-17  0.00000000e+00  9.65703353e-01]
 [ 3.00000000e+00 -6.13544303e-17  0.00000000e+00  1.93140670e+00]
 [ 3.00000000e+00 -6.13544303e-17  0.00000000e+00  3.86281336e+00]
 [ 3.00000000e+00 -6.13544303e-17  0.00000000e+00  7.72562673e+00]
 [ 3.00000000e+00 -6.13544303e-17  0.00000000e+00  1.54512535e+01]
 [ 3.00000000e+00 -6.13544303e-17  0.00000000e+00  3.09025070e+01]
 [ 3.00000000e+00 -6.13544303e-17  0.00000000e+00  0.00000000e+00]
 [ 3.00000000e+00 -6.13544303e-17  0.00000000e+00  0.00000000e+00]]
['S12'] [[ 4.00000000e+00 -1.31108574e-16  0.00000000e+00  1.39047145e-01]
 [ 4.00000000e+00 -1.31108574e-16  0.00000000e+00  2.78094365e-01]
 [ 4.00000000e+00 -1.31108574e-16  0.00000000e+00  5.56188681e-01]
 [ 4.00000000e+00 -1.31108574e-16  0.00000000e+00  1.11237730e+00]
 [ 4.00000000e+00 -1.31108574e-16  0.00000000e+00  2.22475462e+00]
 [ 4.00000000e+00 -1.31108574e-16  0.00000000e+00  4.44950923e+00]
 [ 4.00000000e+00 -1.31108574e-16  0.00000000e+00  8.89901847e+00]
 [ 4.00000000e+00 -1.31108574e-16  0.00000000e+00  1.77980370e+01]
 [ 4.00000000e+00 -1.31108574e-16  0.00000000e+00  3.55960739e+01]
 [ 4.00000000e+00 -1.31108574e-16  0.00000000e+00  0.00000000e+00]]
['S13'] [[ 7.00000000e+00 -8.32667268e-17  0.00000000e+00  2.41425939e-01]
 [ 7.00000000e+00 -8.32667268e-17  0.00000000e+00  4.82851777e-01]
 [ 7.00000000e+00 -8.32667268e-17  0.00000000e+00  9.65703623e-01]
 [ 7.00000000e+00 -8.32667268e-17  0.00000000e+00  1.93140726e+00]
 [ 7.00000000e+00 -8.32667268e-17  0.00000000e+00  3.86281448e+00]
 [ 7.00000000e+00 -8.32667268e-17  0.00000000e+00  7.72562896e+00]
 [ 7.00000000e+00 -8.32667268e-17  0.00000000e+00  1.54512580e+01]
 [ 7.00000000e+00 -8.32667268e-17  0.00000000e+00  3.09025158e+01]
 [ 7.00000000e+00 -8.32667268e-17  0.00000000e+00  0.00000000e+00]
 [ 7.00000000e+00 -8.32667268e-17  0.00000000e+00  0.00000000e+00]]
['S14'] [[ 7.00000000e+00 -8.32667268e-17  0.00000000e+00  2.55412812e-01]
 [ 7.00000000e+00 -8.32667268e-17  0.00000000e+00  5.10825588e-01]
 [ 7.00000000e+00 -8.32667268e-17  0.00000000e+00  1.02165124e+00]
 [ 7.00000000e+00 -8.32667268e-17  0.00000000e+00  2.04330246e+00]
 [ 7.00000000e+00 -8.32667268e-17  0.00000000e+00  4.08660489e+00]
 [ 7.00000000e+00 -8.32667268e-17  0.00000000e+00  8.17320984e+00]
 [ 7.00000000e+00 -8.32667268e-17  0.00000000e+00  1.63464196e+01]
 [ 7.00000000e+00 -8.32667268e-17  0.00000000e+00  3.26928393e+01]
 [ 7.00000000e+00 -8.32667268e-17  0.00000000e+00  0.00000000e+00]
 [ 7.00000000e+00 -8.32667268e-17  0.00000000e+00  0.00000000e+00]]
['S15'] [[ 3.00000000e+00 -6.13544303e-17  0.00000000e+00  2.27531005e-01]
 [ 3.00000000e+00 -6.13544303e-17  0.00000000e+00  4.55062082e-01]
 [ 3.00000000e+00 -6.13544303e-17  0.00000000e+00  9.10124122e-01]
 [ 3.00000000e+00 -6.13544303e-17  0.00000000e+00  1.82024827e+00]
 [ 3.00000000e+00 -6.13544303e-17  0.00000000e+00  3.64049651e+00]
 [ 3.00000000e+00 -6.13544303e-17  0.00000000e+00  7.28099300e+00]
 [ 3.00000000e+00 -6.13544303e-17  0.00000000e+00  1.45619860e+01]
 [ 3.00000000e+00 -6.13544303e-17  0.00000000e+00  2.91239721e+01]
 [ 3.00000000e+00 -6.13544303e-17  0.00000000e+00  0.00000000e+00]
 [ 3.00000000e+00 -6.13544303e-17  0.00000000e+00  0.00000000e+00]]
['S16'] [[ 2.00000000e+00 -1.46081977e-17  0.00000000e+00  2.27531005e-01]
 [ 2.00000000e+00 -1.46081977e-17  0.00000000e+00  4.55062009e-01]
 [ 2.00000000e+00 -1.46081977e-17  0.00000000e+00  9.10124060e-01]
 [ 2.00000000e+00 -1.46081977e-17  0.00000000e+00  1.82024812e+00]
 [ 2.00000000e+00 -1.46081977e-17  0.00000000e+00  3.64049617e+00]
 [ 2.00000000e+00 -1.46081977e-17  0.00000000e+00  7.28099240e+00]
 [ 2.00000000e+00 -1.46081977e-17  0.00000000e+00  1.45619848e+01]
 [ 2.00000000e+00 -1.46081977e-17  0.00000000e+00  2.91239695e+01]
 [ 2.00000000e+00 -1.46081977e-17  0.00000000e+00  0.00000000e+00]
 [ 2.00000000e+00 -1.46081977e-17  0.00000000e+00  0.00000000e+00]]
['S17'] [[ 7.00000000e+00 -8.32667268e-17  0.00000000e+00  2.13722040e-01]
 [ 7.00000000e+00 -8.32667268e-17  0.00000000e+00  4.27444109e-01]
 [ 7.00000000e+00 -8.32667268e-17  0.00000000e+00  8.54888166e-01]
 [ 7.00000000e+00 -8.32667268e-17  0.00000000e+00  1.70977632e+00]
 [ 7.00000000e+00 -8.32667268e-17  0.00000000e+00  3.41955268e+00]
 [ 7.00000000e+00 -8.32667268e-17  0.00000000e+00  6.83910529e+00]
 [ 7.00000000e+00 -8.32667268e-17  0.00000000e+00  1.36782106e+01]
 [ 7.00000000e+00 -8.32667268e-17  0.00000000e+00  2.73564213e+01]
 [ 7.00000000e+00 -8.32667268e-17  0.00000000e+00  0.00000000e+00]
 [ 7.00000000e+00 -8.32667268e-17  0.00000000e+00  0.00000000e+00]]
['S18'] [[1.00000000e+01 2.34826778e-16 0.00000000e+00 1.93156387e-01]
 [1.00000000e+01 2.34826778e-16 0.00000000e+00 3.86312657e-01]
 [1.00000000e+01 2.34826778e-16 0.00000000e+00 7.72625386e-01]
 [1.00000000e+01 2.34826778e-16 0.00000000e+00 1.54525072e+00]
 [1.00000000e+01 2.34826778e-16 0.00000000e+00 3.09050144e+00]
 [1.00000000e+01 2.34826778e-16 0.00000000e+00 6.18100292e+00]
 [1.00000000e+01 2.34826778e-16 0.00000000e+00 1.23620059e+01]
 [1.00000000e+01 2.34826778e-16 0.00000000e+00 2.47240117e+01]
 [1.00000000e+01 2.34826778e-16 0.00000000e+00 4.92333728e+01]
 [1.00000000e+01 2.34826778e-16 0.00000000e+00 0.00000000e+00]]
['S19'] [[ 7.00000000e+00 -8.32667268e-17  0.00000000e+00  2.97991682e-01]
 [ 7.00000000e+00 -8.32667268e-17  0.00000000e+00  5.95983372e-01]
 [ 7.00000000e+00 -8.32667268e-17  0.00000000e+00  1.19196677e+00]
 [ 7.00000000e+00 -8.32667268e-17  0.00000000e+00  2.38393352e+00]
 [ 7.00000000e+00 -8.32667268e-17  0.00000000e+00  4.76786707e+00]
 [ 7.00000000e+00 -8.32667268e-17  0.00000000e+00  9.53573412e+00]
 [ 7.00000000e+00 -8.32667268e-17  0.00000000e+00  1.90714683e+01]
 [ 7.00000000e+00 -8.32667268e-17  0.00000000e+00  3.81429365e+01]
 [ 7.00000000e+00 -8.32667268e-17  0.00000000e+00  0.00000000e+00]
 [ 7.00000000e+00 -8.32667268e-17  0.00000000e+00  0.00000000e+00]]
['S2'] [[ 2.00000000e+00 -1.46081977e-17  0.00000000e+00  2.27531005e-01]
 [ 2.00000000e+00 -1.46081977e-17  0.00000000e+00  4.55062082e-01]
 [ 2.00000000e+00 -1.46081977e-17  0.00000000e+00  9.10124122e-01]
 [ 2.00000000e+00 -1.46081977e-17  0.00000000e+00  1.82024827e+00]
 [ 2.00000000e+00 -1.46081977e-17  0.00000000e+00  3.64049651e+00]
 [ 2.00000000e+00 -1.46081977e-17  0.00000000e+00  7.28099300e+00]
 [ 2.00000000e+00 -1.46081977e-17  0.00000000e+00  1.45619860e+01]
 [ 2.00000000e+00 -1.46081977e-17  0.00000000e+00  2.91239719e+01]
 [ 2.00000000e+00 -1.46081977e-17  0.00000000e+00  0.00000000e+00]
 [ 2.00000000e+00 -1.46081977e-17  0.00000000e+00  0.00000000e+00]]
['S3'] [[1.00000000e+01 2.34826778e-16 0.00000000e+00 1.93156325e-01]
 [1.00000000e+01 2.34826778e-16 0.00000000e+00 3.86312657e-01]
 [1.00000000e+01 2.34826778e-16 0.00000000e+00 7.72625386e-01]
 [1.00000000e+01 2.34826778e-16 0.00000000e+00 1.54525072e+00]
 [1.00000000e+01 2.34826778e-16 0.00000000e+00 3.09050144e+00]
 [1.00000000e+01 2.34826778e-16 0.00000000e+00 6.18100287e+00]
 [1.00000000e+01 2.34826778e-16 0.00000000e+00 1.23620058e+01]
 [1.00000000e+01 2.34826778e-16 0.00000000e+00 2.47240114e+01]
 [1.00000000e+01 2.34826778e-16 0.00000000e+00 4.92333728e+01]
 [1.00000000e+01 2.34826778e-16 0.00000000e+00 0.00000000e+00]]
['S4'] [[ 2.00000000e+00 -1.46081977e-17  0.00000000e+00  2.83688917e-01]
 [ 2.00000000e+00 -1.46081977e-17  0.00000000e+00  5.67377845e-01]
 [ 2.00000000e+00 -1.46081977e-17  0.00000000e+00  1.13475565e+00]
 [ 2.00000000e+00 -1.46081977e-17  0.00000000e+00  2.26951129e+00]
 [ 2.00000000e+00 -1.46081977e-17  0.00000000e+00  4.53902256e+00]
 [ 2.00000000e+00 -1.46081977e-17  0.00000000e+00  9.07804518e+00]
 [ 2.00000000e+00 -1.46081977e-17  0.00000000e+00  1.81560903e+01]
 [ 2.00000000e+00 -1.46081977e-17  0.00000000e+00  3.63121807e+01]
 [ 2.00000000e+00 -1.46081977e-17  0.00000000e+00  0.00000000e+00]
 [ 2.00000000e+00 -1.46081977e-17  0.00000000e+00  0.00000000e+00]]
['S5'] [[ 1.10000000e+01 -7.85190626e-17  1.00000000e+00  1.86337656e-01]
 [ 1.00000000e+00  1.86984930e-16  0.00000000e+00  1.78391907e-01]
 [ 1.00000000e+00  1.86984930e-16  0.00000000e+00  3.56783780e-01]
 [ 1.00000000e+00  1.86984930e-16  0.00000000e+00  7.13567600e-01]
 [ 1.00000000e+00  1.86984930e-16  0.00000000e+00  1.42713519e+00]
 [ 1.00000000e+00  1.86984930e-16  0.00000000e+00  2.85427037e+00]
 [ 1.00000000e+00  1.86984930e-16  0.00000000e+00  5.70854068e+00]
 [ 1.00000000e+00  1.86984930e-16  0.00000000e+00  1.14170814e+01]
 [ 1.00000000e+00  1.86984930e-16  0.00000000e+00  2.28341628e+01]
 [ 1.00000000e+00  1.86984930e-16  0.00000000e+00  4.56683626e+01]]
['S6'] [[ 7.00000000e+00 -8.32667268e-17  0.00000000e+00  2.55412812e-01]
 [ 7.00000000e+00 -8.32667268e-17  0.00000000e+00  5.10825664e-01]
 [ 7.00000000e+00 -8.32667268e-17  0.00000000e+00  1.02165128e+00]
 [ 7.00000000e+00 -8.32667268e-17  0.00000000e+00  2.04330252e+00]
 [ 7.00000000e+00 -8.32667268e-17  0.00000000e+00  4.08660509e+00]
 [ 7.00000000e+00 -8.32667268e-17  0.00000000e+00  8.17321020e+00]
 [ 7.00000000e+00 -8.32667268e-17  0.00000000e+00  1.63464204e+01]
 [ 7.00000000e+00 -8.32667268e-17  0.00000000e+00  3.26928407e+01]
 [ 7.00000000e+00 -8.32667268e-17  0.00000000e+00  0.00000000e+00]
 [ 7.00000000e+00 -8.32667268e-17  0.00000000e+00  0.00000000e+00]]
['S7'] [[ 7.00000000e+00 -8.32667268e-17  0.00000000e+00  2.83688917e-01]
 [ 7.00000000e+00 -8.32667268e-17  0.00000000e+00  5.67377804e-01]
 [ 7.00000000e+00 -8.32667268e-17  0.00000000e+00  1.13475561e+00]
 [ 7.00000000e+00 -8.32667268e-17  0.00000000e+00  2.26951120e+00]
 [ 7.00000000e+00 -8.32667268e-17  0.00000000e+00  4.53902240e+00]
 [ 7.00000000e+00 -8.32667268e-17  0.00000000e+00  9.07804484e+00]
 [ 7.00000000e+00 -8.32667268e-17  0.00000000e+00  1.81560897e+01]
 [ 7.00000000e+00 -8.32667268e-17  0.00000000e+00  3.63121793e+01]
 [ 7.00000000e+00 -8.32667268e-17  0.00000000e+00  0.00000000e+00]
 [ 7.00000000e+00 -8.32667268e-17  0.00000000e+00  0.00000000e+00]]
['S8'] [[ 2.00000000e+00 -1.46081977e-17  0.00000000e+00  2.83688917e-01]
 [ 2.00000000e+00 -1.46081977e-17  0.00000000e+00  5.67377804e-01]
 [ 2.00000000e+00 -1.46081977e-17  0.00000000e+00  1.13475565e+00]
 [ 2.00000000e+00 -1.46081977e-17  0.00000000e+00  2.26951129e+00]
 [ 2.00000000e+00 -1.46081977e-17  0.00000000e+00  4.53902259e+00]
 [ 2.00000000e+00 -1.46081977e-17  0.00000000e+00  9.07804518e+00]
 [ 2.00000000e+00 -1.46081977e-17  0.00000000e+00  1.81560903e+01]
 [ 2.00000000e+00 -1.46081977e-17  0.00000000e+00  3.63121806e+01]
 [ 2.00000000e+00 -1.46081977e-17  0.00000000e+00  0.00000000e+00]
 [ 2.00000000e+00 -1.46081977e-17  0.00000000e+00  0.00000000e+00]]
['S9'] [[ 3.00000000e+00 -6.13544303e-17  0.00000000e+00  1.99992782e-01]
 [ 3.00000000e+00 -6.13544303e-17  0.00000000e+00  3.99985594e-01]
 [ 3.00000000e+00 -6.13544303e-17  0.00000000e+00  7.99971179e-01]
 [ 3.00000000e+00 -6.13544303e-17  0.00000000e+00  1.59994242e+00]
 [ 3.00000000e+00 -6.13544303e-17  0.00000000e+00  3.19988479e+00]
 [ 3.00000000e+00 -6.13544303e-17  0.00000000e+00  6.39976960e+00]
 [ 3.00000000e+00 -6.13544303e-17  0.00000000e+00  1.27995392e+01]
 [ 3.00000000e+00 -6.13544303e-17  0.00000000e+00  2.55990784e+01]
 [ 3.00000000e+00 -6.13544303e-17  0.00000000e+00  0.00000000e+00]
 [ 3.00000000e+00 -6.13544303e-17  0.00000000e+00  0.00000000e+00]]
