['Gerhard Schroeder'] [[4.00000000e+00 2.74912368e-17 0.00000000e+00 3.25293696e-01]
 [4.00000000e+00 2.74912368e-17 0.00000000e+00 6.50587440e-01]
 [4.00000000e+00 2.74912368e-17 0.00000000e+00 1.30117494e+00]
 [4.00000000e+00 2.74912368e-17 0.00000000e+00 2.60234985e+00]
 [4.00000000e+00 2.74912368e-17 0.00000000e+00 5.20469969e+00]
 [4.00000000e+00 2.74912368e-17 0.00000000e+00 1.04093994e+01]
 [4.00000000e+00 2.74912368e-17 0.00000000e+00 2.08187988e+01]
 [4.00000000e+00 2.74912368e-17 0.00000000e+00 4.16375976e+01]
 [4.00000000e+00 2.74912368e-17 0.00000000e+00 0.00000000e+00]
 [4.00000000e+00 2.74912368e-17 0.00000000e+00 0.00000000e+00]]
['Jacques Chirac'] [[7.00000000e+00 9.35098559e-17 0.00000000e+00 4.12361742e-01]
 [7.00000000e+00 9.35098559e-17 0.00000000e+00 8.24723512e-01]
 [7.00000000e+00 9.35098559e-17 0.00000000e+00 1.64944704e+00]
 [7.00000000e+00 9.35098559e-17 0.00000000e+00 3.29889405e+00]
 [7.00000000e+00 9.35098559e-17 0.00000000e+00 6.59778811e+00]
 [7.00000000e+00 9.35098559e-17 0.00000000e+00 1.31955762e+01]
 [7.00000000e+00 9.35098559e-17 0.00000000e+00 2.63911524e+01]
 [7.00000000e+00 9.35098559e-17 0.00000000e+00 0.00000000e+00]
 [7.00000000e+00 9.35098559e-17 0.00000000e+00 0.00000000e+00]
 [7.00000000e+00 9.35098559e-17 0.00000000e+00 0.00000000e+00]]
['Jean Chretien'] [[ 0.00000000e+00 -4.22942105e-17  0.00000000e+00  3.46573568e-01]
 [ 0.00000000e+00 -4.22942105e-17  0.00000000e+00  6.93147171e-01]
 [ 0.00000000e+00 -4.22942105e-17  0.00000000e+00  1.38629433e+00]
 [ 0.00000000e+00 -4.22942105e-17  0.00000000e+00  2.77258869e+00]
 [ 0.00000000e+00 -4.22942105e-17  0.00000000e+00  5.54517736e+00]
 [ 0.00000000e+00 -4.22942105e-17  0.00000000e+00  1.10903547e+01]
 [ 0.00000000e+00 -4.22942105e-17  0.00000000e+00  2.21807094e+01]
 [ 0.00000000e+00 -4.22942105e-17  0.00000000e+00  4.43614165e+01]
 [ 0.00000000e+00 -4.22942105e-17  0.00000000e+00  0.00000000e+00]
 [ 0.00000000e+00 -4.22942105e-17  0.00000000e+00  0.00000000e+00]]
['Junichiro Koizumi'] [[3.00000000e+00 4.22942105e-18 0.00000000e+00 4.81718722e-01]
 [3.00000000e+00 4.22942105e-18 0.00000000e+00 9.63437489e-01]
 [3.00000000e+00 4.22942105e-18 0.00000000e+00 1.92687495e+00]
 [3.00000000e+00 4.22942105e-18 0.00000000e+00 3.85374993e+00]
 [3.00000000e+00 4.22942105e-18 0.00000000e+00 7.70749982e+00]
 [3.00000000e+00 4.22942105e-18 0.00000000e+00 1.54149997e+01]
 [3.00000000e+00 4.22942105e-18 0.00000000e+00 3.08299993e+01]
 [3.00000000e+00 4.22942105e-18 0.00000000e+00 0.00000000e+00]
 [3.00000000e+00 4.22942105e-18 0.00000000e+00 0.00000000e+00]
 [3.00000000e+00 4.22942105e-18 0.00000000e+00 0.00000000e+00]]
['Serena Williams'] [[ 0.00000000e+00 -4.22942105e-17  0.00000000e+00  5.30435942e-01]
 [ 0.00000000e+00 -4.22942105e-17  0.00000000e+00  1.06087189e+00]
 [ 0.00000000e+00 -4.22942105e-17  0.00000000e+00  2.12174379e+00]
 [ 0.00000000e+00 -4.22942105e-17  0.00000000e+00  4.24348758e+00]
 [ 0.00000000e+00 -4.22942105e-17  0.00000000e+00  8.48697518e+00]
 [ 0.00000000e+00 -4.22942105e-17  0.00000000e+00  1.69739503e+01]
 [ 0.00000000e+00 -4.22942105e-17  0.00000000e+00  3.39479007e+01]
 [ 0.00000000e+00 -4.22942105e-17  0.00000000e+00  0.00000000e+00]
 [ 0.00000000e+00 -4.22942105e-17  0.00000000e+00  0.00000000e+00]
 [ 0.00000000e+00 -4.22942105e-17  0.00000000e+00  0.00000000e+00]]
