['Gerhard Schroeder'] [[6.27600000e+03 1.17224488e-02 0.00000000e+00 6.63899025e-01]
 [6.27600000e+03 1.17224488e-02 0.00000000e+00 1.32779816e+00]
 [6.27600000e+03 1.17224488e-02 0.00000000e+00 2.65559627e+00]
 [6.27600000e+03 1.17224488e-02 0.00000000e+00 5.31119249e+00]
 [6.27600000e+03 1.17224488e-02 0.00000000e+00 1.06223850e+01]
 [6.27600000e+03 1.17224488e-02 0.00000000e+00 2.12447701e+01]
 [6.27600000e+03 1.17224488e-02 0.00000000e+00 4.24895402e+01]
 [6.27600000e+03 1.17224488e-02 0.00000000e+00 0.00000000e+00]
 [6.27600000e+03 1.17224488e-02 0.00000000e+00 0.00000000e+00]
 [6.27600000e+03 1.17224488e-02 0.00000000e+00 0.00000000e+00]]
['Jacques Chirac'] [[3.52100000e+03 4.66323914e-02 0.00000000e+00 8.95879648e-01]
 [3.52100000e+03 4.66323914e-02 0.00000000e+00 1.79175939e+00]
 [3.52100000e+03 4.66323914e-02 0.00000000e+00 3.58351876e+00]
 [3.52100000e+03 4.66323914e-02 0.00000000e+00 7.16703750e+00]
 [3.52100000e+03 4.66323914e-02 0.00000000e+00 1.43340750e+01]
 [3.52100000e+03 4.66323914e-02 0.00000000e+00 2.86681500e+01]
 [3.52100000e+03 4.66323914e-02 0.00000000e+00 0.00000000e+00]
 [3.52100000e+03 4.66323914e-02 0.00000000e+00 0.00000000e+00]
 [3.52100000e+03 4.66323914e-02 0.00000000e+00 0.00000000e+00]
 [3.52100000e+03 4.66323914e-02 0.00000000e+00 0.00000000e+00]]
['Jean Chretien'] [[1.21000000e+02 7.94803885e-03 0.00000000e+00 9.78419575e-01]
 [1.21000000e+02 7.94803885e-03 0.00000000e+00 1.95683919e+00]
 [1.21000000e+02 7.94803885e-03 0.00000000e+00 3.91367841e+00]
 [1.21000000e+02 7.94803885e-03 0.00000000e+00 7.82735681e+00]
 [1.21000000e+02 7.94803885e-03 0.00000000e+00 1.56547136e+01]
 [1.21000000e+02 7.94803885e-03 0.00000000e+00 3.13094272e+01]
 [1.21000000e+02 7.94803885e-03 0.00000000e+00 0.00000000e+00]
 [1.21000000e+02 7.94803885e-03 0.00000000e+00 0.00000000e+00]
 [1.21000000e+02 7.94803885e-03 0.00000000e+00 0.00000000e+00]
 [1.21000000e+02 7.94803885e-03 0.00000000e+00 0.00000000e+00]]
['Junichiro Koizumi'] [[3.90000000e+01 2.12539165e-03 0.00000000e+00 7.87768111e-01]
 [3.90000000e+01 2.12539165e-03 0.00000000e+00 1.57553628e+00]
 [3.90000000e+01 2.12539165e-03 0.00000000e+00 3.15107259e+00]
 [3.90000000e+01 2.12539165e-03 0.00000000e+00 6.30214516e+00]
 [3.90000000e+01 2.12539165e-03 0.00000000e+00 1.26042903e+01]
 [3.90000000e+01 2.12539165e-03 0.00000000e+00 2.52085807e+01]
 [3.90000000e+01 2.12539165e-03 0.00000000e+00 5.01942791e+01]
 [3.90000000e+01 2.12539165e-03 0.00000000e+00 0.00000000e+00]
 [3.90000000e+01 2.12539165e-03 0.00000000e+00 0.00000000e+00]
 [3.90000000e+01 2.12539165e-03 0.00000000e+00 0.00000000e+00]]
['Serena Williams'] [[19.          0.05236376  0.          1.18356174]
 [19.          0.05236376  0.          2.36712354]
 [19.          0.05236376  0.          4.73424708]
 [19.          0.05236376  0.          9.46849416]
 [19.          0.05236376  0.         18.93698837]
 [19.          0.05236376  0.         37.87397675]
 [19.          0.05236376  0.          0.        ]
 [19.          0.05236376  0.          0.        ]
 [19.          0.05236376  0.          0.        ]
 [19.          0.05236376  0.          0.        ]]
